NODES,20
1,1
2,2
3,3
4,4
5,5
6,6
7,7
8,8
9,9
10,10
11,11
12,12
13,13
14,14
15,15
16,16
17,17
18,18
19,19
20,20
ARCS,120
0,1,2,100,10399,10631,18908,9454
1,1,16,38,9775,323,17773,5332
2,1,11,33,7591,533,13802,4141
3,1,19,60,7279,188,13235,6618
4,1,17,11,7383,399,13424,6712
5,1,14,12,8007,381,14559,7280
6,2,3,100,10399,10631,18908,5673
7,2,9,13,8735,574,15882,4765
8,2,11,59,3952,527,7186,719
9,2,18,96,8839,246,16071,3215
10,3,4,100,10399,10631,18908,7564
11,3,1,31,3432,299,6240,624
12,3,7,59,4056,393,7375,738
13,3,15,18,6967,77,12668,2534
14,3,12,56,4888,475,8888,889
15,4,5,100,10399,10631,18908,1891
16,4,15,45,7487,293,13613,2723
17,4,14,39,4160,527,7564,3782
18,4,3,13,8007,457,14559,7280
19,4,19,42,5096,451,9266,1854
20,5,6,100,10399,10631,18908,9454
21,5,1,33,9151,445,16639,3328
22,5,2,72,7383,223,13424,5370
23,5,8,10,3952,469,7186,2156
24,5,11,58,9775,328,17773,8887
25,6,7,100,10399,10631,18908,7564
26,6,8,81,4576,223,8320,3328
27,6,18,42,6240,188,11346,3404
28,6,15,18,9255,276,16828,6732
29,6,17,79,9879,153,17962,3593
30,7,8,100,10399,10631,18908,1891
31,7,13,34,8111,252,14748,1475
32,7,16,47,3016,580,5484,2742
33,7,11,80,6240,159,11346,5673
34,7,12,98,4056,65,7375,1475
35,7,18,86,6032,492,10968,2194
36,7,5,29,10295,170,18719,3744
37,7,19,36,4264,94,7753,1551
38,7,3,88,9567,112,17395,5219
39,8,9,100,10399,10631,18908,9454
40,8,15,56,7903,282,14370,4311
41,8,2,69,8631,188,15693,4708
42,8,20,58,3432,463,6240,3120
43,9,10,100,10399,10631,18908,1891
44,9,6,64,3328,200,6051,3026
45,9,16,62,9463,475,17206,6883
46,9,20,79,8527,176,15504,4652
47,9,19,26,7383,369,13424,2685
48,9,13,29,5408,159,9833,1967
49,9,8,88,1040,475,1891,946
50,10,11,100,10399,10631,18908,1891
51,10,4,32,4160,77,7564,2270
52,10,1,35,7071,352,12857,6429
53,10,17,37,7279,159,13235,6618
54,10,16,25,8423,346,15315,3063
55,11,12,100,10399,10631,18908,1891
56,11,2,91,6552,504,11913,2383
57,11,9,70,2080,522,3782,1891
58,11,1,82,2392,59,4350,435
59,12,13,100,10399,10631,18908,7564
60,12,9,60,2912,264,5295,1589
61,12,15,19,5512,346,10022,2005
62,12,10,10,2288,293,4160,2080
63,12,16,41,9567,328,17395,5219
64,12,17,41,8215,235,14937,5975
65,12,7,35,2392,428,4350,870
66,13,14,100,10399,10631,18908,7564
67,13,17,56,5096,147,9266,927
68,13,9,18,5304,112,9644,4822
69,13,5,45,4264,311,7753,1551
70,13,20,29,2496,568,4539,454
71,14,15,100,10399,10631,18908,7564
72,14,3,93,2496,340,4539,908
73,14,20,49,7279,422,13235,5294
74,14,7,90,3016,176,5484,2194
75,14,2,81,8527,170,15504,3101
76,14,9,26,4888,364,8888,4444
77,14,17,83,5720,463,10400,4160
78,15,16,100,10399,10631,18908,7564
79,15,3,64,1560,141,2837,852
80,15,10,13,7383,170,13424,5370
81,15,11,97,6863,182,12479,2496
82,15,9,72,4472,475,8131,4066
83,15,20,72,4056,563,7375,1475
84,16,17,100,10399,10631,18908,7564
85,16,15,39,7071,469,12857,5143
86,16,8,30,4576,416,8320,3328
87,16,19,42,5408,118,9833,2950
88,16,1,18,7383,211,13424,4028
89,16,9,64,2808,235,5106,511
90,17,18,100,10399,10631,18908,5673
91,17,9,84,4264,557,7753,776
92,17,10,78,5720,147,10400,2080
93,17,3,33,4888,469,8888,3556
94,17,12,78,9255,229,16828,1683
95,18,19,100,10399,10631,18908,3782
96,18,9,42,3640,311,6619,662
97,18,14,86,7071,551,12857,3858
98,18,13,35,8007,457,14559,4368
99,18,16,26,7279,252,13235,3971
100,18,17,45,9983,65,18151,3631
101,18,7,75,7383,364,13424,5370
102,18,12,27,5824,270,10590,3177
103,18,3,41,4888,182,8888,889
104,18,8,44,1664,352,3026,1211
105,19,20,100,10399,10631,18908,3782
106,19,9,83,2600,194,4728,946
107,19,12,96,3848,82,6997,1400
108,19,15,89,6863,153,12479,6240
109,19,4,94,5408,463,9833,4917
110,19,1,76,2808,235,5106,2553
111,20,1,100,10399,10631,18908,7564
112,20,19,97,4992,246,9077,2724
113,20,12,48,7591,270,13802,1381
114,20,5,41,6136,369,11157,4463
115,20,4,73,4368,246,7942,1589
116,20,18,70,3120,492,5673,1702
117,20,13,37,2184,200,3971,1192
118,20,14,77,3432,463,6240,2496
119,20,11,98,5928,147,10779,4312
COMMODITIES,200
0,5,2,71,20055.0,37697.0,0.064,8
1,8,16,32,11202.0,38351.0,0.029,5
2,7,16,78,17086.0,26864.0,0.070,9
3,7,9,40,17699.0,31486.0,0.036,5
4,4,3,53,14933.0,32098.0,0.048,7
5,9,1,80,13995.0,36727.0,0.072,9
6,3,5,57,18704.0,49488.0,0.051,7
7,14,8,72,18709.0,32916.0,0.064,8
8,3,7,57,18799.0,29447.0,0.051,7
9,11,5,73,18936.0,45511.0,0.065,8
10,18,4,36,16233.0,37713.0,0.032,5
11,2,5,22,13776.0,45942.0,0.020,4
12,20,13,93,15174.0,24745.0,0.083,10
13,10,12,95,13068.0,41751.0,0.085,10
14,15,14,27,16186.0,33548.0,0.024,4
15,10,11,37,19117.0,42064.0,0.033,5
16,6,15,33,21334.0,41330.0,0.030,5
17,11,19,94,17582.0,38936.0,0.084,10
18,10,5,19,16442.0,47727.0,0.017,3
19,5,6,59,11191.0,34207.0,0.053,7
20,7,18,17,10796.0,25145.0,0.016,3
21,17,2,91,17711.0,46681.0,0.081,10
22,3,4,53,14102.0,37092.0,0.048,7
23,20,19,73,16204.0,29414.0,0.065,8
24,5,16,55,15021.0,49630.0,0.049,7
25,4,19,71,17387.0,32958.0,0.064,8
26,6,1,92,16727.0,46766.0,0.082,10
27,9,15,32,12778.0,33489.0,0.029,5
28,12,15,46,18794.0,32905.0,0.041,6
29,1,9,69,18042.0,39883.0,0.062,8
30,17,18,27,21232.0,43943.0,0.024,4
31,19,12,36,19388.0,30826.0,0.032,5
32,9,2,37,17694.0,39510.0,0.033,5
33,14,19,13,17015.0,34547.0,0.012,3
34,12,17,71,11835.0,30905.0,0.064,8
35,20,16,15,11600.0,33319.0,0.014,3
36,15,1,48,18516.0,31485.0,0.043,6
37,13,9,71,19336.0,34190.0,0.064,8
38,2,18,96,19326.0,39421.0,0.086,11
39,9,18,30,15401.0,32766.0,0.027,4
40,11,20,63,19166.0,33606.0,0.056,7
41,1,7,75,15114.0,40568.0,0.067,9
42,2,8,13,15227.0,32632.0,0.012,3
43,6,4,76,14752.0,42183.0,0.068,9
44,19,11,83,17310.0,40223.0,0.074,9
45,3,16,24,15889.0,32444.0,0.022,4
46,5,19,26,19183.0,46801.0,0.024,4
47,4,2,10,16582.0,44601.0,0.009,3
48,9,20,27,19462.0,31384.0,0.024,4
49,10,1,72,15732.0,33216.0,0.064,8
50,13,12,18,18056.0,41314.0,0.016,3
51,7,3,71,17882.0,38971.0,0.064,8
52,15,11,47,16734.0,33427.0,0.042,6
53,18,9,15,13966.0,24334.0,0.014,3
54,14,1,92,18152.0,34288.0,0.082,10
55,13,20,17,14219.0,23749.0,0.016,3
56,7,10,58,17954.0,33857.0,0.052,7
57,14,18,24,21860.0,41035.0,0.022,4
58,11,1,69,11978.0,21397.0,0.062,8
59,13,18,12,14642.0,29050.0,0.011,3
60,6,9,98,19107.0,41369.0,0.088,11
61,15,12,58,16425.0,32252.0,0.052,7
62,2,9,63,13089.0,28364.0,0.056,7
63,13,5,56,15762.0,28860.0,0.050,7
64,16,6,48,16733.0,31760.0,0.043,6
65,9,5,86,16626.0,38308.0,0.077,10
66,19,18,31,19595.0,41570.0,0.028,4
67,19,4,78,15296.0,28769.0,0.070,9
68,19,14,20,17307.0,38238.0,0.018,3
69,13,19,78,17978.0,35386.0,0.070,9
70,16,9,34,13673.0,22687.0,0.031,5
71,9,12,92,15865.0,40033.0,0.082,10
72,13,1,40,13838.0,37729.0,0.036,5
73,5,4,20,14431.0,42168.0,0.018,3
74,10,14,43,17823.0,37546.0,0.039,6
75,20,18,33,13136.0,22442.0,0.030,5
76,12,1,77,15735.0,36706.0,0.069,9
77,14,10,69,22971.0,43733.0,0.062,8
78,3,10,24,14190.0,31639.0,0.022,4
79,17,11,51,21930.0,52653.0,0.046,6
80,13,4,63,19234.0,36188.0,0.056,7
81,12,5,85,14822.0,43145.0,0.076,10
82,3,20,55,16706.0,41013.0,0.049,7
83,6,2,51,17298.0,45520.0,0.046,6
84,10,15,24,18279.0,43160.0,0.022,4
85,4,9,44,13393.0,32178.0,0.040,6
86,11,17,74,21008.0,42029.0,0.066,8
87,6,20,71,14074.0,32152.0,0.064,8
88,17,1,13,15653.0,35009.0,0.012,3
89,6,5,32,15947.0,45504.0,0.029,5
90,6,16,57,12974.0,42107.0,0.051,7
91,4,20,40,19556.0,43998.0,0.036,5
92,11,4,30,12796.0,35668.0,0.027,4
93,18,19,77,16826.0,39208.0,0.069,9
94,20,3,63,17786.0,32080.0,0.056,7
95,3,18,85,18268.0,39933.0,0.076,10
96,16,8,52,15821.0,28075.0,0.047,6
97,1,18,10,16682.0,53540.0,0.009,3
98,7,15,35,16634.0,39017.0,0.032,5
99,18,14,12,18886.0,36224.0,0.011,3
100,4,7,45,19282.0,36955.0,0.040,6
101,17,12,94,16883.0,38261.0,0.084,10
102,19,8,97,21852.0,32880.0,0.087,11
103,6,3,46,16078.0,40003.0,0.041,6
104,20,9,74,20514.0,36310.0,0.066,8
105,3,15,78,21391.0,38107.0,0.070,9
106,19,7,47,18054.0,34414.0,0.042,6
107,15,9,28,16599.0,29158.0,0.025,4
108,12,4,93,17382.0,34072.0,0.083,10
109,5,17,15,14410.0,43631.0,0.014,3
110,5,1,59,21484.0,42594.0,0.053,7
111,14,15,94,11875.0,33969.0,0.084,10
112,10,9,51,19898.0,45159.0,0.046,6
113,12,11,36,15854.0,35673.0,0.032,5
114,17,8,41,14306.0,28553.0,0.037,5
115,15,17,18,15859.0,40894.0,0.016,3
116,13,3,44,8235.0,27903.0,0.040,6
117,9,17,16,16152.0,37533.0,0.015,3
118,12,8,33,17825.0,29767.0,0.030,5
119,16,7,87,11627.0,36836.0,0.078,10
120,12,19,19,19507.0,35683.0,0.017,3
121,1,6,47,16214.0,43098.0,0.042,6
122,1,10,65,15921.0,43156.0,0.058,8
123,8,14,86,16083.0,32890.0,0.077,10
124,10,2,47,16844.0,51046.0,0.042,6
125,6,18,35,15719.0,30670.0,0.032,5
126,18,20,69,16806.0,30736.0,0.062,8
127,8,11,88,19191.0,40578.0,0.079,10
128,3,9,60,18072.0,35637.0,0.054,7
129,17,5,38,21117.0,50960.0,0.034,5
130,14,12,60,19053.0,35902.0,0.054,7
131,17,6,31,17005.0,35179.0,0.028,4
132,4,13,82,20771.0,48029.0,0.073,9
133,6,13,48,15003.0,36585.0,0.043,6
134,5,15,11,18754.0,44957.0,0.010,3
135,11,9,98,17345.0,26405.0,0.088,11
136,15,7,41,15779.0,30190.0,0.037,5
137,18,1,29,19990.0,39084.0,0.026,4
138,3,2,54,17501.0,46640.0,0.048,7
139,20,10,67,13330.0,35648.0,0.060,8
140,7,1,87,13902.0,29944.0,0.078,10
141,7,4,61,10188.0,31366.0,0.055,7
142,10,18,87,22584.0,58411.0,0.078,10
143,5,9,33,13456.0,38644.0,0.030,5
144,4,16,92,10610.0,33234.0,0.082,10
145,8,3,46,16205.0,38279.0,0.041,6
146,20,15,78,18862.0,44364.0,0.070,9
147,19,6,78,15346.0,29634.0,0.070,9
148,17,13,81,16670.0,39573.0,0.072,9
149,17,3,50,13364.0,27082.0,0.045,6
150,15,13,63,16637.0,32805.0,0.056,7
151,13,16,96,12897.0,39564.0,0.086,11
152,13,10,66,17542.0,41561.0,0.059,8
153,11,16,59,20884.0,47209.0,0.053,7
154,14,7,38,16874.0,26895.0,0.034,5
155,4,12,72,16095.0,36198.0,0.064,8
156,11,12,80,15137.0,37687.0,0.072,9
157,8,15,32,15727.0,34641.0,0.029,5
158,12,16,58,18174.0,31442.0,0.052,7
159,15,6,81,9079.0,27878.0,0.072,9
160,14,9,66,16573.0,29426.0,0.059,8
161,3,19,62,21133.0,40413.0,0.056,7
162,17,15,73,13816.0,39672.0,0.065,8
163,1,15,37,20001.0,49584.0,0.033,5
164,6,19,93,19988.0,48862.0,0.083,10
165,19,2,97,17032.0,43251.0,0.087,11
166,7,2,34,11603.0,39078.0,0.031,5
167,2,7,11,14864.0,44512.0,0.010,3
168,16,13,39,19541.0,37751.0,0.035,5
169,5,12,87,13369.0,44688.0,0.078,10
170,18,2,35,21630.0,44504.0,0.032,5
171,12,2,13,15418.0,42567.0,0.012,3
172,5,11,14,16000.0,36742.0,0.013,3
173,2,6,77,15895.0,35386.0,0.069,9
174,9,6,38,17120.0,28167.0,0.034,5
175,18,5,29,17358.0,40826.0,0.026,4
176,16,5,71,21647.0,49337.0,0.064,8
177,10,13,67,10991.0,45641.0,0.060,8
178,11,2,74,12229.0,28325.0,0.066,8
179,3,14,60,18919.0,45847.0,0.054,7
180,14,2,78,19194.0,39460.0,0.070,9
181,3,12,47,16733.0,29715.0,0.042,6
182,12,9,31,20334.0,30006.0,0.028,4
183,15,20,10,12928.0,23592.0,0.009,3
184,20,14,24,13768.0,24593.0,0.022,4
185,20,6,46,17716.0,40108.0,0.041,6
186,16,3,76,14930.0,35255.0,0.068,9
187,1,12,80,16440.0,40345.0,0.072,9
188,15,16,19,19216.0,38939.0,0.017,3
189,13,8,14,13429.0,29461.0,0.013,3
190,18,7,66,17040.0,35057.0,0.059,8
191,8,17,92,17634.0,40519.0,0.082,10
192,10,19,15,19829.0,40838.0,0.014,3
193,8,10,80,17029.0,44216.0,0.072,9
194,11,3,97,16402.0,43641.0,0.087,11
195,14,11,28,14800.0,35513.0,0.025,4
196,12,13,51,14363.0,34464.0,0.046,6
197,18,10,26,15731.0,34865.0,0.024,4
198,15,5,12,15883.0,38245.0,0.011,3
199,16,10,18,16899.0,41084.0,0.016,3
horizon
