NODES,25
INDEX,Name,X-coordinate,Y-coordinate
0,0,-,-
1,1,-,-
2,2,-,-
3,3,-,-
4,4,-,-
5,5,-,-
6,6,-,-
7,7,-,-
8,8,-,-
9,9,-,-
10,10,-,-
11,11,-,-
12,12,-,-
13,13,-,-
14,14,-,-
15,15,-,-
16,16,-,-
17,17,-,-
18,18,-,-
19,19,-,-
20,20,-,-
21,21,-,-
22,22,-,-
23,23,-,-
24,24,-,-
ARCS,529
Index,Origin,Destination,Variable Cost,Fixed Cost,Capacity,Travel time
0,0,1,0,117.8,1,5
1,1,0,0,117.8,1,5
2,1,2,0,234.05,1,7
3,1,3,0,260.4,1,8
4,1,4,0,175.15,1,6
5,1,5,0,486.7,1,15
6,1,6,0,323.95,1,9
7,1,8,0,323.95,1,9
8,1,9,0,447.95,1,12
9,1,10,0,883.5,1,26
10,1,11,0,255.75,1,8
11,1,12,0,387.5,1,10
12,1,13,0,489.8,1,14
13,1,14,0,525.45,1,16
14,1,15,0,1002.85,1,24
15,1,16,0,252.65,1,8
16,1,17,0,545.6,1,16
17,1,18,0,680.45,1,18
18,1,19,0,503.75,1,13
19,1,20,0,358.05,1,10
20,1,21,0,409.2,1,11
21,1,22,0,266.6,1,8
22,1,23,0,699.05,1,18
23,1,24,0,903.65,1,24
24,2,1,0,234.05,1,7
25,3,1,0,260.4,1,8
26,3,4,0,230.95,1,8
27,3,8,0,311.55,1,9
28,3,12,0,144.15,1,5
29,3,13,0,661.85,1,20
30,3,14,0,418.5,1,11
31,3,16,0,151.9,1,5
32,3,19,0,396.8,1,11
33,3,21,0,469.65,1,14
34,3,22,0,429.35,1,13
35,4,1,0,175.15,1,6
36,4,3,0,230.95,1,8
37,5,1,0,486.7,1,15
38,5,13,0,367.35,1,10
39,6,1,0,323.95,1,9
40,6,13,0,430.9,1,11
41,7,1,0,103.85,1,4
42,8,1,0,323.95,1,9
43,8,3,0,311.55,1,9
44,8,13,0,415.4,1,11
45,8,16,0,161.2,1,6
46,8,21,0,158.1,1,5
47,9,1,0,447.95,1,12
48,10,1,0,891.25,1,23
49,10,23,0,192.2,1,6
50,11,1,0,255.75,1,8
51,11,13,0,592.1,1,16
52,12,1,0,387.5,1,10
53,12,3,0,144.15,1,5
54,13,1,0,489.8,1,13
55,13,3,0,669.6,1,22
56,13,5,0,367.35,1,10
57,13,6,0,430.9,1,12
58,13,10,0,483.6,1,12
59,13,11,0,596.75,1,17
60,13,15,0,553.35,1,14
61,13,17,0,176.7,1,6
62,13,18,0,248,1,7
63,13,19,0,573.5,1,16
64,13,20,0,198.4,1,6
65,13,21,0,275.9,1,8
66,13,22,0,232.5,1,7
67,13,23,0,323.95,1,9
68,13,24,0,449.5,1,11
69,14,1,0,525.45,1,16
70,14,3,0,418.5,1,11
71,14,19,0,111.6,1,4
72,14,21,0,384.4,1,10
73,15,1,0,1002.85,1,24
74,15,13,0,553.35,1,16
75,15,18,0,350.3,1,10
76,15,21,0,747.1,1,20
77,15,23,0,412.3,1,11
78,16,1,0,252.65,1,8
79,16,3,0,151.9,1,5
80,16,8,0,161.2,1,6
81,16,13,0,581.25,1,17
82,16,21,0,305.35,1,9
83,17,1,0,544.05,1,14
84,17,13,0,176.7,1,6
85,17,18,0,127.1,1,5
86,17,21,0,292.95,1,8
87,18,1,0,666.5,1,17
88,18,10,0,308.45,1,10
89,18,13,0,248,1,7
90,18,15,0,350.3,1,10
91,18,17,0,127.1,1,5
92,18,19,0,719.2,1,19
93,18,21,0,421.6,1,11
94,18,22,0,421.6,1,13
95,18,23,0,116.25,1,4
96,18,24,0,237.15,1,7
97,19,1,0,503.75,1,13
98,19,3,0,396.8,1,11
99,19,8,0,240.25,1,7
100,19,14,0,111.6,1,4
101,19,21,0,297.6,1,8
102,20,1,0,358.05,1,10
103,20,13,0,198.4,1,6
104,20,23,0,522.35,1,15
105,21,1,0,409.2,1,11
106,21,3,0,458.8,1,13
107,21,8,0,158.1,1,5
108,21,13,0,275.9,1,8
109,21,14,0,384.4,1,10
110,21,15,0,829.25,1,22
111,21,17,0,292.95,1,8
112,21,18,0,420.05,1,13
113,21,19,0,297.6,1,8
114,21,23,0,440.2,1,11
115,22,1,0,266.6,1,8
116,22,3,0,429.35,1,12
117,22,13,0,232.5,1,7
118,23,1,0,699.05,1,17
119,23,10,0,192.2,1,6
120,23,13,0,323.95,1,9
121,23,15,0,412.3,1,11
122,23,17,0,153.45,1,5
123,23,18,0,116.25,1,4
124,23,21,0,446.4,1,13
125,23,24,0,305.35,1,9
126,24,1,0,903.65,1,24
127,24,13,0,449.5,1,11
128,24,18,0,237.15,1,7
129,24,23,0,305.35,1,9
130,0,2,0,161.2,1,6
131,0,3,0,353.4,1,10
132,0,4,0,285.2,1,9
133,0,5,0,474.3,1,13
134,0,6,0,246.45,1,8
135,0,8,0,427.8,1,12
136,0,9,0,379.75,1,11
137,0,10,0,931.55,1,25
138,0,11,0,158.1,1,5
139,0,12,0,401.45,1,11
140,0,14,0,632.4,1,17
141,0,15,0,1063.3,1,28
142,0,16,0,367.35,1,11
143,0,17,0,596.75,1,16
144,0,18,0,717.65,1,19
145,0,19,0,615.35,1,17
146,0,20,0,361.15,1,10
147,0,21,0,444.85,1,13
148,0,22,0,297.6,1,9
149,0,23,0,739.35,1,20
150,0,24,0,957.9,1,25
151,1,7,0,103.85,1,4
152,2,0,0,161.2,1,6
153,2,3,0,480.5,1,13
154,2,4,0,409.2,1,12
155,2,5,0,257.3,1,8
156,2,6,0,110.05,1,4
157,2,8,0,412.3,1,12
158,2,9,0,229.4,1,7
159,2,10,0,872.65,1,23
160,2,11,0,182.9,1,6
161,2,12,0,582.8,1,16
162,2,13,0,390.6,1,11
163,2,14,0,790.5,1,21
164,2,15,0,940.85,1,25
165,2,16,0,475.85,1,13
166,2,17,0,568.85,1,16
167,2,18,0,638.6,1,17
168,2,19,0,643.25,1,17
169,2,20,0,207.7,1,7
170,2,21,0,424.7,1,12
171,2,22,0,308.45,1,9
172,2,23,0,716.1,1,19
173,2,24,0,847.85,1,23
174,3,0,0,353.4,1,10
175,3,2,0,480.5,1,13
176,3,6,0,554.9,1,15
177,3,9,0,685.1,1,18
178,3,10,0,995.1,1,26
179,3,11,0,477.4,1,13
180,3,15,0,1224.5,1,32
181,3,17,0,764.15,1,20
182,3,18,0,833.9,1,22
183,3,20,0,620,1,17
184,3,23,0,888.15,1,23
185,3,24,0,1108.25,1,29
186,4,0,0,285.2,1,9
187,4,2,0,409.2,1,12
188,4,6,0,494.45,1,14
189,4,7,0,75.95,1,3
190,4,8,0,142.6,1,5
191,4,9,0,624.65,1,17
192,4,10,0,838.55,1,22
193,4,11,0,406.1,1,12
194,4,12,0,331.7,1,9
195,4,13,0,427.8,1,12
196,4,14,0,410.75,1,12
197,4,15,0,970.3,1,26
198,4,16,0,147.25,1,5
199,4,17,0,503.75,1,14
200,4,18,0,624.65,1,17
201,4,19,0,390.6,1,11
202,4,20,0,413.85,1,12
203,4,21,0,263.5,1,8
204,4,22,0,204.6,1,7
205,4,23,0,646.35,1,18
206,4,24,0,861.8,1,23
207,5,0,0,474.3,1,13
208,5,2,0,257.3,1,8
209,5,6,0,161.2,1,5
210,5,9,0,198.4,1,6
211,5,11,0,320.85,1,9
212,5,18,0,660.3,1,16
213,5,20,0,178.25,1,6
214,5,23,0,720.75,1,19
215,6,0,0,246.45,1,8
216,6,2,0,110.05,1,4
217,6,3,0,554.9,1,15
218,6,4,0,494.45,1,14
219,6,5,0,161.2,1,5
220,6,8,0,637.05,1,17
221,6,9,0,141.05,1,5
222,6,10,0,939.3,1,25
223,6,11,0,165.85,1,5
224,6,12,0,623.1,1,17
225,6,14,0,840.1,1,22
226,6,15,0,982.7,1,26
227,6,16,0,576.6,1,16
228,6,17,0,615.35,1,17
229,6,18,0,685.1,1,18
230,6,19,0,824.6,1,22
231,6,20,0,243.35,1,7
232,6,21,0,593.65,1,16
233,6,22,0,446.4,1,13
234,6,23,0,761.05,1,20
235,6,24,0,877.3,1,23
236,7,3,0,246.45,1,8
237,7,4,0,75.95,1,3
238,8,0,0,427.8,1,12
239,8,2,0,412.3,1,12
240,8,4,0,142.6,1,5
241,8,6,0,637.05,1,17
242,8,9,0,767.25,1,21
243,8,10,0,714.55,1,19
244,8,11,0,545.6,1,15
245,8,12,0,460.35,1,13
246,8,14,0,328.6,1,10
247,8,15,0,883.5,1,23
248,8,17,0,427.8,1,12
249,8,18,0,542.5,1,15
250,8,19,0,240.25,1,7
251,8,20,0,444.85,1,13
252,8,22,0,203.05,1,7
253,8,23,0,536.3,1,15
254,8,24,0,801.35,1,21
255,9,0,0,379.75,1,11
256,9,2,0,229.4,1,7
257,9,3,0,685.1,1,18
258,9,4,0,624.65,1,17
259,9,5,0,198.4,1,6
260,9,6,0,141.05,1,5
261,9,8,0,767.25,1,21
262,9,10,0,1069.5,1,28
263,9,11,0,297.6,1,8
264,9,12,0,753.3,1,20
265,9,13,0,469.65,1,12
266,9,14,0,652.55,1,18
267,9,15,0,1112.9,1,29
268,9,16,0,706.8,1,19
269,9,17,0,646.35,1,18
270,9,18,0,711.45,1,18
271,9,19,0,954.8,1,25
272,9,20,0,279,1,8
273,9,21,0,723.85,1,19
274,9,22,0,576.6,1,16
275,9,23,0,891.25,1,24
276,9,24,0,1019.9,1,27
277,10,0,0,931.55,1,25
278,10,2,0,872.65,1,23
279,10,3,0,995.1,1,26
280,10,4,0,838.55,1,22
281,10,6,0,939.3,1,25
282,10,8,0,714.55,1,19
283,10,9,0,1069.5,1,28
284,10,11,0,1133.05,1,30
285,10,12,0,1086.55,1,28
286,10,13,0,483.6,1,12
287,10,14,0,970.3,1,26
288,10,15,0,224.75,1,7
289,10,16,0,872.65,1,23
290,10,17,0,334.8,1,9
291,10,18,0,306.9,1,9
292,10,19,0,909.85,1,24
293,10,20,0,714.55,1,19
294,10,21,0,623.1,1,16
295,10,22,0,623.1,1,17
296,10,24,0,286.75,1,8
297,11,0,0,158.1,1,5
298,11,2,0,182.9,1,6
299,11,3,0,477.4,1,13
300,11,4,0,406.1,1,12
301,11,5,0,320.85,1,9
302,11,6,0,165.85,1,5
303,11,8,0,545.6,1,15
304,11,9,0,297.6,1,9
305,11,10,0,1133.05,1,30
306,11,12,0,523.9,1,14
307,11,14,0,770.35,1,21
308,11,15,0,1112.9,1,29
309,11,16,0,488.25,1,14
310,11,17,0,798.25,1,21
311,11,18,0,832.35,1,21
312,11,19,0,748.65,1,20
313,11,20,0,406.1,1,11
314,11,21,0,649.45,1,18
315,11,22,0,499.1,1,14
316,11,23,0,852.5,1,23
317,11,24,0,1021.45,1,27
318,12,0,0,401.45,1,11
319,12,2,0,582.8,1,16
320,12,4,0,331.7,1,10
321,12,6,0,623.1,1,17
322,12,8,0,460.35,1,13
323,12,9,0,753.3,1,20
324,12,10,0,1086.55,1,28
325,12,11,0,523.9,1,14
326,12,13,0,776.55,1,20
327,12,14,0,550.25,1,15
328,12,15,0,1233.8,1,32
329,12,16,0,296.05,1,9
330,12,17,0,776.55,1,21
331,12,18,0,1038.5,1,27
332,12,19,0,523.9,1,14
333,12,20,0,637.05,1,17
334,12,21,0,554.9,1,15
335,12,22,0,556.45,1,15
336,12,23,0,919.15,1,24
337,12,24,0,1137.7,1,30
338,13,2,0,390.6,1,11
339,13,4,0,427.8,1,12
340,13,8,0,415.4,1,11
341,13,9,0,469.65,1,12
342,13,14,0,655.65,1,17
343,13,16,0,530.1,1,14
344,14,0,0,632.4,1,17
345,14,2,0,790.5,1,21
346,14,4,0,410.75,1,12
347,14,6,0,840.1,1,22
348,14,8,0,328.6,1,10
349,14,9,0,652.55,1,18
350,14,10,0,970.3,1,26
351,14,11,0,770.35,1,21
352,14,12,0,550.25,1,15
353,14,13,0,655.65,1,17
354,14,15,0,1106.7,1,28
355,14,16,0,272.8,1,8
356,14,17,0,671.15,1,18
357,14,18,0,798.25,1,20
358,14,20,0,852.5,1,23
359,14,22,0,527,1,15
360,14,23,0,818.4,1,20
361,14,24,0,995.1,1,26
362,15,0,0,1063.3,1,28
363,15,2,0,940.85,1,25
364,15,3,0,1224.5,1,32
365,15,4,0,970.3,1,26
366,15,6,0,982.7,1,26
367,15,8,0,883.5,1,23
368,15,9,0,1112.9,1,29
369,15,10,0,224.75,1,7
370,15,11,0,1112.9,1,29
371,15,12,0,1233.8,1,32
372,15,14,0,1106.7,1,28
373,15,16,0,1027.65,1,27
374,15,17,0,454.15,1,12
375,15,19,0,1023,1,27
376,15,20,0,757.95,1,19
377,15,22,0,733.15,1,19
378,15,24,0,110.05,1,4
379,16,0,0,367.35,1,11
380,16,2,0,475.85,1,13
381,16,4,0,147.25,1,5
382,16,6,0,576.6,1,16
383,16,7,0,155,1,5
384,16,9,0,706.8,1,19
385,16,10,0,872.65,1,23
386,16,11,0,488.25,1,14
387,16,12,0,296.05,1,8
388,16,14,0,272.8,1,8
389,16,15,0,1027.65,1,27
390,16,17,0,570.4,1,16
391,16,18,0,686.65,1,19
392,16,19,0,251.1,1,7
393,16,20,0,525.45,1,15
394,16,22,0,302.25,1,9
395,16,23,0,692.85,1,19
396,16,24,0,951.7,1,25
397,17,0,0,596.75,1,16
398,17,2,0,568.85,1,16
399,17,3,0,764.15,1,20
400,17,4,0,503.75,1,14
401,17,5,0,530.1,1,14
402,17,6,0,615.35,1,17
403,17,8,0,427.8,1,12
404,17,9,0,649.45,1,18
405,17,10,0,334.8,1,10
406,17,11,0,798.25,1,21
407,17,12,0,776.55,1,21
408,17,14,0,671.15,1,17
409,17,15,0,454.15,1,12
410,17,16,0,570.4,1,16
411,17,19,0,581.25,1,16
412,17,20,0,373.55,1,10
413,17,22,0,294.5,1,8
414,17,23,0,153.45,1,5
415,17,24,0,362.7,1,10
416,18,0,0,719.2,1,19
417,18,2,0,638.6,1,17
418,18,3,0,833.9,1,22
419,18,4,0,624.65,1,17
420,18,5,0,660.3,1,16
421,18,6,0,685.1,1,18
422,18,8,0,542.5,1,15
423,18,9,0,711.45,1,18
424,18,11,0,832.35,1,21
425,18,12,0,1038.5,1,27
426,18,14,0,798.25,1,21
427,18,16,0,686.65,1,19
428,18,20,0,438.65,1,12
429,19,0,0,615.35,1,17
430,19,2,0,643.25,1,17
431,19,4,0,390.6,1,11
432,19,6,0,824.6,1,22
433,19,9,0,954.8,1,25
434,19,10,0,909.85,1,24
435,19,11,0,748.65,1,20
436,19,12,0,523.9,1,14
437,19,13,0,565.75,1,14
438,19,15,0,1023,1,27
439,19,16,0,251.1,1,7
440,19,17,0,581.25,1,16
441,19,18,0,709.9,1,18
442,19,20,0,764.15,1,20
443,19,22,0,437.1,1,12
444,19,23,0,728.5,1,18
445,19,24,0,942.4,1,25
446,20,0,0,361.15,1,10
447,20,2,0,207.7,1,7
448,20,3,0,620,1,17
449,20,4,0,413.85,1,12
450,20,5,0,178.25,1,6
451,20,6,0,243.35,1,7
452,20,8,0,444.85,1,13
453,20,9,0,279,1,8
454,20,10,0,714.55,1,19
455,20,11,0,406.1,1,11
456,20,12,0,637.05,1,17
457,20,14,0,878.85,1,23
458,20,15,0,757.95,1,19
459,20,16,0,525.45,1,15
460,20,17,0,373.55,1,11
461,20,18,0,438.65,1,12
462,20,19,0,764.15,1,20
463,20,21,0,466.55,1,13
464,20,22,0,272.8,1,8
465,20,24,0,641.7,1,17
466,21,0,0,444.85,1,13
467,21,2,0,424.7,1,12
468,21,4,0,263.5,1,8
469,21,6,0,593.65,1,16
470,21,9,0,723.85,1,19
471,21,10,0,623.1,1,16
472,21,11,0,646.35,1,18
473,21,12,0,554.9,1,15
474,21,16,0,305.35,1,9
475,21,20,0,466.55,1,13
476,21,22,0,142.6,1,5
477,21,24,0,651,1,18
478,22,0,0,297.6,1,9
479,22,2,0,308.45,1,10
480,22,4,0,204.6,1,7
481,22,6,0,446.4,1,13
482,22,8,0,203.05,1,6
483,22,9,0,576.6,1,16
484,22,10,0,623.1,1,17
485,22,11,0,499.1,1,14
486,22,12,0,556.45,1,15
487,22,14,0,527,1,15
488,22,15,0,733.15,1,19
489,22,16,0,302.25,1,9
490,22,17,0,294.5,1,8
491,22,18,0,404.55,1,10
492,22,19,0,437.1,1,12
493,22,20,0,272.8,1,9
494,22,21,0,142.6,1,5
495,22,23,0,432.45,1,11
496,22,24,0,643.25,1,17
497,23,0,0,739.35,1,20
498,23,2,0,716.1,1,19
499,23,3,0,888.15,1,23
500,23,4,0,646.35,1,18
501,23,6,0,761.05,1,20
502,23,8,0,536.3,1,15
503,23,9,0,891.25,1,24
504,23,11,0,852.5,1,23
505,23,12,0,919.15,1,24
506,23,14,0,818.4,1,20
507,23,16,0,692.85,1,19
508,23,19,0,728.5,1,18
509,23,20,0,522.35,1,14
510,23,22,0,432.45,1,11
511,24,0,0,957.9,1,25
512,24,2,0,847.85,1,23
513,24,3,0,1108.25,1,29
514,24,4,0,861.8,1,23
515,24,6,0,877.3,1,23
516,24,8,0,801.35,1,21
517,24,9,0,1019.9,1,27
518,24,10,0,286.75,1,8
519,24,11,0,1021.45,1,27
520,24,12,0,1137.7,1,30
521,24,14,0,995.1,1,26
522,24,15,0,110.05,1,4
523,24,16,0,951.7,1,25
524,24,17,0,362.7,1,10
525,24,19,0,942.4,1,25
526,24,20,0,641.7,1,17
527,24,21,0,651,1,16
528,24,22,0,643.25,1,17
PATHS,600
Index,Shipment origin,Shipment destination,1st terminal on path,2nd terminal on path,.....,6th terminal on path
0,0,1,0,1
1,0,2,0,1,2
2,0,3,0,1,3
3,0,4,0,1,4
4,0,5,0,1,5
5,0,6,0,1,6
6,0,7,0,1,7
7,0,8,0,1,8
8,0,9,0,1,9
9,0,10,0,1,10
10,0,11,0,1,11
11,0,12,0,1,12
12,0,13,0,1,13
13,0,14,0,1,14
14,0,15,0,1,15
15,0,16,0,1,16
16,0,17,0,1,17
17,0,18,0,1,18
18,0,19,0,1,19
19,0,20,0,1,20
20,0,21,0,1,21
21,0,22,0,1,22
22,0,23,0,1,23
23,0,24,0,1,24
24,1,0,1,0
25,1,2,1,2
26,1,3,1,3
27,1,4,1,4
28,1,5,1,5
29,1,6,1,6
30,1,7,1,7
31,1,8,1,8
32,1,9,1,9
33,1,10,1,10
34,1,11,1,11
35,1,12,1,12
36,1,13,1,13
37,1,14,1,14
38,1,15,1,15
39,1,16,1,16
40,1,17,1,17
41,1,18,1,18
42,1,19,1,19
43,1,20,1,20
44,1,21,1,21
45,1,22,1,22
46,1,23,1,23
47,1,24,1,24
48,2,0,2,1,0
49,2,1,2,1
50,2,3,2,1,3
51,2,4,2,1,4
52,2,5,2,1,5
53,2,6,2,1,6
54,2,8,2,1,8
55,2,7,2,1,7
56,2,9,2,1,9
57,2,10,2,1,10
58,2,11,2,1,11
59,2,12,2,1,12
60,2,13,2,1,13
61,2,14,2,1,14
62,2,15,2,1,15
63,2,16,2,1,16
64,2,17,2,1,17
65,2,18,2,1,18
66,2,19,2,1,19
67,2,20,2,1,20
68,2,21,2,1,21
69,2,22,2,1,22
70,2,23,2,1,23
71,2,24,2,1,24
72,3,0,3,1,0
73,3,1,3,1
74,3,2,3,1,2
75,3,4,3,4
76,3,5,3,1,5
77,3,6,3,1,6
78,3,7,3,1,7
79,3,8,3,8
80,3,9,3,1,9
81,3,10,3,13,10
82,3,11,3,1,11
83,3,12,3,12
84,3,13,3,13
85,3,14,3,14
86,3,15,3,13,15
87,3,16,3,16
88,3,17,3,13,17
89,3,18,3,13,18
90,3,19,3,19
91,3,20,3,1,20
92,3,21,3,21
93,3,22,3,22
94,3,23,3,21,23
95,3,24,3,13,24
96,4,0,4,1,0
97,4,1,4,1
98,4,2,4,1,2
99,4,3,4,3
100,4,5,4,1,5
101,4,6,4,1,6
102,4,7,4,1,7
103,4,8,4,1,8
104,4,9,4,1,9
105,4,10,4,1,10
106,4,11,4,1,11
107,4,12,4,3,12
108,4,13,4,1,13
109,4,14,4,3,14
110,4,15,4,1,15
111,4,16,4,3,16
112,4,17,4,1,17
113,4,18,4,1,18
114,4,19,4,3,19
115,4,20,4,1,20
116,4,21,4,1,21
117,4,22,4,1,22
118,4,23,4,1,23
119,4,24,4,1,24
120,5,0,5,1,0
121,5,1,5,1
122,5,2,5,1,2
123,5,3,5,1,3
124,5,4,5,1,4
125,5,6,5,1,6
126,5,7,5,1,7
127,5,8,5,1,8
128,5,9,5,1,9
129,5,10,5,13,10
130,5,11,5,1,11
131,5,12,5,1,12
132,5,13,5,13
133,5,14,5,1,14
134,5,15,5,13,15
135,5,16,5,1,16
136,5,17,5,13,17
137,5,18,5,13,18
138,5,19,5,13,21,19
139,5,20,5,13,20
140,5,21,5,13,21
141,5,22,5,1,22
142,5,23,5,13,23
143,5,24,5,13,24
144,6,0,6,1,0
145,6,1,6,1
146,6,2,6,1,2
147,6,3,6,1,3
148,6,4,6,1,4
149,6,5,6,1,5
150,6,7,6,1,7
151,6,8,6,1,8
152,6,9,6,1,9
153,6,10,6,1,10
154,6,11,6,1,11
155,6,12,6,1,12
156,6,13,6,1,13
157,6,14,6,1,14
158,6,15,6,1,15
159,6,16,6,1,16
160,6,17,6,1,17
161,6,18,6,1,18
162,6,19,6,1,19
163,6,20,6,1,20
164,6,21,6,1,21
165,6,22,6,1,22
166,6,23,6,1,23
167,6,24,6,1,24
168,7,0,7,1,0
169,7,1,7,1
170,7,2,7,1,2
171,7,3,7,3
172,7,4,7,4
173,7,5,7,1,5
174,7,6,7,3,6
175,7,8,7,3,8
176,7,9,7,1,9
177,7,10,7,1,9
178,7,11,7,3,11
179,7,12,7,4,12
180,7,13,7,4,13
181,7,14,7,4,14
182,7,15,7,4,15
183,7,16,7,4,16
184,7,17,7,1,17
185,7,18,7,1,18
186,7,19,7,1,19
187,7,20,7,1,20
188,7,21,7,1,21
189,7,22,7,1,22
190,7,23,7,1,23
191,7,24,7,1,24
192,8,0,8,1,0
193,8,1,8,1
194,8,2,8,1,2
195,8,3,8,3
196,8,4,8,1,4
197,8,5,8,1,5
198,8,6,8,1,6
199,8,7,8,1,7
200,8,9,8,1,9
201,8,10,8,21,23,10
202,8,11,8,1,11
203,8,12,8,3,12
204,8,13,8,21,13
205,8,14,8,21,14
206,8,15,8,21,13,15
207,8,16,8,3,16
208,8,17,8,21,17
209,8,18,8,21,18
210,8,19,8,21,19
211,8,20,8,1,20
212,8,21,8,21
213,8,22,8,1,22
214,8,23,8,21,23
215,8,24,8,21,13,24
216,9,0,9,1,0
217,9,1,9,1
218,9,2,9,1,2
219,9,3,9,1,3
220,9,4,9,1,4
221,9,5,9,1,5
222,9,6,9,1,6
223,9,7,9,1,7
224,9,8,9,1,8
225,9,10,9,1,10
226,9,11,9,1,11
227,9,12,9,1,12
228,9,13,9,1,13
229,9,14,9,1,14
230,9,15,9,1,15
231,9,16,9,1,16
232,9,17,9,1,17
233,9,18,9,1,18
234,9,19,9,1,19
235,9,20,9,1,20
236,9,21,9,1,21
237,9,22,9,1,22
238,9,23,9,1,23
239,9,24,9,1,24
240,10,0,10,1,0
241,10,1,10,1
242,10,2,10,1,2
243,10,3,10,1,3
244,10,4,10,1,4
245,10,5,10,23,13,5
246,10,6,10,23,13,6
247,10,7,10,1,7
248,10,8,10,23,21,8
249,10,9,10,1,9
250,10,11,10,1,11
251,10,12,10,1,12
252,10,13,10,23,13
253,10,14,10,23,21,14
254,10,15,10,23,15
255,10,16,10,1,16
256,10,17,10,23,17
257,10,18,10,23,18
258,10,19,10,23,21,19
259,10,20,10,23,13,20
260,10,21,10,23,21
261,10,22,10,23,22
262,10,23,10,23
263,10,24,10,23,24
264,11,0,11,1,0
265,11,1,11,1
266,11,2,11,1,2
267,11,3,11,1,3
268,11,4,11,1,4
269,11,5,11,1,5
270,11,6,11,1,6
271,11,7,11,1,7
272,11,8,11,1,8
273,11,9,11,1,9
274,11,10,11,13,10
275,11,12,11,1,12
276,11,13,11,13
277,11,14,11,1,14
278,11,15,11,13,15
279,11,16,11,1,16
280,11,17,11,13,17
281,11,18,11,13,18
282,11,19,11,1,19
283,11,20,11,1,20
284,11,21,11,1,21
285,11,22,11,1,22
286,11,23,11,13,23
287,11,24,11,13,24
288,12,0,12,1,0
289,12,1,12,1
290,12,2,12,1,2
291,12,3,12,3
292,12,4,12,3,4
293,12,5,12,1,5
294,12,6,12,1,6
295,12,7,12,1,7
296,12,8,12,3,8
297,12,9,12,1,9
298,12,10,12,1,10
299,12,11,12,1,11
300,12,13,12,3,13
301,12,14,12,3,14
302,12,15,12,1,15
303,12,16,12,3,16
304,12,17,12,1,17
305,12,18,12,1,18
306,12,19,12,3,19
307,12,20,12,1,20
308,12,21,12,3,21
309,12,22,12,3,22
310,12,23,12,1,23
311,12,24,12,1,24
312,13,0,13,1,0
313,13,1,13,1
314,13,2,13,1,2
315,13,3,13,3
316,13,4,13,4
317,13,5,13,5
318,13,6,13,6
319,13,7,13,1,7
320,13,8,13,21,8
321,13,9,13,1,9
322,13,10,13,10
323,13,11,13,11
324,13,12,13,3,12
325,13,14,13,21,14
326,13,15,13,15
327,13,16,13,1,16
328,13,17,13,17
329,13,18,13,18
330,13,19,13,21,19
331,13,20,13,20
332,13,21,13,21
333,13,22,13,22
334,13,23,13,23
335,13,24,13,24
336,14,0,14,1,0
337,14,1,14,1
338,14,2,14,1,2
339,14,3,14,3
340,14,4,14,3,4
341,14,5,14,1,5
342,14,6,14,1,6
343,14,7,14,1,7
344,14,8,14,3,8
345,14,9,14,1,9
346,14,10,14,21,23,10
347,14,11,14,1,11
348,14,12,14,3,12
349,14,13,14,21,13
350,14,15,14,21,13,15
351,14,16,14,3,16
352,14,17,14,21,17
353,14,18,14,21,18
354,14,19,14,1,19
355,14,20,14,1,20
356,14,21,14,21
357,14,22,14,1,22
358,14,23,14,21,23
359,14,24,14,21,13,24
360,15,0,15,1,0
361,15,1,15,1
362,15,2,15,1,2
363,15,3,15,13,3
364,15,4,15,1,4
365,15,5,15,13,5
366,15,6,15,13,6
367,15,7,15,1,7
368,15,8,15,21,8
369,15,9,15,1,9
370,15,10,15,10
371,15,11,15,1,11
372,15,12,15,1,12
373,15,13,15,13
374,15,14,15,21,14
375,15,16,15,1,16
376,15,17,15,17
377,15,18,15,18
378,15,19,15,21,19
379,15,20,15,13,20
380,15,21,15,21
381,15,22,15,13,22
382,15,23,15,23
383,15,24,15,24
384,16,0,16,1,0
385,16,1,16,1
386,16,2,16,1,2
387,16,3,16,3
388,16,4,16,3,4
389,16,5,16,1,5
390,16,6,16,1,6
391,16,7,16,1,7
392,16,8,16,3,8
393,16,9,16,1,9
394,16,10,16,13,10
395,16,11,16,1,11
396,16,12,16,3,12
397,16,13,16,13
398,16,14,16,3,14
399,16,15,16,13,15
400,16,17,16,13,17
401,16,18,16,13,18
402,16,19,16,3,19
403,16,20,16,1,20
404,16,21,16,21
405,16,22,16,3,22
406,16,23,16,13,23
407,16,24,16,13,24
408,17,0,17,1,0
409,17,1,17,1
410,17,2,17,1,2
411,17,3,17,13,3
412,17,4,17,1,4
413,17,5,17,13,5
414,17,6,17,13,6
415,17,7,17,1,7
416,17,8,17,21,8
417,17,9,17,1,9
418,17,10,17,13,10
419,17,11,17,1,11
420,17,12,17,1,12
421,17,13,17,13
422,17,14,17,21,14
423,17,15,17,13,15
424,17,16,17,1,16
425,17,18,17,18
426,17,19,17,21,19
427,17,20,17,13,20
428,17,21,17,21
429,17,22,17,13,22
430,17,23,17,13,23
431,17,24,17,13,24
432,18,0,18,1,0
433,18,1,18,1
434,18,2,18,1,2
435,18,3,18,13,3
436,18,4,18,1,4
437,18,5,18,13,5
438,18,6,18,13,6
439,18,7,18,1,7
440,18,8,18,21,8
441,18,9,18,13,1,9
442,18,10,18,10
443,18,11,18,1,11
444,18,12,18,1,12
445,18,13,18,13
446,18,14,18,21,14
447,18,15,18,15
448,18,16,18,1,16
449,18,17,18,17
450,18,19,18,21,19
451,18,20,18,13,20
452,18,21,18,21
453,18,22,18,13,22
454,18,23,18,23
455,18,24,18,24
456,19,0,19,1,0
457,19,1,19,1
458,19,2,19,1,2
459,19,3,19,3
460,19,4,19,3,4
461,19,5,19,1,5
462,19,6,19,1,6
463,19,7,19,1,7
464,19,8,19,21,8
465,19,9,19,1,9
466,19,10,19,1,10
467,19,11,19,1,11
468,19,12,19,3,12
469,19,13,19,21,13
470,19,14,19,1,14
471,19,15,19,21,13,15
472,19,16,19,3,16
473,19,17,19,21,17
474,19,18,19,21,18
475,19,20,19,1,20
476,19,21,19,21
477,19,22,19,1,22
478,19,23,19,21,23
479,19,24,19,21,13,24
480,20,0,20,1,0
481,20,1,20,1
482,20,2,20,1,2
483,20,3,20,1,3
484,20,4,20,1,4
485,20,5,20,1,5
486,20,6,20,1,6
487,20,7,20,1,7
488,20,8,20,1,8
489,20,9,20,1,9
490,20,10,20,13,10
491,20,11,20,1,11
492,20,12,20,1,12
493,20,13,20,13
494,20,14,20,1,14
495,20,15,20,13,15
496,20,16,20,1,16
497,20,17,20,13,17
498,20,18,20,13,18
499,20,19,20,1,19
500,20,21,20,1,21
501,20,22,20,13,22
502,20,23,20,13,23
503,20,24,20,13,24
504,21,0,21,1,0
505,21,1,21,1
506,21,2,21,1,2
507,21,3,21,3
508,21,4,21,1,4
509,21,5,21,13,5
510,21,6,21,13,6
511,21,7,21,1,7
512,21,8,21,8
513,21,9,21,1,9
514,21,10,21,23,10
515,21,11,21,1,11
516,21,12,21,3,12
517,21,13,21,13
518,21,14,21,14
519,21,15,21,13,15
520,21,16,21,3,16
521,21,17,21,17
522,21,18,21,18
523,21,19,21,19
524,21,20,21,1,20
525,21,22,21,1,22
526,21,23,21,23
527,21,24,21,13,24
528,22,0,22,1,0
529,22,1,22,1
530,22,2,22,1,2
531,22,3,22,3
532,22,4,22,1,4
533,22,5,22,13,5
534,22,6,22,1,6
535,22,7,22,1,7
536,22,8,22,1,8
537,22,9,22,1,9
538,22,10,22,13,10
539,22,11,22,1,11
540,22,12,22,3,12
541,22,13,22,13
542,22,14,22,1,14
543,22,15,22,13,15
544,22,16,22,1,16
545,22,17,22,13,17
546,22,18,22,13,18
547,22,19,22,1,19
548,22,20,22,13,20
549,22,21,22,1,21
550,22,23,22,13,23
551,22,24,22,13,24
552,23,0,23,1,0
553,23,1,23,1
554,23,2,23,1,2
555,23,3,23,1,3
556,23,4,23,1,4
557,23,5,23,13,5
558,23,6,23,13,6
559,23,7,23,1,7
560,23,8,23,21,8
561,23,9,23,1,9
562,23,10,23,10
563,23,11,23,1,11
564,23,12,23,1,12
565,23,13,23,13
566,23,14,23,21,14
567,23,15,23,15
568,23,16,23,1,16
569,23,17,23,17
570,23,18,23,18
571,23,19,23,21,19
572,23,20,23,13,20
573,23,21,23,21
574,23,22,23,22
575,23,24,23,24
576,24,0,24,1,0
577,24,1,24,1
578,24,2,24,1,2
579,24,3,24,13,3
580,24,4,24,1,4
581,24,5,24,13,5
582,24,6,24,13,6
583,24,7,24,1,7
584,24,8,24,18,21,8
585,24,9,24,13,1,9
586,24,10,24,23,10
587,24,11,24,13,11
588,24,12,24,1,12
589,24,13,24,13
590,24,14,24,18,21,14
591,24,15,24,15
592,24,16,24,1,16
593,24,17,24,13,17
594,24,18,24,18
595,24,19,24,18,21,19
596,24,20,24,13,20
597,24,21,24,18,21
598,24,22,24,13,22
599,24,23,24,23
COMMODITIES,450
Index,Origin,Destination,Demand/Size,Earliest available time,Latest delivery time
0,23,2,0.0858035,182,230
1,6,17,0.0520112,234,283
2,10,2,0.022889,90,144
3,16,4,0.810502,138,175
4,13,6,0.91683,138,174
5,1,3,0.34346,234,266
6,13,8,0.864484,184,221
7,17,22,0.155796,230,267
8,0,9,0.134839,138,179
9,24,20,0.0166521,184,225
10,9,16,0.896001,182,226
11,0,22,0.248624,184,221
12,23,1,0.563698,234,275
13,3,4,0.0454418,230,262
14,10,12,0.0701255,182,239
15,21,23,0.315417,134,169
16,13,5,0.357561,186,220
17,18,11,0.00928454,186,235
18,19,4,0.0620791,232,275
19,0,11,0.042452,38,75
20,18,21,0.989603,184,219
21,24,21,0.10036,138,180
22,2,8,0.445255,40,80
23,10,1,0.628657,184,231
24,3,19,0.729347,234,269
25,18,6,0.778455,186,229
26,21,14,0.00945511,234,268
27,14,24,0.036768,138,191
28,8,9,0.284486,230,275
29,0,23,0.0572687,134,181
30,6,4,0.017394,38,77
31,3,2,0.925882,90,129
32,15,17,0.228415,90,126
33,24,0,0.0496652,42,95
34,17,2,0.0383582,230,275
35,20,3,0.384321,232,274
36,14,1,0.92559,134,174
37,22,5,0.440202,86,127
38,18,22,0.0855628,232,270
39,18,4,0.812801,88,135
40,12,2,0.274458,42,83
41,10,21,0.0410954,234,277
42,2,8,0.499657,86,126
43,2,20,0.920257,88,129
44,13,17,0.267211,230,260
45,10,13,0.869082,230,269
46,17,15,0.120987,88,132
47,21,24,0.288679,230,273
48,14,11,0.807278,88,136
49,20,12,0.0194043,136,180
50,3,19,0.925715,182,217
51,14,6,0.160478,88,137
52,19,10,0.268069,182,245
53,18,23,0.38481,184,212
54,0,8,0.357723,86,124
55,24,10,0.102008,182,221
56,21,1,0.486395,40,75
57,23,1,0.240081,42,83
58,23,5,0.939625,186,229
59,4,12,0.180371,136,173
60,10,5,0.0283931,184,233
61,4,13,0.339311,38,82
62,22,13,0.713466,232,263
63,16,3,0.264902,86,115
64,3,0,0.386401,230,267
65,1,3,0.929178,90,122
66,10,18,0.366435,134,168
67,17,9,0.341659,134,184
68,19,15,0.52564,40,94
69,21,18,0.215433,136,173
70,1,19,0.15886,136,173
71,16,13,0.920853,88,129
72,3,4,0.0601167,138,170
73,13,2,0.285571,138,182
74,14,24,0.0372247,232,285
75,5,15,0.490308,136,184
76,6,16,0.368548,90,131
77,11,13,0.632764,40,80
78,22,1,0.362947,90,122
79,23,0,0.634025,184,230
80,11,17,0.315007,232,278
81,5,1,0.735413,232,271
82,5,3,0.639648,182,229
83,0,10,0.479522,38,93
84,23,17,0.685013,182,211
85,3,2,0.959546,40,79
86,10,15,0.316248,232,273
87,23,12,0.379197,230,281
88,19,11,0.645332,184,229
89,3,18,0.524847,38,89
90,1,10,0.753457,182,232
91,3,16,0.0490036,90,119
92,19,17,0.283158,138,178
93,11,4,0.0935021,88,126
94,22,24,0.434846,42,84
95,1,17,0.582092,38,78
96,22,9,0.180972,232,276
97,16,4,0.809432,234,271
98,13,5,0.354163,182,216
99,17,19,0.688084,230,270
100,5,8,0.0445671,234,282
101,5,20,0.302902,138,178
102,11,12,0.4333,38,80
103,23,9,0.438726,134,187
104,13,24,0.747559,186,221
105,3,5,0.829271,88,135
106,13,15,0.803496,40,78
107,15,1,0.254211,42,90
108,24,10,0.0405667,42,81
109,11,16,0.371915,42,82
110,24,15,0.335171,86,114
111,18,20,0.16179,40,77
112,10,13,0.019998,184,223
113,16,13,0.898914,234,275
114,22,24,0.395164,136,178
115,14,16,0.995521,182,222
116,16,13,0.938084,86,127
117,15,0,0.381801,42,95
118,1,12,0.570565,134,168
119,16,15,0.548041,186,241
120,13,16,0.0843634,184,229
121,6,18,0.034453,40,91
122,1,19,0.295925,230,267
123,16,20,0.204669,136,178
124,20,17,0.471259,234,270
125,17,19,0.761331,182,222
126,12,9,0.235261,40,86
127,17,8,0.196602,232,269
128,1,8,0.280394,42,75
129,1,2,0.105861,230,261
130,10,1,0.0669776,86,133
131,20,0,0.0616597,230,269
132,14,18,0.63038,230,277
133,11,23,0.60163,88,137
134,20,4,0.00770672,42,82
135,5,15,0.490718,40,88
136,24,10,0.032626,230,269
137,5,19,0.121196,184,234
138,3,9,0.611485,138,182
139,24,23,0.843025,186,219
140,2,17,0.116553,90,137
141,12,11,0.179686,38,80
142,18,19,0.129732,138,181
143,1,15,0.628539,90,138
144,5,3,0.629327,86,133
145,15,17,0.197093,38,74
146,10,24,0.829883,232,271
147,12,20,0.659727,138,182
148,18,4,0.829385,136,183
149,10,4,0.0146886,184,237
150,18,10,0.229873,42,76
151,14,4,0.212736,86,129
152,13,0,0.577403,88,130
153,6,3,0.251888,90,131
154,0,23,0.922181,38,85
155,20,16,0.0143321,42,84
156,8,13,0.325845,186,223
157,3,12,0.777921,136,165
158,19,16,0.117638,136,176
159,8,9,0.265111,138,183
160,14,5,0.355783,90,145
161,1,19,0.144486,186,223
162,4,14,0.419035,186,229
163,24,12,0.0374349,38,96
164,2,17,0.109953,134,181
165,22,14,0.235439,184,232
166,4,17,0.00571367,230,276
167,23,20,0.899003,136,175
168,10,1,0.216278,134,181
169,14,6,0.147543,230,279
170,14,20,0.0897222,184,234
171,1,24,0.47048,40,88
172,10,1,0.952752,88,135
173,16,1,0.967786,90,122
174,19,16,0.114981,186,226
175,24,21,0.113732,88,130
176,12,19,0.0482478,86,126
177,15,2,0.0117148,230,285
178,5,12,0.0161343,184,233
179,4,14,0.432384,184,227
180,12,17,0.00668838,138,188
181,24,1,0.638884,40,88
182,22,16,0.113799,184,224
183,24,10,0.13888,184,223
184,21,14,0.00839702,134,168
185,1,24,0.713547,184,232
186,5,20,0.30526,134,174
187,18,4,0.7687,184,231
188,15,1,0.761054,234,282
189,16,5,0.156574,88,135
190,12,15,0.433922,138,196
191,21,14,0.00951405,136,170
192,15,1,0.163524,136,184
193,11,10,0.294686,90,142
194,19,10,0.247891,86,149
195,23,12,0.318094,186,237
196,19,16,0.108398,134,174
197,14,5,0.32486,230,285
198,10,14,0.121358,134,187
199,4,12,0.18421,134,171
200,12,21,0.369722,186,229
201,5,8,0.0527211,42,90
202,10,12,0.0776109,40,97
203,15,10,0.569762,136,167
204,24,21,0.107363,230,272
205,11,19,0.316954,184,229
206,13,20,0.677681,42,72
207,23,6,0.67325,182,227
208,5,8,0.0437786,86,134
209,0,9,0.145719,232,273
210,13,0,0.665852,40,82
211,18,8,0.491081,86,126
212,1,21,0.564754,234,269
213,18,19,0.259217,88,131
214,11,16,0.372696,234,274
215,1,10,0.50013,40,90
216,2,22,0.207351,90,129
217,23,2,0.100757,186,234
218,1,10,0.977106,138,188
219,16,5,0.161899,234,281
220,15,23,0.165433,134,169
221,20,2,0.214826,186,227
222,18,12,0.406148,42,93
223,5,23,0.835665,138,181
224,18,3,0.98992,182,235
225,4,16,0.419344,134,171
226,22,1,0.850285,42,74
227,14,15,0.191989,184,240
228,12,6,0.150011,88,131
229,19,3,0.119619,88,123
230,15,12,0.930226,136,194
231,17,8,0.195807,138,175
232,16,15,0.522287,232,287
233,2,23,0.105554,184,233
234,17,23,0.593709,88,127
235,1,24,0.486287,88,136
236,13,2,0.294257,42,86
237,24,1,0.0756866,184,232
238,12,23,0.0704077,234,286
239,13,2,0.300904,88,132
240,20,2,0.233002,134,175
241,3,1,0.0399181,86,118
242,1,19,0.56023,90,127
243,23,13,0.683733,134,167
244,13,2,0.304438,182,226
245,15,10,0.697829,86,117
246,22,2,0.589559,232,271
247,5,15,0.451259,230,278
248,19,2,0.0207607,134,178
249,10,1,0.00779104,234,281
250,24,23,0.65296,134,167
251,17,0,0.00915822,230,273
252,24,18,0.891082,232,263
253,22,24,0.387007,86,128
254,17,2,0.0381446,38,83
255,22,16,0.118026,88,128
256,8,4,0.0081814,38,77
257,0,11,0.957991,134,171
258,11,12,0.284948,182,224
259,8,9,0.290715,40,85
260,18,12,0.370935,88,139
261,24,17,0.806163,86,127
262,20,4,0.00726188,182,222
263,11,15,0.0792977,90,144
264,3,13,0.414872,38,82
265,13,21,0.270128,234,266
266,20,4,0.00746818,230,270
267,1,6,0.611644,86,119
268,2,0,0.0532058,88,124
269,19,5,0.527743,40,92
270,3,10,0.097218,232,288
271,15,0,0.429511,86,139
272,1,2,0.818883,184,215
273,5,16,0.411416,136,183
274,8,23,0.271355,42,82
275,14,6,0.162538,186,235
276,8,5,0.0434972,86,134
277,5,15,0.426201,182,230
278,2,3,0.342896,42,81
279,23,11,0.370873,38,87
280,19,15,0.518923,90,144
281,18,23,0.261768,230,258
282,21,24,0.272175,138,181
283,4,19,0.00838813,136,179
284,1,14,0.669241,182,222
285,14,15,0.185565,136,192
286,6,17,0.0541203,90,139
287,0,12,0.260101,232,271
288,22,13,0.705731,234,265
289,8,9,0.272529,182,227
290,12,20,0.712544,234,278
291,12,21,0.374353,138,181
292,24,5,0.0391464,88,133
293,11,3,0.793853,186,226
294,24,21,0.104761,234,276
295,20,0,0.0655944,186,225
296,21,24,0.258175,40,83
297,17,19,0.698831,88,128
298,17,19,0.714168,234,274
299,8,2,0.0334226,88,128
300,19,18,0.930364,182,227
301,2,12,0.0485735,138,179
302,10,5,0.0280911,182,231
303,0,1,0.872926,138,167
304,5,12,0.0146459,134,183
305,17,11,0.124192,90,136
306,0,6,0.125516,182,220
307,2,0,0.0474253,138,174
308,23,21,0.0250606,182,219
309,1,18,0.395412,134,176
310,13,20,0.266045,134,164
311,13,0,0.615034,90,132
312,15,17,0.0447629,42,78
313,19,8,0.46478,42,79
314,0,2,0.105093,134,170
315,12,11,0.196927,184,226
316,11,16,0.399185,230,270
317,17,11,0.125258,134,180
318,21,23,0.353948,40,75
319,3,5,0.912038,234,281
320,4,16,0.418247,230,267
321,24,22,0.751679,186,228
322,10,22,0.0651759,138,179
323,18,22,0.996522,40,78
324,22,4,0.0328254,86,124
325,24,16,0.0220956,88,144
326,11,0,0.98068,234,271
327,24,12,0.040633,88,146
328,23,5,0.858145,136,179
329,24,18,0.0735597,88,119
330,24,13,0.332118,232,267
331,15,16,0.422193,136,192
332,11,19,0.369387,182,227
333,5,16,0.384077,134,181
334,10,14,0.112005,186,239
335,20,10,0.469849,134,176
336,2,14,0.649372,38,85
337,20,15,0.451011,86,130
338,11,13,0.369569,232,272
339,14,12,0.17111,38,78
340,21,1,0.240316,184,219
341,13,2,0.295494,86,130
342,1,5,0.592205,230,269
343,13,16,0.075191,86,131
344,1,22,0.608731,86,118
345,22,12,0.43504,232,273
346,20,0,0.0697409,42,81
347,12,15,0.417383,184,242
348,17,15,0.0976982,234,278
349,19,16,0.118173,38,78
350,2,8,0.525047,230,270
351,4,19,0.00858172,234,277
352,22,4,0.033721,184,222
353,24,0,0.05285,234,287
354,12,23,0.0661512,38,90
355,1,9,0.234724,86,122
356,10,1,0.232267,182,229
357,22,3,0.106391,38,74
358,3,13,0.430462,86,130
359,10,9,0.347888,88,147
360,19,12,0.0399327,230,270
361,10,22,0.062532,42,83
362,4,24,0.306422,234,288
363,1,4,0.16778,234,264
364,15,4,0.214434,42,96
365,0,1,0.45591,232,261
366,0,23,0.965038,86,133
367,4,17,0.00528473,90,136
368,10,19,0.425181,42,93
369,22,20,0.522346,230,267
370,1,13,0.805926,186,224
371,14,4,0.254018,90,133
372,20,12,0.0196752,138,182
373,8,23,0.283338,88,128
374,6,4,0.0188452,90,129
375,17,19,0.733653,86,126
376,18,12,0.402945,184,235
377,23,2,0.0916973,90,138
378,14,17,0.0892327,88,130
379,0,18,0.893118,186,233
380,11,10,0.25908,232,284
381,8,3,0.523745,38,71
382,19,20,0.345196,90,137
383,22,2,0.708195,182,221
384,10,9,0.369445,186,245
385,8,4,0.00896723,88,127
386,15,17,0.95863,230,266
387,23,0,0.72809,134,180
388,0,9,0.148332,38,79
389,16,0,0.726582,42,79
390,5,24,0.0588448,42,87
391,4,24,0.324423,186,240
392,21,3,0.290341,88,125
393,2,14,0.713544,186,233
394,1,0,0.105503,230,259
395,16,0,0.749177,138,175
396,8,16,0.0120149,234,272
397,19,13,0.51044,232,272
398,19,1,0.601758,86,123
399,2,3,0.325722,232,271
400,3,15,0.195362,230,288
401,2,1,0.56973,232,263
402,23,3,0.878111,136,185
403,1,23,0.248049,88,130
404,4,19,0.00854423,38,81
405,23,22,0.0696852,40,75
406,10,12,0.0708523,90,147
407,11,24,0.0916698,136,187
408,14,17,0.0798594,90,132
409,11,24,0.203173,88,139
410,13,12,0.133799,184,235
411,21,22,0.0193404,42,85
412,22,14,0.250982,88,136
413,14,5,0.387447,138,193
414,22,19,0.136311,182,227
415,6,4,0.0169793,40,79
416,23,11,0.084581,42,91
417,3,6,0.0808446,136,177
418,0,14,0.28339,42,87
419,21,15,0.0761046,230,276
420,23,1,0.426175,38,79
421,11,17,0.360741,186,232
422,4,14,0.462894,232,275
423,14,18,0.713366,40,87
424,15,12,0.878056,90,148
425,20,3,0.380383,38,80
426,1,19,0.515814,40,77
427,10,4,0.0139662,232,285
428,16,1,0.41365,86,118
429,8,1,0.21003,186,219
430,24,17,0.779241,182,223
431,8,12,0.23328,230,268
432,16,0,0.674495,38,75
433,11,4,0.171705,230,268
434,12,21,0.357734,136,179
435,2,14,0.664159,138,185
436,19,2,0.0205055,184,228
437,14,1,0.271487,40,80
438,20,14,0.334515,186,236
439,11,12,0.275369,40,82
440,16,20,0.235649,184,226
441,12,2,0.191323,136,177
442,10,8,0.275997,234,282
443,17,1,0.509973,182,220
444,14,18,0.561356,134,181
445,16,8,0.931323,184,222
446,22,21,0.485005,186,229
447,14,10,0.176051,90,141
448,13,2,0.295712,184,228
449,5,15,0.451113,90,138
