NODES,25
INDEX,Name,X-coordinate,Y-coordinate
0,0,-,-
1,1,-,-
2,2,-,-
3,3,-,-
4,4,-,-
5,5,-,-
6,6,-,-
7,7,-,-
8,8,-,-
9,9,-,-
10,10,-,-
11,11,-,-
12,12,-,-
13,13,-,-
14,14,-,-
15,15,-,-
16,16,-,-
17,17,-,-
18,18,-,-
19,19,-,-
20,20,-,-
21,21,-,-
22,22,-,-
23,23,-,-
24,24,-,-
ARCS,529
Index,Origin,Destination,Variable Cost,Fixed Cost,Capacity,Travel time
0,0,1,0,117.8,1,5
1,1,0,0,117.8,1,5
2,1,2,0,234.05,1,7
3,1,3,0,260.4,1,8
4,1,4,0,175.15,1,6
5,1,5,0,486.7,1,15
6,1,6,0,323.95,1,9
7,1,8,0,323.95,1,9
8,1,9,0,447.95,1,12
9,1,10,0,883.5,1,26
10,1,11,0,255.75,1,8
11,1,12,0,387.5,1,10
12,1,13,0,489.8,1,14
13,1,14,0,525.45,1,16
14,1,15,0,1002.85,1,24
15,1,16,0,252.65,1,8
16,1,17,0,545.6,1,16
17,1,18,0,680.45,1,18
18,1,19,0,503.75,1,13
19,1,20,0,358.05,1,10
20,1,21,0,409.2,1,11
21,1,22,0,266.6,1,8
22,1,23,0,699.05,1,18
23,1,24,0,903.65,1,24
24,2,1,0,234.05,1,7
25,3,1,0,260.4,1,8
26,3,4,0,230.95,1,8
27,3,8,0,311.55,1,9
28,3,12,0,144.15,1,5
29,3,13,0,661.85,1,20
30,3,14,0,418.5,1,11
31,3,16,0,151.9,1,5
32,3,19,0,396.8,1,11
33,3,21,0,469.65,1,14
34,3,22,0,429.35,1,13
35,4,1,0,175.15,1,6
36,4,3,0,230.95,1,8
37,5,1,0,486.7,1,15
38,5,13,0,367.35,1,10
39,6,1,0,323.95,1,9
40,6,13,0,430.9,1,11
41,7,1,0,103.85,1,4
42,8,1,0,323.95,1,9
43,8,3,0,311.55,1,9
44,8,13,0,415.4,1,11
45,8,16,0,161.2,1,6
46,8,21,0,158.1,1,5
47,9,1,0,447.95,1,12
48,10,1,0,891.25,1,23
49,10,23,0,192.2,1,6
50,11,1,0,255.75,1,8
51,11,13,0,592.1,1,16
52,12,1,0,387.5,1,10
53,12,3,0,144.15,1,5
54,13,1,0,489.8,1,13
55,13,3,0,669.6,1,22
56,13,5,0,367.35,1,10
57,13,6,0,430.9,1,12
58,13,10,0,483.6,1,12
59,13,11,0,596.75,1,17
60,13,15,0,553.35,1,14
61,13,17,0,176.7,1,6
62,13,18,0,248,1,7
63,13,19,0,573.5,1,16
64,13,20,0,198.4,1,6
65,13,21,0,275.9,1,8
66,13,22,0,232.5,1,7
67,13,23,0,323.95,1,9
68,13,24,0,449.5,1,11
69,14,1,0,525.45,1,16
70,14,3,0,418.5,1,11
71,14,19,0,111.6,1,4
72,14,21,0,384.4,1,10
73,15,1,0,1002.85,1,24
74,15,13,0,553.35,1,16
75,15,18,0,350.3,1,10
76,15,21,0,747.1,1,20
77,15,23,0,412.3,1,11
78,16,1,0,252.65,1,8
79,16,3,0,151.9,1,5
80,16,8,0,161.2,1,6
81,16,13,0,581.25,1,17
82,16,21,0,305.35,1,9
83,17,1,0,544.05,1,14
84,17,13,0,176.7,1,6
85,17,18,0,127.1,1,5
86,17,21,0,292.95,1,8
87,18,1,0,666.5,1,17
88,18,10,0,308.45,1,10
89,18,13,0,248,1,7
90,18,15,0,350.3,1,10
91,18,17,0,127.1,1,5
92,18,19,0,719.2,1,19
93,18,21,0,421.6,1,11
94,18,22,0,421.6,1,13
95,18,23,0,116.25,1,4
96,18,24,0,237.15,1,7
97,19,1,0,503.75,1,13
98,19,3,0,396.8,1,11
99,19,8,0,240.25,1,7
100,19,14,0,111.6,1,4
101,19,21,0,297.6,1,8
102,20,1,0,358.05,1,10
103,20,13,0,198.4,1,6
104,20,23,0,522.35,1,15
105,21,1,0,409.2,1,11
106,21,3,0,458.8,1,13
107,21,8,0,158.1,1,5
108,21,13,0,275.9,1,8
109,21,14,0,384.4,1,10
110,21,15,0,829.25,1,22
111,21,17,0,292.95,1,8
112,21,18,0,420.05,1,13
113,21,19,0,297.6,1,8
114,21,23,0,440.2,1,11
115,22,1,0,266.6,1,8
116,22,3,0,429.35,1,12
117,22,13,0,232.5,1,7
118,23,1,0,699.05,1,17
119,23,10,0,192.2,1,6
120,23,13,0,323.95,1,9
121,23,15,0,412.3,1,11
122,23,17,0,153.45,1,5
123,23,18,0,116.25,1,4
124,23,21,0,446.4,1,13
125,23,24,0,305.35,1,9
126,24,1,0,903.65,1,24
127,24,13,0,449.5,1,11
128,24,18,0,237.15,1,7
129,24,23,0,305.35,1,9
130,0,2,0,161.2,1,6
131,0,3,0,353.4,1,10
132,0,4,0,285.2,1,9
133,0,5,0,474.3,1,13
134,0,6,0,246.45,1,8
135,0,8,0,427.8,1,12
136,0,9,0,379.75,1,11
137,0,10,0,931.55,1,25
138,0,11,0,158.1,1,5
139,0,12,0,401.45,1,11
140,0,14,0,632.4,1,17
141,0,15,0,1063.3,1,28
142,0,16,0,367.35,1,11
143,0,17,0,596.75,1,16
144,0,18,0,717.65,1,19
145,0,19,0,615.35,1,17
146,0,20,0,361.15,1,10
147,0,21,0,444.85,1,13
148,0,22,0,297.6,1,9
149,0,23,0,739.35,1,20
150,0,24,0,957.9,1,25
151,1,7,0,103.85,1,4
152,2,0,0,161.2,1,6
153,2,3,0,480.5,1,13
154,2,4,0,409.2,1,12
155,2,5,0,257.3,1,8
156,2,6,0,110.05,1,4
157,2,8,0,412.3,1,12
158,2,9,0,229.4,1,7
159,2,10,0,872.65,1,23
160,2,11,0,182.9,1,6
161,2,12,0,582.8,1,16
162,2,13,0,390.6,1,11
163,2,14,0,790.5,1,21
164,2,15,0,940.85,1,25
165,2,16,0,475.85,1,13
166,2,17,0,568.85,1,16
167,2,18,0,638.6,1,17
168,2,19,0,643.25,1,17
169,2,20,0,207.7,1,7
170,2,21,0,424.7,1,12
171,2,22,0,308.45,1,9
172,2,23,0,716.1,1,19
173,2,24,0,847.85,1,23
174,3,0,0,353.4,1,10
175,3,2,0,480.5,1,13
176,3,6,0,554.9,1,15
177,3,9,0,685.1,1,18
178,3,10,0,995.1,1,26
179,3,11,0,477.4,1,13
180,3,15,0,1224.5,1,32
181,3,17,0,764.15,1,20
182,3,18,0,833.9,1,22
183,3,20,0,620,1,17
184,3,23,0,888.15,1,23
185,3,24,0,1108.25,1,29
186,4,0,0,285.2,1,9
187,4,2,0,409.2,1,12
188,4,6,0,494.45,1,14
189,4,7,0,75.95,1,3
190,4,8,0,142.6,1,5
191,4,9,0,624.65,1,17
192,4,10,0,838.55,1,22
193,4,11,0,406.1,1,12
194,4,12,0,331.7,1,9
195,4,13,0,427.8,1,12
196,4,14,0,410.75,1,12
197,4,15,0,970.3,1,26
198,4,16,0,147.25,1,5
199,4,17,0,503.75,1,14
200,4,18,0,624.65,1,17
201,4,19,0,390.6,1,11
202,4,20,0,413.85,1,12
203,4,21,0,263.5,1,8
204,4,22,0,204.6,1,7
205,4,23,0,646.35,1,18
206,4,24,0,861.8,1,23
207,5,0,0,474.3,1,13
208,5,2,0,257.3,1,8
209,5,6,0,161.2,1,5
210,5,9,0,198.4,1,6
211,5,11,0,320.85,1,9
212,5,18,0,660.3,1,16
213,5,20,0,178.25,1,6
214,5,23,0,720.75,1,19
215,6,0,0,246.45,1,8
216,6,2,0,110.05,1,4
217,6,3,0,554.9,1,15
218,6,4,0,494.45,1,14
219,6,5,0,161.2,1,5
220,6,8,0,637.05,1,17
221,6,9,0,141.05,1,5
222,6,10,0,939.3,1,25
223,6,11,0,165.85,1,5
224,6,12,0,623.1,1,17
225,6,14,0,840.1,1,22
226,6,15,0,982.7,1,26
227,6,16,0,576.6,1,16
228,6,17,0,615.35,1,17
229,6,18,0,685.1,1,18
230,6,19,0,824.6,1,22
231,6,20,0,243.35,1,7
232,6,21,0,593.65,1,16
233,6,22,0,446.4,1,13
234,6,23,0,761.05,1,20
235,6,24,0,877.3,1,23
236,7,3,0,246.45,1,8
237,7,4,0,75.95,1,3
238,8,0,0,427.8,1,12
239,8,2,0,412.3,1,12
240,8,4,0,142.6,1,5
241,8,6,0,637.05,1,17
242,8,9,0,767.25,1,21
243,8,10,0,714.55,1,19
244,8,11,0,545.6,1,15
245,8,12,0,460.35,1,13
246,8,14,0,328.6,1,10
247,8,15,0,883.5,1,23
248,8,17,0,427.8,1,12
249,8,18,0,542.5,1,15
250,8,19,0,240.25,1,7
251,8,20,0,444.85,1,13
252,8,22,0,203.05,1,7
253,8,23,0,536.3,1,15
254,8,24,0,801.35,1,21
255,9,0,0,379.75,1,11
256,9,2,0,229.4,1,7
257,9,3,0,685.1,1,18
258,9,4,0,624.65,1,17
259,9,5,0,198.4,1,6
260,9,6,0,141.05,1,5
261,9,8,0,767.25,1,21
262,9,10,0,1069.5,1,28
263,9,11,0,297.6,1,8
264,9,12,0,753.3,1,20
265,9,13,0,469.65,1,12
266,9,14,0,652.55,1,18
267,9,15,0,1112.9,1,29
268,9,16,0,706.8,1,19
269,9,17,0,646.35,1,18
270,9,18,0,711.45,1,18
271,9,19,0,954.8,1,25
272,9,20,0,279,1,8
273,9,21,0,723.85,1,19
274,9,22,0,576.6,1,16
275,9,23,0,891.25,1,24
276,9,24,0,1019.9,1,27
277,10,0,0,931.55,1,25
278,10,2,0,872.65,1,23
279,10,3,0,995.1,1,26
280,10,4,0,838.55,1,22
281,10,6,0,939.3,1,25
282,10,8,0,714.55,1,19
283,10,9,0,1069.5,1,28
284,10,11,0,1133.05,1,30
285,10,12,0,1086.55,1,28
286,10,13,0,483.6,1,12
287,10,14,0,970.3,1,26
288,10,15,0,224.75,1,7
289,10,16,0,872.65,1,23
290,10,17,0,334.8,1,9
291,10,18,0,306.9,1,9
292,10,19,0,909.85,1,24
293,10,20,0,714.55,1,19
294,10,21,0,623.1,1,16
295,10,22,0,623.1,1,17
296,10,24,0,286.75,1,8
297,11,0,0,158.1,1,5
298,11,2,0,182.9,1,6
299,11,3,0,477.4,1,13
300,11,4,0,406.1,1,12
301,11,5,0,320.85,1,9
302,11,6,0,165.85,1,5
303,11,8,0,545.6,1,15
304,11,9,0,297.6,1,9
305,11,10,0,1133.05,1,30
306,11,12,0,523.9,1,14
307,11,14,0,770.35,1,21
308,11,15,0,1112.9,1,29
309,11,16,0,488.25,1,14
310,11,17,0,798.25,1,21
311,11,18,0,832.35,1,21
312,11,19,0,748.65,1,20
313,11,20,0,406.1,1,11
314,11,21,0,649.45,1,18
315,11,22,0,499.1,1,14
316,11,23,0,852.5,1,23
317,11,24,0,1021.45,1,27
318,12,0,0,401.45,1,11
319,12,2,0,582.8,1,16
320,12,4,0,331.7,1,10
321,12,6,0,623.1,1,17
322,12,8,0,460.35,1,13
323,12,9,0,753.3,1,20
324,12,10,0,1086.55,1,28
325,12,11,0,523.9,1,14
326,12,13,0,776.55,1,20
327,12,14,0,550.25,1,15
328,12,15,0,1233.8,1,32
329,12,16,0,296.05,1,9
330,12,17,0,776.55,1,21
331,12,18,0,1038.5,1,27
332,12,19,0,523.9,1,14
333,12,20,0,637.05,1,17
334,12,21,0,554.9,1,15
335,12,22,0,556.45,1,15
336,12,23,0,919.15,1,24
337,12,24,0,1137.7,1,30
338,13,2,0,390.6,1,11
339,13,4,0,427.8,1,12
340,13,8,0,415.4,1,11
341,13,9,0,469.65,1,12
342,13,14,0,655.65,1,17
343,13,16,0,530.1,1,14
344,14,0,0,632.4,1,17
345,14,2,0,790.5,1,21
346,14,4,0,410.75,1,12
347,14,6,0,840.1,1,22
348,14,8,0,328.6,1,10
349,14,9,0,652.55,1,18
350,14,10,0,970.3,1,26
351,14,11,0,770.35,1,21
352,14,12,0,550.25,1,15
353,14,13,0,655.65,1,17
354,14,15,0,1106.7,1,28
355,14,16,0,272.8,1,8
356,14,17,0,671.15,1,18
357,14,18,0,798.25,1,20
358,14,20,0,852.5,1,23
359,14,22,0,527,1,15
360,14,23,0,818.4,1,20
361,14,24,0,995.1,1,26
362,15,0,0,1063.3,1,28
363,15,2,0,940.85,1,25
364,15,3,0,1224.5,1,32
365,15,4,0,970.3,1,26
366,15,6,0,982.7,1,26
367,15,8,0,883.5,1,23
368,15,9,0,1112.9,1,29
369,15,10,0,224.75,1,7
370,15,11,0,1112.9,1,29
371,15,12,0,1233.8,1,32
372,15,14,0,1106.7,1,28
373,15,16,0,1027.65,1,27
374,15,17,0,454.15,1,12
375,15,19,0,1023,1,27
376,15,20,0,757.95,1,19
377,15,22,0,733.15,1,19
378,15,24,0,110.05,1,4
379,16,0,0,367.35,1,11
380,16,2,0,475.85,1,13
381,16,4,0,147.25,1,5
382,16,6,0,576.6,1,16
383,16,7,0,155,1,5
384,16,9,0,706.8,1,19
385,16,10,0,872.65,1,23
386,16,11,0,488.25,1,14
387,16,12,0,296.05,1,8
388,16,14,0,272.8,1,8
389,16,15,0,1027.65,1,27
390,16,17,0,570.4,1,16
391,16,18,0,686.65,1,19
392,16,19,0,251.1,1,7
393,16,20,0,525.45,1,15
394,16,22,0,302.25,1,9
395,16,23,0,692.85,1,19
396,16,24,0,951.7,1,25
397,17,0,0,596.75,1,16
398,17,2,0,568.85,1,16
399,17,3,0,764.15,1,20
400,17,4,0,503.75,1,14
401,17,5,0,530.1,1,14
402,17,6,0,615.35,1,17
403,17,8,0,427.8,1,12
404,17,9,0,649.45,1,18
405,17,10,0,334.8,1,10
406,17,11,0,798.25,1,21
407,17,12,0,776.55,1,21
408,17,14,0,671.15,1,17
409,17,15,0,454.15,1,12
410,17,16,0,570.4,1,16
411,17,19,0,581.25,1,16
412,17,20,0,373.55,1,10
413,17,22,0,294.5,1,8
414,17,23,0,153.45,1,5
415,17,24,0,362.7,1,10
416,18,0,0,719.2,1,19
417,18,2,0,638.6,1,17
418,18,3,0,833.9,1,22
419,18,4,0,624.65,1,17
420,18,5,0,660.3,1,16
421,18,6,0,685.1,1,18
422,18,8,0,542.5,1,15
423,18,9,0,711.45,1,18
424,18,11,0,832.35,1,21
425,18,12,0,1038.5,1,27
426,18,14,0,798.25,1,21
427,18,16,0,686.65,1,19
428,18,20,0,438.65,1,12
429,19,0,0,615.35,1,17
430,19,2,0,643.25,1,17
431,19,4,0,390.6,1,11
432,19,6,0,824.6,1,22
433,19,9,0,954.8,1,25
434,19,10,0,909.85,1,24
435,19,11,0,748.65,1,20
436,19,12,0,523.9,1,14
437,19,13,0,565.75,1,14
438,19,15,0,1023,1,27
439,19,16,0,251.1,1,7
440,19,17,0,581.25,1,16
441,19,18,0,709.9,1,18
442,19,20,0,764.15,1,20
443,19,22,0,437.1,1,12
444,19,23,0,728.5,1,18
445,19,24,0,942.4,1,25
446,20,0,0,361.15,1,10
447,20,2,0,207.7,1,7
448,20,3,0,620,1,17
449,20,4,0,413.85,1,12
450,20,5,0,178.25,1,6
451,20,6,0,243.35,1,7
452,20,8,0,444.85,1,13
453,20,9,0,279,1,8
454,20,10,0,714.55,1,19
455,20,11,0,406.1,1,11
456,20,12,0,637.05,1,17
457,20,14,0,878.85,1,23
458,20,15,0,757.95,1,19
459,20,16,0,525.45,1,15
460,20,17,0,373.55,1,11
461,20,18,0,438.65,1,12
462,20,19,0,764.15,1,20
463,20,21,0,466.55,1,13
464,20,22,0,272.8,1,8
465,20,24,0,641.7,1,17
466,21,0,0,444.85,1,13
467,21,2,0,424.7,1,12
468,21,4,0,263.5,1,8
469,21,6,0,593.65,1,16
470,21,9,0,723.85,1,19
471,21,10,0,623.1,1,16
472,21,11,0,646.35,1,18
473,21,12,0,554.9,1,15
474,21,16,0,305.35,1,9
475,21,20,0,466.55,1,13
476,21,22,0,142.6,1,5
477,21,24,0,651,1,18
478,22,0,0,297.6,1,9
479,22,2,0,308.45,1,10
480,22,4,0,204.6,1,7
481,22,6,0,446.4,1,13
482,22,8,0,203.05,1,6
483,22,9,0,576.6,1,16
484,22,10,0,623.1,1,17
485,22,11,0,499.1,1,14
486,22,12,0,556.45,1,15
487,22,14,0,527,1,15
488,22,15,0,733.15,1,19
489,22,16,0,302.25,1,9
490,22,17,0,294.5,1,8
491,22,18,0,404.55,1,10
492,22,19,0,437.1,1,12
493,22,20,0,272.8,1,9
494,22,21,0,142.6,1,5
495,22,23,0,432.45,1,11
496,22,24,0,643.25,1,17
497,23,0,0,739.35,1,20
498,23,2,0,716.1,1,19
499,23,3,0,888.15,1,23
500,23,4,0,646.35,1,18
501,23,6,0,761.05,1,20
502,23,8,0,536.3,1,15
503,23,9,0,891.25,1,24
504,23,11,0,852.5,1,23
505,23,12,0,919.15,1,24
506,23,14,0,818.4,1,20
507,23,16,0,692.85,1,19
508,23,19,0,728.5,1,18
509,23,20,0,522.35,1,14
510,23,22,0,432.45,1,11
511,24,0,0,957.9,1,25
512,24,2,0,847.85,1,23
513,24,3,0,1108.25,1,29
514,24,4,0,861.8,1,23
515,24,6,0,877.3,1,23
516,24,8,0,801.35,1,21
517,24,9,0,1019.9,1,27
518,24,10,0,286.75,1,8
519,24,11,0,1021.45,1,27
520,24,12,0,1137.7,1,30
521,24,14,0,995.1,1,26
522,24,15,0,110.05,1,4
523,24,16,0,951.7,1,25
524,24,17,0,362.7,1,10
525,24,19,0,942.4,1,25
526,24,20,0,641.7,1,17
527,24,21,0,651,1,16
528,24,22,0,643.25,1,17
PATHS,600
Index,Shipment origin,Shipment destination,1st terminal on path,2nd terminal on path,.....,6th terminal on path
0,0,1,0,1
1,0,2,0,1,2
2,0,3,0,1,3
3,0,4,0,1,4
4,0,5,0,1,5
5,0,6,0,1,6
6,0,7,0,1,7
7,0,8,0,1,8
8,0,9,0,1,9
9,0,10,0,1,10
10,0,11,0,1,11
11,0,12,0,1,12
12,0,13,0,1,13
13,0,14,0,1,14
14,0,15,0,1,15
15,0,16,0,1,16
16,0,17,0,1,17
17,0,18,0,1,18
18,0,19,0,1,19
19,0,20,0,1,20
20,0,21,0,1,21
21,0,22,0,1,22
22,0,23,0,1,23
23,0,24,0,1,24
24,1,0,1,0
25,1,2,1,2
26,1,3,1,3
27,1,4,1,4
28,1,5,1,5
29,1,6,1,6
30,1,7,1,7
31,1,8,1,8
32,1,9,1,9
33,1,10,1,10
34,1,11,1,11
35,1,12,1,12
36,1,13,1,13
37,1,14,1,14
38,1,15,1,15
39,1,16,1,16
40,1,17,1,17
41,1,18,1,18
42,1,19,1,19
43,1,20,1,20
44,1,21,1,21
45,1,22,1,22
46,1,23,1,23
47,1,24,1,24
48,2,0,2,1,0
49,2,1,2,1
50,2,3,2,1,3
51,2,4,2,1,4
52,2,5,2,1,5
53,2,6,2,1,6
54,2,8,2,1,8
55,2,7,2,1,7
56,2,9,2,1,9
57,2,10,2,1,10
58,2,11,2,1,11
59,2,12,2,1,12
60,2,13,2,1,13
61,2,14,2,1,14
62,2,15,2,1,15
63,2,16,2,1,16
64,2,17,2,1,17
65,2,18,2,1,18
66,2,19,2,1,19
67,2,20,2,1,20
68,2,21,2,1,21
69,2,22,2,1,22
70,2,23,2,1,23
71,2,24,2,1,24
72,3,0,3,1,0
73,3,1,3,1
74,3,2,3,1,2
75,3,4,3,4
76,3,5,3,1,5
77,3,6,3,1,6
78,3,7,3,1,7
79,3,8,3,8
80,3,9,3,1,9
81,3,10,3,13,10
82,3,11,3,1,11
83,3,12,3,12
84,3,13,3,13
85,3,14,3,14
86,3,15,3,13,15
87,3,16,3,16
88,3,17,3,13,17
89,3,18,3,13,18
90,3,19,3,19
91,3,20,3,1,20
92,3,21,3,21
93,3,22,3,22
94,3,23,3,21,23
95,3,24,3,13,24
96,4,0,4,1,0
97,4,1,4,1
98,4,2,4,1,2
99,4,3,4,3
100,4,5,4,1,5
101,4,6,4,1,6
102,4,7,4,1,7
103,4,8,4,1,8
104,4,9,4,1,9
105,4,10,4,1,10
106,4,11,4,1,11
107,4,12,4,3,12
108,4,13,4,1,13
109,4,14,4,3,14
110,4,15,4,1,15
111,4,16,4,3,16
112,4,17,4,1,17
113,4,18,4,1,18
114,4,19,4,3,19
115,4,20,4,1,20
116,4,21,4,1,21
117,4,22,4,1,22
118,4,23,4,1,23
119,4,24,4,1,24
120,5,0,5,1,0
121,5,1,5,1
122,5,2,5,1,2
123,5,3,5,1,3
124,5,4,5,1,4
125,5,6,5,1,6
126,5,7,5,1,7
127,5,8,5,1,8
128,5,9,5,1,9
129,5,10,5,13,10
130,5,11,5,1,11
131,5,12,5,1,12
132,5,13,5,13
133,5,14,5,1,14
134,5,15,5,13,15
135,5,16,5,1,16
136,5,17,5,13,17
137,5,18,5,13,18
138,5,19,5,13,21,19
139,5,20,5,13,20
140,5,21,5,13,21
141,5,22,5,1,22
142,5,23,5,13,23
143,5,24,5,13,24
144,6,0,6,1,0
145,6,1,6,1
146,6,2,6,1,2
147,6,3,6,1,3
148,6,4,6,1,4
149,6,5,6,1,5
150,6,7,6,1,7
151,6,8,6,1,8
152,6,9,6,1,9
153,6,10,6,1,10
154,6,11,6,1,11
155,6,12,6,1,12
156,6,13,6,1,13
157,6,14,6,1,14
158,6,15,6,1,15
159,6,16,6,1,16
160,6,17,6,1,17
161,6,18,6,1,18
162,6,19,6,1,19
163,6,20,6,1,20
164,6,21,6,1,21
165,6,22,6,1,22
166,6,23,6,1,23
167,6,24,6,1,24
168,7,0,7,1,0
169,7,1,7,1
170,7,2,7,1,2
171,7,3,7,3
172,7,4,7,4
173,7,5,7,1,5
174,7,6,7,3,6
175,7,8,7,3,8
176,7,9,7,1,9
177,7,10,7,1,9
178,7,11,7,3,11
179,7,12,7,4,12
180,7,13,7,4,13
181,7,14,7,4,14
182,7,15,7,4,15
183,7,16,7,4,16
184,7,17,7,1,17
185,7,18,7,1,18
186,7,19,7,1,19
187,7,20,7,1,20
188,7,21,7,1,21
189,7,22,7,1,22
190,7,23,7,1,23
191,7,24,7,1,24
192,8,0,8,1,0
193,8,1,8,1
194,8,2,8,1,2
195,8,3,8,3
196,8,4,8,1,4
197,8,5,8,1,5
198,8,6,8,1,6
199,8,7,8,1,7
200,8,9,8,1,9
201,8,10,8,21,23,10
202,8,11,8,1,11
203,8,12,8,3,12
204,8,13,8,21,13
205,8,14,8,21,14
206,8,15,8,21,13,15
207,8,16,8,3,16
208,8,17,8,21,17
209,8,18,8,21,18
210,8,19,8,21,19
211,8,20,8,1,20
212,8,21,8,21
213,8,22,8,1,22
214,8,23,8,21,23
215,8,24,8,21,13,24
216,9,0,9,1,0
217,9,1,9,1
218,9,2,9,1,2
219,9,3,9,1,3
220,9,4,9,1,4
221,9,5,9,1,5
222,9,6,9,1,6
223,9,7,9,1,7
224,9,8,9,1,8
225,9,10,9,1,10
226,9,11,9,1,11
227,9,12,9,1,12
228,9,13,9,1,13
229,9,14,9,1,14
230,9,15,9,1,15
231,9,16,9,1,16
232,9,17,9,1,17
233,9,18,9,1,18
234,9,19,9,1,19
235,9,20,9,1,20
236,9,21,9,1,21
237,9,22,9,1,22
238,9,23,9,1,23
239,9,24,9,1,24
240,10,0,10,1,0
241,10,1,10,1
242,10,2,10,1,2
243,10,3,10,1,3
244,10,4,10,1,4
245,10,5,10,23,13,5
246,10,6,10,23,13,6
247,10,7,10,1,7
248,10,8,10,23,21,8
249,10,9,10,1,9
250,10,11,10,1,11
251,10,12,10,1,12
252,10,13,10,23,13
253,10,14,10,23,21,14
254,10,15,10,23,15
255,10,16,10,1,16
256,10,17,10,23,17
257,10,18,10,23,18
258,10,19,10,23,21,19
259,10,20,10,23,13,20
260,10,21,10,23,21
261,10,22,10,23,22
262,10,23,10,23
263,10,24,10,23,24
264,11,0,11,1,0
265,11,1,11,1
266,11,2,11,1,2
267,11,3,11,1,3
268,11,4,11,1,4
269,11,5,11,1,5
270,11,6,11,1,6
271,11,7,11,1,7
272,11,8,11,1,8
273,11,9,11,1,9
274,11,10,11,13,10
275,11,12,11,1,12
276,11,13,11,13
277,11,14,11,1,14
278,11,15,11,13,15
279,11,16,11,1,16
280,11,17,11,13,17
281,11,18,11,13,18
282,11,19,11,1,19
283,11,20,11,1,20
284,11,21,11,1,21
285,11,22,11,1,22
286,11,23,11,13,23
287,11,24,11,13,24
288,12,0,12,1,0
289,12,1,12,1
290,12,2,12,1,2
291,12,3,12,3
292,12,4,12,3,4
293,12,5,12,1,5
294,12,6,12,1,6
295,12,7,12,1,7
296,12,8,12,3,8
297,12,9,12,1,9
298,12,10,12,1,10
299,12,11,12,1,11
300,12,13,12,3,13
301,12,14,12,3,14
302,12,15,12,1,15
303,12,16,12,3,16
304,12,17,12,1,17
305,12,18,12,1,18
306,12,19,12,3,19
307,12,20,12,1,20
308,12,21,12,3,21
309,12,22,12,3,22
310,12,23,12,1,23
311,12,24,12,1,24
312,13,0,13,1,0
313,13,1,13,1
314,13,2,13,1,2
315,13,3,13,3
316,13,4,13,4
317,13,5,13,5
318,13,6,13,6
319,13,7,13,1,7
320,13,8,13,21,8
321,13,9,13,1,9
322,13,10,13,10
323,13,11,13,11
324,13,12,13,3,12
325,13,14,13,21,14
326,13,15,13,15
327,13,16,13,1,16
328,13,17,13,17
329,13,18,13,18
330,13,19,13,21,19
331,13,20,13,20
332,13,21,13,21
333,13,22,13,22
334,13,23,13,23
335,13,24,13,24
336,14,0,14,1,0
337,14,1,14,1
338,14,2,14,1,2
339,14,3,14,3
340,14,4,14,3,4
341,14,5,14,1,5
342,14,6,14,1,6
343,14,7,14,1,7
344,14,8,14,3,8
345,14,9,14,1,9
346,14,10,14,21,23,10
347,14,11,14,1,11
348,14,12,14,3,12
349,14,13,14,21,13
350,14,15,14,21,13,15
351,14,16,14,3,16
352,14,17,14,21,17
353,14,18,14,21,18
354,14,19,14,1,19
355,14,20,14,1,20
356,14,21,14,21
357,14,22,14,1,22
358,14,23,14,21,23
359,14,24,14,21,13,24
360,15,0,15,1,0
361,15,1,15,1
362,15,2,15,1,2
363,15,3,15,13,3
364,15,4,15,1,4
365,15,5,15,13,5
366,15,6,15,13,6
367,15,7,15,1,7
368,15,8,15,21,8
369,15,9,15,1,9
370,15,10,15,10
371,15,11,15,1,11
372,15,12,15,1,12
373,15,13,15,13
374,15,14,15,21,14
375,15,16,15,1,16
376,15,17,15,17
377,15,18,15,18
378,15,19,15,21,19
379,15,20,15,13,20
380,15,21,15,21
381,15,22,15,13,22
382,15,23,15,23
383,15,24,15,24
384,16,0,16,1,0
385,16,1,16,1
386,16,2,16,1,2
387,16,3,16,3
388,16,4,16,3,4
389,16,5,16,1,5
390,16,6,16,1,6
391,16,7,16,1,7
392,16,8,16,3,8
393,16,9,16,1,9
394,16,10,16,13,10
395,16,11,16,1,11
396,16,12,16,3,12
397,16,13,16,13
398,16,14,16,3,14
399,16,15,16,13,15
400,16,17,16,13,17
401,16,18,16,13,18
402,16,19,16,3,19
403,16,20,16,1,20
404,16,21,16,21
405,16,22,16,3,22
406,16,23,16,13,23
407,16,24,16,13,24
408,17,0,17,1,0
409,17,1,17,1
410,17,2,17,1,2
411,17,3,17,13,3
412,17,4,17,1,4
413,17,5,17,13,5
414,17,6,17,13,6
415,17,7,17,1,7
416,17,8,17,21,8
417,17,9,17,1,9
418,17,10,17,13,10
419,17,11,17,1,11
420,17,12,17,1,12
421,17,13,17,13
422,17,14,17,21,14
423,17,15,17,13,15
424,17,16,17,1,16
425,17,18,17,18
426,17,19,17,21,19
427,17,20,17,13,20
428,17,21,17,21
429,17,22,17,13,22
430,17,23,17,13,23
431,17,24,17,13,24
432,18,0,18,1,0
433,18,1,18,1
434,18,2,18,1,2
435,18,3,18,13,3
436,18,4,18,1,4
437,18,5,18,13,5
438,18,6,18,13,6
439,18,7,18,1,7
440,18,8,18,21,8
441,18,9,18,13,1,9
442,18,10,18,10
443,18,11,18,1,11
444,18,12,18,1,12
445,18,13,18,13
446,18,14,18,21,14
447,18,15,18,15
448,18,16,18,1,16
449,18,17,18,17
450,18,19,18,21,19
451,18,20,18,13,20
452,18,21,18,21
453,18,22,18,13,22
454,18,23,18,23
455,18,24,18,24
456,19,0,19,1,0
457,19,1,19,1
458,19,2,19,1,2
459,19,3,19,3
460,19,4,19,3,4
461,19,5,19,1,5
462,19,6,19,1,6
463,19,7,19,1,7
464,19,8,19,21,8
465,19,9,19,1,9
466,19,10,19,1,10
467,19,11,19,1,11
468,19,12,19,3,12
469,19,13,19,21,13
470,19,14,19,1,14
471,19,15,19,21,13,15
472,19,16,19,3,16
473,19,17,19,21,17
474,19,18,19,21,18
475,19,20,19,1,20
476,19,21,19,21
477,19,22,19,1,22
478,19,23,19,21,23
479,19,24,19,21,13,24
480,20,0,20,1,0
481,20,1,20,1
482,20,2,20,1,2
483,20,3,20,1,3
484,20,4,20,1,4
485,20,5,20,1,5
486,20,6,20,1,6
487,20,7,20,1,7
488,20,8,20,1,8
489,20,9,20,1,9
490,20,10,20,13,10
491,20,11,20,1,11
492,20,12,20,1,12
493,20,13,20,13
494,20,14,20,1,14
495,20,15,20,13,15
496,20,16,20,1,16
497,20,17,20,13,17
498,20,18,20,13,18
499,20,19,20,1,19
500,20,21,20,1,21
501,20,22,20,13,22
502,20,23,20,13,23
503,20,24,20,13,24
504,21,0,21,1,0
505,21,1,21,1
506,21,2,21,1,2
507,21,3,21,3
508,21,4,21,1,4
509,21,5,21,13,5
510,21,6,21,13,6
511,21,7,21,1,7
512,21,8,21,8
513,21,9,21,1,9
514,21,10,21,23,10
515,21,11,21,1,11
516,21,12,21,3,12
517,21,13,21,13
518,21,14,21,14
519,21,15,21,13,15
520,21,16,21,3,16
521,21,17,21,17
522,21,18,21,18
523,21,19,21,19
524,21,20,21,1,20
525,21,22,21,1,22
526,21,23,21,23
527,21,24,21,13,24
528,22,0,22,1,0
529,22,1,22,1
530,22,2,22,1,2
531,22,3,22,3
532,22,4,22,1,4
533,22,5,22,13,5
534,22,6,22,1,6
535,22,7,22,1,7
536,22,8,22,1,8
537,22,9,22,1,9
538,22,10,22,13,10
539,22,11,22,1,11
540,22,12,22,3,12
541,22,13,22,13
542,22,14,22,1,14
543,22,15,22,13,15
544,22,16,22,1,16
545,22,17,22,13,17
546,22,18,22,13,18
547,22,19,22,1,19
548,22,20,22,13,20
549,22,21,22,1,21
550,22,23,22,13,23
551,22,24,22,13,24
552,23,0,23,1,0
553,23,1,23,1
554,23,2,23,1,2
555,23,3,23,1,3
556,23,4,23,1,4
557,23,5,23,13,5
558,23,6,23,13,6
559,23,7,23,1,7
560,23,8,23,21,8
561,23,9,23,1,9
562,23,10,23,10
563,23,11,23,1,11
564,23,12,23,1,12
565,23,13,23,13
566,23,14,23,21,14
567,23,15,23,15
568,23,16,23,1,16
569,23,17,23,17
570,23,18,23,18
571,23,19,23,21,19
572,23,20,23,13,20
573,23,21,23,21
574,23,22,23,22
575,23,24,23,24
576,24,0,24,1,0
577,24,1,24,1
578,24,2,24,1,2
579,24,3,24,13,3
580,24,4,24,1,4
581,24,5,24,13,5
582,24,6,24,13,6
583,24,7,24,1,7
584,24,8,24,18,21,8
585,24,9,24,13,1,9
586,24,10,24,23,10
587,24,11,24,13,11
588,24,12,24,1,12
589,24,13,24,13
590,24,14,24,18,21,14
591,24,15,24,15
592,24,16,24,1,16
593,24,17,24,13,17
594,24,18,24,18
595,24,19,24,18,21,19
596,24,20,24,13,20
597,24,21,24,18,21
598,24,22,24,13,22
599,24,23,24,23
COMMODITIES,450
Index,Origin,Destination,Demand/Size,Earliest available time,Latest delivery time
0,17,22,0.159793,40,137
1,19,1,0.241852,182,279
2,5,1,0.751877,184,283
3,22,24,0.447945,90,192
4,23,1,0.467775,182,283
5,8,1,0.853947,40,133
6,0,21,0.435918,138,238
7,3,10,0.102939,40,156
8,24,17,0.738608,90,191
9,18,6,0.729755,90,193
10,22,11,0.43213,88,188
11,23,0,0.728416,88,194
12,19,12,0.0417819,182,282
13,8,16,0.0120664,40,138
14,23,18,0.822161,186,274
15,10,21,0.0466681,86,189
16,1,3,0.15626,182,274
17,13,4,0.0866608,136,232
18,8,3,0.679628,38,131
19,15,17,0.83719,186,282
20,22,17,0.312031,134,231
21,17,15,0.466729,90,194
22,11,3,0.852489,136,236
23,11,3,0.704065,134,234
24,1,4,0.771323,184,274
25,2,20,0.953296,38,139
26,18,2,0.418816,136,244
27,15,6,0.197533,138,250
28,24,8,0.0623898,138,245
29,4,1,0.695478,38,128
30,1,3,0.388266,40,132
31,24,11,0.65613,90,202
32,9,1,0.132811,88,184
33,0,13,0.384008,134,237
34,15,17,0.026806,90,186
35,13,20,0.298139,86,176
36,1,23,0.0786457,136,238
37,15,17,0.803649,182,278
38,4,23,0.121957,134,242
39,16,22,0.345236,86,188
40,20,17,0.40086,42,138
41,10,14,0.105731,136,249
42,4,14,0.457692,88,191
43,13,18,0.486816,138,229
44,21,24,0.302599,90,193
45,18,24,0.39698,38,129
46,19,15,0.521449,38,152
47,20,18,0.274454,138,235
48,13,20,0.25128,184,274
49,9,16,0.913857,134,238
50,20,2,0.222756,138,239
51,8,17,0.413405,134,231
52,18,5,0.108707,38,139
53,1,3,0.203144,184,276
54,17,19,0.699659,136,236
55,24,16,0.0216266,136,252
56,22,9,0.195428,90,194
57,18,10,0.329503,136,230
58,22,13,0.727935,40,131
59,17,11,0.114218,42,148
60,3,21,0.478289,90,188
61,22,16,0.125324,42,142
62,18,8,0.696162,138,238
63,20,16,0.0150763,86,188
64,21,24,0.276278,136,239
65,10,9,0.3546,134,253
66,5,22,0.303315,134,241
67,5,20,0.347724,186,286
68,15,12,0.915921,136,254
69,15,23,0.612797,38,133
70,23,11,0.300671,42,151
71,12,13,0.184119,38,147
72,0,12,0.277065,86,185
73,16,10,0.0270612,134,247
74,20,23,0.101147,136,235
75,5,19,0.120184,42,152
76,24,21,0.122166,42,144
77,16,11,0.667695,134,234
78,17,0,0.00923919,184,287
79,11,12,0.436723,182,284
80,16,15,0.602573,138,253
81,20,10,0.469081,90,192
82,2,20,0.985512,182,283
83,12,6,0.135848,38,141
84,19,13,0.511501,88,188
85,24,23,0.673417,182,275
86,19,4,0.0674209,42,145
87,1,0,0.20194,86,175
88,17,15,0.139269,88,192
89,10,14,0.120385,86,199
90,18,0,0.226363,134,240
91,13,1,0.252273,134,231
92,2,23,0.103563,134,243
93,15,19,0.899876,90,202
94,16,18,0.156238,40,148
95,13,10,0.824562,186,282
96,10,1,0.66748,88,195
97,11,16,0.349055,182,282
98,10,20,0.102732,138,243
99,11,23,0.625742,86,195
100,12,16,0.75221,184,278
101,4,14,0.474322,40,143
102,22,6,0.287825,40,141
103,18,8,0.366671,182,282
104,18,13,0.216344,186,277
105,22,23,0.592625,38,138
106,24,11,0.627913,38,150
107,0,6,0.128889,42,140
108,1,18,0.759915,182,284
109,14,10,0.190733,134,245
110,19,8,0.40882,90,187
111,22,1,0.325237,184,276
112,14,3,0.430942,86,181
113,12,21,0.379809,182,285
114,11,4,0.0951101,86,184
115,14,18,0.650584,86,193
116,11,12,0.624529,184,286
117,24,17,0.77404,184,285
118,13,11,0.126088,90,191
119,4,13,0.328743,86,190
120,1,18,0.194207,90,192
121,0,14,0.28078,88,193
122,16,21,0.666865,38,131
123,12,21,0.380531,90,193
124,21,12,0.0136336,182,284
125,1,0,0.0224675,136,225
126,21,14,0.0095621,186,280
127,24,21,0.109723,40,142
128,15,1,0.970932,86,194
129,0,18,0.787346,42,149
130,17,24,0.625755,42,143
131,14,11,0.674615,138,246
132,24,10,0.968898,186,285
133,23,22,0.349902,88,183
134,16,0,0.684552,184,281
135,20,17,0.45185,136,232
136,1,11,0.303836,42,134
137,18,22,0.974604,138,236
138,19,1,0.647212,184,281
139,16,15,0.525701,90,205
140,18,8,0.629455,90,190
141,24,1,0.825333,40,148
142,14,5,0.359006,136,251
143,4,17,0.00631065,138,244
144,16,15,0.527177,88,203
145,0,4,0.0310182,38,133
146,8,16,0.0110087,186,284
147,15,21,0.243064,86,190
148,19,3,0.93533,182,277
149,21,19,0.402724,136,228
150,22,12,0.526861,134,235
151,21,22,0.0201477,38,141
152,10,21,0.0448689,134,237
153,2,23,0.104646,90,199
154,3,22,0.475155,134,231
155,14,5,0.332147,38,153
156,19,1,0.785428,136,233
157,3,18,0.47492,134,245
158,13,23,0.71275,184,277
159,13,21,0.520221,42,134
160,10,3,0.0606621,136,251
161,13,20,0.442494,90,180
162,14,6,0.153656,38,147
163,16,3,0.999001,40,129
164,19,12,0.0414658,138,238
165,18,10,0.675885,90,184
166,0,5,0.2044,90,194
167,19,1,0.341657,90,187
168,22,11,0.452702,138,238
169,23,8,0.228772,138,240
170,14,17,0.0876893,186,288
171,4,17,0.00545919,182,288
172,24,23,0.102107,88,181
173,8,19,0.095813,138,235
174,5,8,0.0524023,42,150
175,10,21,0.0432577,136,239
176,10,15,0.149873,134,235
177,14,5,0.324447,90,205
178,2,21,0.00532051,40,142
179,17,11,0.113449,88,194
180,24,1,0.42763,86,194
181,16,19,0.665907,86,186
182,19,16,0.120064,42,142
183,3,5,0.889851,88,195
184,22,10,0.0734129,86,189
185,18,22,0.111386,88,186
186,17,19,0.650331,38,138
187,3,15,0.328301,86,204
188,13,2,0.315104,42,146
189,14,23,0.376891,40,145
190,13,1,0.578531,186,283
191,23,3,0.805664,90,199
192,1,21,0.994463,38,133
193,12,3,0.37003,134,223
194,16,8,0.21138,88,186
195,3,11,0.32716,86,186
196,23,3,0.963742,134,243
197,16,0,0.75188,38,135
198,8,3,0.1075,90,183
199,16,6,0.111752,90,191
200,4,15,0.226952,138,252
201,19,3,0.649399,40,135
202,16,21,0.66048,88,181
203,22,8,0.27526,134,235
204,10,13,0.0120065,42,141
205,3,14,0.243067,136,231
206,21,20,0.00755227,136,241
207,5,3,0.662486,88,195
208,3,5,0.773927,38,145
209,13,6,0.851029,136,232
210,3,19,0.469185,186,281
211,1,21,0.802758,42,137
212,2,12,0.0487956,86,187
213,13,22,0.149221,186,277
214,6,17,0.0562444,90,199
215,24,16,0.0192774,134,250
216,14,11,0.7658,134,242
217,19,15,0.567738,42,156
218,1,4,0.946187,138,228
219,18,10,0.104999,38,132
220,24,17,0.767114,136,237
221,21,13,0.77367,86,178
222,13,11,0.190378,88,189
223,21,24,0.311506,184,287
224,16,21,0.666217,42,135
225,0,3,0.360387,86,183
226,11,16,0.391566,42,142
227,15,8,0.0441793,134,243
228,11,3,0.592489,88,188
229,20,13,0.742649,136,226
230,14,2,0.0835863,88,195
231,0,21,0.42439,40,140
232,11,16,0.377535,184,284
233,22,2,0.589991,184,283
234,17,8,0.200078,40,137
235,19,21,0.694842,186,278
236,8,3,0.829922,134,227
237,24,0,0.0496369,90,203
238,0,11,0.000307483,38,135
239,2,20,0.959567,88,189
240,17,10,0.519717,136,238
241,1,2,0.154359,136,227
242,1,17,0.937347,134,234
243,8,15,0.0400933,138,249
244,12,11,0.201175,134,236
245,24,12,0.0379055,134,252
246,21,3,0.240944,40,137
247,19,4,0.0737111,184,287
248,10,17,0.169397,42,137
249,12,3,0.316295,88,177
250,21,14,0.00953279,42,136
251,4,11,0.250316,138,236
252,1,9,0.549379,38,134
253,16,19,0.591527,184,284
254,10,13,0.771784,90,189
255,1,21,0.0246067,138,233
256,0,13,0.36899,182,285
257,0,11,0.00423185,90,187
258,1,2,0.748984,38,129
259,12,11,0.180292,42,144
260,8,15,0.044107,88,199
261,2,20,0.97974,138,239
262,12,20,0.750651,38,142
263,22,18,0.824564,38,136
264,22,11,0.414656,184,284
265,5,24,0.069795,136,241
266,11,15,0.00429778,38,152
267,24,8,0.0623091,40,147
268,14,0,0.717329,40,145
269,3,21,0.95798,38,136
270,3,19,0.493061,40,135
271,16,0,0.714135,182,279
272,24,14,0.146418,138,250
273,5,3,0.679144,38,145
274,18,22,0.109269,90,188
275,3,0,0.284904,90,187
276,22,23,0.602738,90,190
277,2,19,0.326321,184,288
278,19,8,0.402895,40,137
279,1,8,0.175655,134,227
280,3,11,0.467154,42,142
281,18,16,0.462613,90,199
282,8,19,0.083973,90,187
283,24,21,0.117694,38,140
284,5,23,0.866583,38,141
285,17,23,0.506769,88,187
286,16,18,0.165864,136,244
287,10,8,0.293656,38,146
288,5,16,0.4194,38,145
289,9,12,0.00454545,42,148
290,20,12,0.0171266,138,242
291,4,16,0.443858,42,139
292,10,17,0.173112,88,183
293,11,15,0.290959,88,202
294,4,16,0.447541,134,231
295,23,19,0.497709,42,147
296,14,15,0.889812,136,252
297,15,23,0.671053,184,279
298,12,23,0.0673101,136,248
299,8,4,0.00941406,38,137
300,18,16,0.518353,88,197
301,11,10,0.282632,88,200
302,12,21,0.372346,134,237
303,24,2,0.362292,136,251
304,10,23,0.233894,88,178
305,2,19,0.328658,138,242
306,13,6,0.895741,134,230
307,8,15,0.0472815,38,149
308,1,20,0.529275,136,230
309,14,13,0.787604,186,288
310,13,22,0.0188835,182,273
311,23,5,0.806647,40,143
312,0,21,0.404924,42,142
313,18,11,0.951305,38,147
314,1,10,0.437173,86,196
315,19,23,0.644836,90,193
316,20,16,0.0135614,186,288
317,20,17,0.417198,90,186
318,8,12,0.233613,86,184
319,12,10,0.767633,42,162
320,4,16,0.453594,136,233
321,14,13,0.993645,182,284
322,8,14,0.0173092,86,185
323,13,0,0.568997,136,238
324,10,24,0.844377,90,189
325,15,19,0.903783,138,250
326,22,12,0.507283,186,287
327,23,6,0.692219,138,243
328,23,15,0.967803,88,183
329,20,13,0.0122055,42,132
330,21,22,0.0212554,42,145
331,12,17,0.00593875,138,248
332,14,9,0.562673,42,154
333,21,8,0.467378,138,227
334,20,2,0.212121,182,283
335,8,4,0.00875326,40,139
336,0,12,0.289165,136,235
337,23,22,0.291696,38,133
338,2,4,0.922718,184,281
339,9,3,0.411905,38,142
340,23,12,0.338411,138,249
341,0,4,0.0353478,86,181
342,20,19,0.454663,40,147
343,0,11,0.991364,88,185
344,12,22,0.222551,42,144
345,15,23,0.877578,88,183
346,18,17,0.621586,134,223
347,22,6,0.307854,134,235
348,23,14,0.497441,40,147
349,22,14,0.257249,134,242
350,15,13,0.059464,42,142
351,4,17,0.00559081,42,148
352,20,19,0.420611,134,241
353,16,10,0.0298877,90,203
354,23,3,0.784926,88,197
355,3,2,0.889882,90,189
356,24,13,0.787245,182,277
357,22,0,0.193172,182,279
358,15,18,0.441361,42,136
359,14,10,0.193996,86,197
360,23,9,0.656428,136,249
361,13,15,0.131999,42,140
362,1,6,0.772458,186,279
363,18,3,0.901166,134,247
364,13,15,0.912413,90,188
365,23,4,0.344704,134,241
366,18,13,0.333272,40,131
367,12,11,0.182597,40,142
368,23,3,0.951128,38,147
369,0,11,0.0417541,186,283
370,22,1,0.673257,38,130
371,15,1,0.848341,38,146
372,15,24,0.247007,88,176
373,4,1,0.96815,86,176
374,8,15,0.0474744,136,247
375,21,9,0.214115,88,195
376,14,5,0.34318,138,253
377,3,1,0.706314,42,134
378,5,19,0.138359,38,148
379,12,13,0.188084,42,151
380,12,20,0.682108,182,286
381,13,15,0.152904,138,236
382,4,15,0.238788,134,248
383,18,19,0.0350624,90,193
384,20,13,0.962872,86,176
385,10,1,0.495716,136,243
386,19,12,0.0429811,134,234
387,1,6,0.320524,136,229
388,14,5,0.363258,134,249
389,1,21,0.827099,136,231
390,23,19,0.90204,136,241
391,0,18,0.860443,88,195
392,20,4,0.00766177,90,190
393,22,11,0.44014,86,186
394,10,19,0.470643,90,201
395,11,24,0.10682,138,249
396,9,3,0.486072,86,190
397,22,13,0.831882,186,277
398,2,20,0.891201,86,187
399,20,12,0.0182887,86,190
400,1,2,0.386091,184,275
401,3,6,0.989534,42,143
402,16,12,0.195077,42,136
403,23,14,0.571809,86,193
404,19,16,0.105789,136,236
405,0,6,0.128898,38,136
406,11,13,0.0263084,186,286
407,5,20,0.349746,42,142
408,0,10,0.49858,40,155
409,12,2,0.087822,136,237
410,21,9,0.221108,42,149
411,19,24,0.445198,138,249
412,8,4,0.00785204,138,237
413,2,22,0.204225,186,285
414,1,3,0.751951,86,178
415,6,17,0.052748,42,151
416,19,1,0.318929,138,235
417,14,18,0.622966,138,245
418,5,13,0.470741,86,180
419,24,16,0.019437,90,206
420,23,16,0.211946,88,197
421,0,16,0.69056,42,139
422,19,1,0.153413,88,185
423,21,20,0.00679217,38,143
424,3,14,0.27366,182,277
425,22,16,0.125196,86,186
426,20,19,0.494043,138,245
427,12,2,0.161266,134,235
428,8,3,0.200974,184,277
429,23,2,0.0991761,90,198
430,18,6,0.885256,182,285
431,15,17,0.298414,86,182
432,16,5,0.146954,88,195
433,14,2,0.0890155,136,243
434,18,0,0.23318,42,148
435,18,8,0.714189,134,234
436,15,24,0.150254,40,128
437,24,20,0.16159,182,283
438,11,18,0.544715,90,197
439,4,13,0.359825,182,286
440,12,20,0.679809,184,288
441,17,19,0.748313,42,142
442,23,4,0.353428,38,145
443,10,9,0.332979,90,209
444,17,0,0.0083462,138,241
445,10,3,0.0555355,138,253
446,24,3,0.0163593,134,251
447,6,1,0.214849,90,183
448,12,1,0.329908,182,276
449,13,0,0.614325,134,236
