NODES,25
INDEX,Name,X-coordinate,Y-coordinate
0,0,-,-
1,1,-,-
2,2,-,-
3,3,-,-
4,4,-,-
5,5,-,-
6,6,-,-
7,7,-,-
8,8,-,-
9,9,-,-
10,10,-,-
11,11,-,-
12,12,-,-
13,13,-,-
14,14,-,-
15,15,-,-
16,16,-,-
17,17,-,-
18,18,-,-
19,19,-,-
20,20,-,-
21,21,-,-
22,22,-,-
23,23,-,-
24,24,-,-
ARCS,529
Index,Origin,Destination,Variable Cost,Fixed Cost,Capacity,Travel time
0,0,1,0,117.8,1,5
1,1,0,0,117.8,1,5
2,1,2,0,234.05,1,7
3,1,3,0,260.4,1,8
4,1,4,0,175.15,1,6
5,1,5,0,486.7,1,15
6,1,6,0,323.95,1,9
7,1,8,0,323.95,1,9
8,1,9,0,447.95,1,12
9,1,10,0,883.5,1,26
10,1,11,0,255.75,1,8
11,1,12,0,387.5,1,10
12,1,13,0,489.8,1,14
13,1,14,0,525.45,1,16
14,1,15,0,1002.85,1,24
15,1,16,0,252.65,1,8
16,1,17,0,545.6,1,16
17,1,18,0,680.45,1,18
18,1,19,0,503.75,1,13
19,1,20,0,358.05,1,10
20,1,21,0,409.2,1,11
21,1,22,0,266.6,1,8
22,1,23,0,699.05,1,18
23,1,24,0,903.65,1,24
24,2,1,0,234.05,1,7
25,3,1,0,260.4,1,8
26,3,4,0,230.95,1,8
27,3,8,0,311.55,1,9
28,3,12,0,144.15,1,5
29,3,13,0,661.85,1,20
30,3,14,0,418.5,1,11
31,3,16,0,151.9,1,5
32,3,19,0,396.8,1,11
33,3,21,0,469.65,1,14
34,3,22,0,429.35,1,13
35,4,1,0,175.15,1,6
36,4,3,0,230.95,1,8
37,5,1,0,486.7,1,15
38,5,13,0,367.35,1,10
39,6,1,0,323.95,1,9
40,6,13,0,430.9,1,11
41,7,1,0,103.85,1,4
42,8,1,0,323.95,1,9
43,8,3,0,311.55,1,9
44,8,13,0,415.4,1,11
45,8,16,0,161.2,1,6
46,8,21,0,158.1,1,5
47,9,1,0,447.95,1,12
48,10,1,0,891.25,1,23
49,10,23,0,192.2,1,6
50,11,1,0,255.75,1,8
51,11,13,0,592.1,1,16
52,12,1,0,387.5,1,10
53,12,3,0,144.15,1,5
54,13,1,0,489.8,1,13
55,13,3,0,669.6,1,22
56,13,5,0,367.35,1,10
57,13,6,0,430.9,1,12
58,13,10,0,483.6,1,12
59,13,11,0,596.75,1,17
60,13,15,0,553.35,1,14
61,13,17,0,176.7,1,6
62,13,18,0,248,1,7
63,13,19,0,573.5,1,16
64,13,20,0,198.4,1,6
65,13,21,0,275.9,1,8
66,13,22,0,232.5,1,7
67,13,23,0,323.95,1,9
68,13,24,0,449.5,1,11
69,14,1,0,525.45,1,16
70,14,3,0,418.5,1,11
71,14,19,0,111.6,1,4
72,14,21,0,384.4,1,10
73,15,1,0,1002.85,1,24
74,15,13,0,553.35,1,16
75,15,18,0,350.3,1,10
76,15,21,0,747.1,1,20
77,15,23,0,412.3,1,11
78,16,1,0,252.65,1,8
79,16,3,0,151.9,1,5
80,16,8,0,161.2,1,6
81,16,13,0,581.25,1,17
82,16,21,0,305.35,1,9
83,17,1,0,544.05,1,14
84,17,13,0,176.7,1,6
85,17,18,0,127.1,1,5
86,17,21,0,292.95,1,8
87,18,1,0,666.5,1,17
88,18,10,0,308.45,1,10
89,18,13,0,248,1,7
90,18,15,0,350.3,1,10
91,18,17,0,127.1,1,5
92,18,19,0,719.2,1,19
93,18,21,0,421.6,1,11
94,18,22,0,421.6,1,13
95,18,23,0,116.25,1,4
96,18,24,0,237.15,1,7
97,19,1,0,503.75,1,13
98,19,3,0,396.8,1,11
99,19,8,0,240.25,1,7
100,19,14,0,111.6,1,4
101,19,21,0,297.6,1,8
102,20,1,0,358.05,1,10
103,20,13,0,198.4,1,6
104,20,23,0,522.35,1,15
105,21,1,0,409.2,1,11
106,21,3,0,458.8,1,13
107,21,8,0,158.1,1,5
108,21,13,0,275.9,1,8
109,21,14,0,384.4,1,10
110,21,15,0,829.25,1,22
111,21,17,0,292.95,1,8
112,21,18,0,420.05,1,13
113,21,19,0,297.6,1,8
114,21,23,0,440.2,1,11
115,22,1,0,266.6,1,8
116,22,3,0,429.35,1,12
117,22,13,0,232.5,1,7
118,23,1,0,699.05,1,17
119,23,10,0,192.2,1,6
120,23,13,0,323.95,1,9
121,23,15,0,412.3,1,11
122,23,17,0,153.45,1,5
123,23,18,0,116.25,1,4
124,23,21,0,446.4,1,13
125,23,24,0,305.35,1,9
126,24,1,0,903.65,1,24
127,24,13,0,449.5,1,11
128,24,18,0,237.15,1,7
129,24,23,0,305.35,1,9
130,0,2,0,161.2,1,6
131,0,3,0,353.4,1,10
132,0,4,0,285.2,1,9
133,0,5,0,474.3,1,13
134,0,6,0,246.45,1,8
135,0,8,0,427.8,1,12
136,0,9,0,379.75,1,11
137,0,10,0,931.55,1,25
138,0,11,0,158.1,1,5
139,0,12,0,401.45,1,11
140,0,14,0,632.4,1,17
141,0,15,0,1063.3,1,28
142,0,16,0,367.35,1,11
143,0,17,0,596.75,1,16
144,0,18,0,717.65,1,19
145,0,19,0,615.35,1,17
146,0,20,0,361.15,1,10
147,0,21,0,444.85,1,13
148,0,22,0,297.6,1,9
149,0,23,0,739.35,1,20
150,0,24,0,957.9,1,25
151,1,7,0,103.85,1,4
152,2,0,0,161.2,1,6
153,2,3,0,480.5,1,13
154,2,4,0,409.2,1,12
155,2,5,0,257.3,1,8
156,2,6,0,110.05,1,4
157,2,8,0,412.3,1,12
158,2,9,0,229.4,1,7
159,2,10,0,872.65,1,23
160,2,11,0,182.9,1,6
161,2,12,0,582.8,1,16
162,2,13,0,390.6,1,11
163,2,14,0,790.5,1,21
164,2,15,0,940.85,1,25
165,2,16,0,475.85,1,13
166,2,17,0,568.85,1,16
167,2,18,0,638.6,1,17
168,2,19,0,643.25,1,17
169,2,20,0,207.7,1,7
170,2,21,0,424.7,1,12
171,2,22,0,308.45,1,9
172,2,23,0,716.1,1,19
173,2,24,0,847.85,1,23
174,3,0,0,353.4,1,10
175,3,2,0,480.5,1,13
176,3,6,0,554.9,1,15
177,3,9,0,685.1,1,18
178,3,10,0,995.1,1,26
179,3,11,0,477.4,1,13
180,3,15,0,1224.5,1,32
181,3,17,0,764.15,1,20
182,3,18,0,833.9,1,22
183,3,20,0,620,1,17
184,3,23,0,888.15,1,23
185,3,24,0,1108.25,1,29
186,4,0,0,285.2,1,9
187,4,2,0,409.2,1,12
188,4,6,0,494.45,1,14
189,4,7,0,75.95,1,3
190,4,8,0,142.6,1,5
191,4,9,0,624.65,1,17
192,4,10,0,838.55,1,22
193,4,11,0,406.1,1,12
194,4,12,0,331.7,1,9
195,4,13,0,427.8,1,12
196,4,14,0,410.75,1,12
197,4,15,0,970.3,1,26
198,4,16,0,147.25,1,5
199,4,17,0,503.75,1,14
200,4,18,0,624.65,1,17
201,4,19,0,390.6,1,11
202,4,20,0,413.85,1,12
203,4,21,0,263.5,1,8
204,4,22,0,204.6,1,7
205,4,23,0,646.35,1,18
206,4,24,0,861.8,1,23
207,5,0,0,474.3,1,13
208,5,2,0,257.3,1,8
209,5,6,0,161.2,1,5
210,5,9,0,198.4,1,6
211,5,11,0,320.85,1,9
212,5,18,0,660.3,1,16
213,5,20,0,178.25,1,6
214,5,23,0,720.75,1,19
215,6,0,0,246.45,1,8
216,6,2,0,110.05,1,4
217,6,3,0,554.9,1,15
218,6,4,0,494.45,1,14
219,6,5,0,161.2,1,5
220,6,8,0,637.05,1,17
221,6,9,0,141.05,1,5
222,6,10,0,939.3,1,25
223,6,11,0,165.85,1,5
224,6,12,0,623.1,1,17
225,6,14,0,840.1,1,22
226,6,15,0,982.7,1,26
227,6,16,0,576.6,1,16
228,6,17,0,615.35,1,17
229,6,18,0,685.1,1,18
230,6,19,0,824.6,1,22
231,6,20,0,243.35,1,7
232,6,21,0,593.65,1,16
233,6,22,0,446.4,1,13
234,6,23,0,761.05,1,20
235,6,24,0,877.3,1,23
236,7,3,0,246.45,1,8
237,7,4,0,75.95,1,3
238,8,0,0,427.8,1,12
239,8,2,0,412.3,1,12
240,8,4,0,142.6,1,5
241,8,6,0,637.05,1,17
242,8,9,0,767.25,1,21
243,8,10,0,714.55,1,19
244,8,11,0,545.6,1,15
245,8,12,0,460.35,1,13
246,8,14,0,328.6,1,10
247,8,15,0,883.5,1,23
248,8,17,0,427.8,1,12
249,8,18,0,542.5,1,15
250,8,19,0,240.25,1,7
251,8,20,0,444.85,1,13
252,8,22,0,203.05,1,7
253,8,23,0,536.3,1,15
254,8,24,0,801.35,1,21
255,9,0,0,379.75,1,11
256,9,2,0,229.4,1,7
257,9,3,0,685.1,1,18
258,9,4,0,624.65,1,17
259,9,5,0,198.4,1,6
260,9,6,0,141.05,1,5
261,9,8,0,767.25,1,21
262,9,10,0,1069.5,1,28
263,9,11,0,297.6,1,8
264,9,12,0,753.3,1,20
265,9,13,0,469.65,1,12
266,9,14,0,652.55,1,18
267,9,15,0,1112.9,1,29
268,9,16,0,706.8,1,19
269,9,17,0,646.35,1,18
270,9,18,0,711.45,1,18
271,9,19,0,954.8,1,25
272,9,20,0,279,1,8
273,9,21,0,723.85,1,19
274,9,22,0,576.6,1,16
275,9,23,0,891.25,1,24
276,9,24,0,1019.9,1,27
277,10,0,0,931.55,1,25
278,10,2,0,872.65,1,23
279,10,3,0,995.1,1,26
280,10,4,0,838.55,1,22
281,10,6,0,939.3,1,25
282,10,8,0,714.55,1,19
283,10,9,0,1069.5,1,28
284,10,11,0,1133.05,1,30
285,10,12,0,1086.55,1,28
286,10,13,0,483.6,1,12
287,10,14,0,970.3,1,26
288,10,15,0,224.75,1,7
289,10,16,0,872.65,1,23
290,10,17,0,334.8,1,9
291,10,18,0,306.9,1,9
292,10,19,0,909.85,1,24
293,10,20,0,714.55,1,19
294,10,21,0,623.1,1,16
295,10,22,0,623.1,1,17
296,10,24,0,286.75,1,8
297,11,0,0,158.1,1,5
298,11,2,0,182.9,1,6
299,11,3,0,477.4,1,13
300,11,4,0,406.1,1,12
301,11,5,0,320.85,1,9
302,11,6,0,165.85,1,5
303,11,8,0,545.6,1,15
304,11,9,0,297.6,1,9
305,11,10,0,1133.05,1,30
306,11,12,0,523.9,1,14
307,11,14,0,770.35,1,21
308,11,15,0,1112.9,1,29
309,11,16,0,488.25,1,14
310,11,17,0,798.25,1,21
311,11,18,0,832.35,1,21
312,11,19,0,748.65,1,20
313,11,20,0,406.1,1,11
314,11,21,0,649.45,1,18
315,11,22,0,499.1,1,14
316,11,23,0,852.5,1,23
317,11,24,0,1021.45,1,27
318,12,0,0,401.45,1,11
319,12,2,0,582.8,1,16
320,12,4,0,331.7,1,10
321,12,6,0,623.1,1,17
322,12,8,0,460.35,1,13
323,12,9,0,753.3,1,20
324,12,10,0,1086.55,1,28
325,12,11,0,523.9,1,14
326,12,13,0,776.55,1,20
327,12,14,0,550.25,1,15
328,12,15,0,1233.8,1,32
329,12,16,0,296.05,1,9
330,12,17,0,776.55,1,21
331,12,18,0,1038.5,1,27
332,12,19,0,523.9,1,14
333,12,20,0,637.05,1,17
334,12,21,0,554.9,1,15
335,12,22,0,556.45,1,15
336,12,23,0,919.15,1,24
337,12,24,0,1137.7,1,30
338,13,2,0,390.6,1,11
339,13,4,0,427.8,1,12
340,13,8,0,415.4,1,11
341,13,9,0,469.65,1,12
342,13,14,0,655.65,1,17
343,13,16,0,530.1,1,14
344,14,0,0,632.4,1,17
345,14,2,0,790.5,1,21
346,14,4,0,410.75,1,12
347,14,6,0,840.1,1,22
348,14,8,0,328.6,1,10
349,14,9,0,652.55,1,18
350,14,10,0,970.3,1,26
351,14,11,0,770.35,1,21
352,14,12,0,550.25,1,15
353,14,13,0,655.65,1,17
354,14,15,0,1106.7,1,28
355,14,16,0,272.8,1,8
356,14,17,0,671.15,1,18
357,14,18,0,798.25,1,20
358,14,20,0,852.5,1,23
359,14,22,0,527,1,15
360,14,23,0,818.4,1,20
361,14,24,0,995.1,1,26
362,15,0,0,1063.3,1,28
363,15,2,0,940.85,1,25
364,15,3,0,1224.5,1,32
365,15,4,0,970.3,1,26
366,15,6,0,982.7,1,26
367,15,8,0,883.5,1,23
368,15,9,0,1112.9,1,29
369,15,10,0,224.75,1,7
370,15,11,0,1112.9,1,29
371,15,12,0,1233.8,1,32
372,15,14,0,1106.7,1,28
373,15,16,0,1027.65,1,27
374,15,17,0,454.15,1,12
375,15,19,0,1023,1,27
376,15,20,0,757.95,1,19
377,15,22,0,733.15,1,19
378,15,24,0,110.05,1,4
379,16,0,0,367.35,1,11
380,16,2,0,475.85,1,13
381,16,4,0,147.25,1,5
382,16,6,0,576.6,1,16
383,16,7,0,155,1,5
384,16,9,0,706.8,1,19
385,16,10,0,872.65,1,23
386,16,11,0,488.25,1,14
387,16,12,0,296.05,1,8
388,16,14,0,272.8,1,8
389,16,15,0,1027.65,1,27
390,16,17,0,570.4,1,16
391,16,18,0,686.65,1,19
392,16,19,0,251.1,1,7
393,16,20,0,525.45,1,15
394,16,22,0,302.25,1,9
395,16,23,0,692.85,1,19
396,16,24,0,951.7,1,25
397,17,0,0,596.75,1,16
398,17,2,0,568.85,1,16
399,17,3,0,764.15,1,20
400,17,4,0,503.75,1,14
401,17,5,0,530.1,1,14
402,17,6,0,615.35,1,17
403,17,8,0,427.8,1,12
404,17,9,0,649.45,1,18
405,17,10,0,334.8,1,10
406,17,11,0,798.25,1,21
407,17,12,0,776.55,1,21
408,17,14,0,671.15,1,17
409,17,15,0,454.15,1,12
410,17,16,0,570.4,1,16
411,17,19,0,581.25,1,16
412,17,20,0,373.55,1,10
413,17,22,0,294.5,1,8
414,17,23,0,153.45,1,5
415,17,24,0,362.7,1,10
416,18,0,0,719.2,1,19
417,18,2,0,638.6,1,17
418,18,3,0,833.9,1,22
419,18,4,0,624.65,1,17
420,18,5,0,660.3,1,16
421,18,6,0,685.1,1,18
422,18,8,0,542.5,1,15
423,18,9,0,711.45,1,18
424,18,11,0,832.35,1,21
425,18,12,0,1038.5,1,27
426,18,14,0,798.25,1,21
427,18,16,0,686.65,1,19
428,18,20,0,438.65,1,12
429,19,0,0,615.35,1,17
430,19,2,0,643.25,1,17
431,19,4,0,390.6,1,11
432,19,6,0,824.6,1,22
433,19,9,0,954.8,1,25
434,19,10,0,909.85,1,24
435,19,11,0,748.65,1,20
436,19,12,0,523.9,1,14
437,19,13,0,565.75,1,14
438,19,15,0,1023,1,27
439,19,16,0,251.1,1,7
440,19,17,0,581.25,1,16
441,19,18,0,709.9,1,18
442,19,20,0,764.15,1,20
443,19,22,0,437.1,1,12
444,19,23,0,728.5,1,18
445,19,24,0,942.4,1,25
446,20,0,0,361.15,1,10
447,20,2,0,207.7,1,7
448,20,3,0,620,1,17
449,20,4,0,413.85,1,12
450,20,5,0,178.25,1,6
451,20,6,0,243.35,1,7
452,20,8,0,444.85,1,13
453,20,9,0,279,1,8
454,20,10,0,714.55,1,19
455,20,11,0,406.1,1,11
456,20,12,0,637.05,1,17
457,20,14,0,878.85,1,23
458,20,15,0,757.95,1,19
459,20,16,0,525.45,1,15
460,20,17,0,373.55,1,11
461,20,18,0,438.65,1,12
462,20,19,0,764.15,1,20
463,20,21,0,466.55,1,13
464,20,22,0,272.8,1,8
465,20,24,0,641.7,1,17
466,21,0,0,444.85,1,13
467,21,2,0,424.7,1,12
468,21,4,0,263.5,1,8
469,21,6,0,593.65,1,16
470,21,9,0,723.85,1,19
471,21,10,0,623.1,1,16
472,21,11,0,646.35,1,18
473,21,12,0,554.9,1,15
474,21,16,0,305.35,1,9
475,21,20,0,466.55,1,13
476,21,22,0,142.6,1,5
477,21,24,0,651,1,18
478,22,0,0,297.6,1,9
479,22,2,0,308.45,1,10
480,22,4,0,204.6,1,7
481,22,6,0,446.4,1,13
482,22,8,0,203.05,1,6
483,22,9,0,576.6,1,16
484,22,10,0,623.1,1,17
485,22,11,0,499.1,1,14
486,22,12,0,556.45,1,15
487,22,14,0,527,1,15
488,22,15,0,733.15,1,19
489,22,16,0,302.25,1,9
490,22,17,0,294.5,1,8
491,22,18,0,404.55,1,10
492,22,19,0,437.1,1,12
493,22,20,0,272.8,1,9
494,22,21,0,142.6,1,5
495,22,23,0,432.45,1,11
496,22,24,0,643.25,1,17
497,23,0,0,739.35,1,20
498,23,2,0,716.1,1,19
499,23,3,0,888.15,1,23
500,23,4,0,646.35,1,18
501,23,6,0,761.05,1,20
502,23,8,0,536.3,1,15
503,23,9,0,891.25,1,24
504,23,11,0,852.5,1,23
505,23,12,0,919.15,1,24
506,23,14,0,818.4,1,20
507,23,16,0,692.85,1,19
508,23,19,0,728.5,1,18
509,23,20,0,522.35,1,14
510,23,22,0,432.45,1,11
511,24,0,0,957.9,1,25
512,24,2,0,847.85,1,23
513,24,3,0,1108.25,1,29
514,24,4,0,861.8,1,23
515,24,6,0,877.3,1,23
516,24,8,0,801.35,1,21
517,24,9,0,1019.9,1,27
518,24,10,0,286.75,1,8
519,24,11,0,1021.45,1,27
520,24,12,0,1137.7,1,30
521,24,14,0,995.1,1,26
522,24,15,0,110.05,1,4
523,24,16,0,951.7,1,25
524,24,17,0,362.7,1,10
525,24,19,0,942.4,1,25
526,24,20,0,641.7,1,17
527,24,21,0,651,1,16
528,24,22,0,643.25,1,17
PATHS,600
Index,Shipment origin,Shipment destination,1st terminal on path,2nd terminal on path,.....,6th terminal on path
0,0,1,0,1
1,0,2,0,1,2
2,0,3,0,1,3
3,0,4,0,1,4
4,0,5,0,1,5
5,0,6,0,1,6
6,0,7,0,1,7
7,0,8,0,1,8
8,0,9,0,1,9
9,0,10,0,1,10
10,0,11,0,1,11
11,0,12,0,1,12
12,0,13,0,1,13
13,0,14,0,1,14
14,0,15,0,1,15
15,0,16,0,1,16
16,0,17,0,1,17
17,0,18,0,1,18
18,0,19,0,1,19
19,0,20,0,1,20
20,0,21,0,1,21
21,0,22,0,1,22
22,0,23,0,1,23
23,0,24,0,1,24
24,1,0,1,0
25,1,2,1,2
26,1,3,1,3
27,1,4,1,4
28,1,5,1,5
29,1,6,1,6
30,1,7,1,7
31,1,8,1,8
32,1,9,1,9
33,1,10,1,10
34,1,11,1,11
35,1,12,1,12
36,1,13,1,13
37,1,14,1,14
38,1,15,1,15
39,1,16,1,16
40,1,17,1,17
41,1,18,1,18
42,1,19,1,19
43,1,20,1,20
44,1,21,1,21
45,1,22,1,22
46,1,23,1,23
47,1,24,1,24
48,2,0,2,1,0
49,2,1,2,1
50,2,3,2,1,3
51,2,4,2,1,4
52,2,5,2,1,5
53,2,6,2,1,6
54,2,8,2,1,8
55,2,7,2,1,7
56,2,9,2,1,9
57,2,10,2,1,10
58,2,11,2,1,11
59,2,12,2,1,12
60,2,13,2,1,13
61,2,14,2,1,14
62,2,15,2,1,15
63,2,16,2,1,16
64,2,17,2,1,17
65,2,18,2,1,18
66,2,19,2,1,19
67,2,20,2,1,20
68,2,21,2,1,21
69,2,22,2,1,22
70,2,23,2,1,23
71,2,24,2,1,24
72,3,0,3,1,0
73,3,1,3,1
74,3,2,3,1,2
75,3,4,3,4
76,3,5,3,1,5
77,3,6,3,1,6
78,3,7,3,1,7
79,3,8,3,8
80,3,9,3,1,9
81,3,10,3,13,10
82,3,11,3,1,11
83,3,12,3,12
84,3,13,3,13
85,3,14,3,14
86,3,15,3,13,15
87,3,16,3,16
88,3,17,3,13,17
89,3,18,3,13,18
90,3,19,3,19
91,3,20,3,1,20
92,3,21,3,21
93,3,22,3,22
94,3,23,3,21,23
95,3,24,3,13,24
96,4,0,4,1,0
97,4,1,4,1
98,4,2,4,1,2
99,4,3,4,3
100,4,5,4,1,5
101,4,6,4,1,6
102,4,7,4,1,7
103,4,8,4,1,8
104,4,9,4,1,9
105,4,10,4,1,10
106,4,11,4,1,11
107,4,12,4,3,12
108,4,13,4,1,13
109,4,14,4,3,14
110,4,15,4,1,15
111,4,16,4,3,16
112,4,17,4,1,17
113,4,18,4,1,18
114,4,19,4,3,19
115,4,20,4,1,20
116,4,21,4,1,21
117,4,22,4,1,22
118,4,23,4,1,23
119,4,24,4,1,24
120,5,0,5,1,0
121,5,1,5,1
122,5,2,5,1,2
123,5,3,5,1,3
124,5,4,5,1,4
125,5,6,5,1,6
126,5,7,5,1,7
127,5,8,5,1,8
128,5,9,5,1,9
129,5,10,5,13,10
130,5,11,5,1,11
131,5,12,5,1,12
132,5,13,5,13
133,5,14,5,1,14
134,5,15,5,13,15
135,5,16,5,1,16
136,5,17,5,13,17
137,5,18,5,13,18
138,5,19,5,13,21,19
139,5,20,5,13,20
140,5,21,5,13,21
141,5,22,5,1,22
142,5,23,5,13,23
143,5,24,5,13,24
144,6,0,6,1,0
145,6,1,6,1
146,6,2,6,1,2
147,6,3,6,1,3
148,6,4,6,1,4
149,6,5,6,1,5
150,6,7,6,1,7
151,6,8,6,1,8
152,6,9,6,1,9
153,6,10,6,1,10
154,6,11,6,1,11
155,6,12,6,1,12
156,6,13,6,1,13
157,6,14,6,1,14
158,6,15,6,1,15
159,6,16,6,1,16
160,6,17,6,1,17
161,6,18,6,1,18
162,6,19,6,1,19
163,6,20,6,1,20
164,6,21,6,1,21
165,6,22,6,1,22
166,6,23,6,1,23
167,6,24,6,1,24
168,7,0,7,1,0
169,7,1,7,1
170,7,2,7,1,2
171,7,3,7,3
172,7,4,7,4
173,7,5,7,1,5
174,7,6,7,3,6
175,7,8,7,3,8
176,7,9,7,1,9
177,7,10,7,1,9
178,7,11,7,3,11
179,7,12,7,4,12
180,7,13,7,4,13
181,7,14,7,4,14
182,7,15,7,4,15
183,7,16,7,4,16
184,7,17,7,1,17
185,7,18,7,1,18
186,7,19,7,1,19
187,7,20,7,1,20
188,7,21,7,1,21
189,7,22,7,1,22
190,7,23,7,1,23
191,7,24,7,1,24
192,8,0,8,1,0
193,8,1,8,1
194,8,2,8,1,2
195,8,3,8,3
196,8,4,8,1,4
197,8,5,8,1,5
198,8,6,8,1,6
199,8,7,8,1,7
200,8,9,8,1,9
201,8,10,8,21,23,10
202,8,11,8,1,11
203,8,12,8,3,12
204,8,13,8,21,13
205,8,14,8,21,14
206,8,15,8,21,13,15
207,8,16,8,3,16
208,8,17,8,21,17
209,8,18,8,21,18
210,8,19,8,21,19
211,8,20,8,1,20
212,8,21,8,21
213,8,22,8,1,22
214,8,23,8,21,23
215,8,24,8,21,13,24
216,9,0,9,1,0
217,9,1,9,1
218,9,2,9,1,2
219,9,3,9,1,3
220,9,4,9,1,4
221,9,5,9,1,5
222,9,6,9,1,6
223,9,7,9,1,7
224,9,8,9,1,8
225,9,10,9,1,10
226,9,11,9,1,11
227,9,12,9,1,12
228,9,13,9,1,13
229,9,14,9,1,14
230,9,15,9,1,15
231,9,16,9,1,16
232,9,17,9,1,17
233,9,18,9,1,18
234,9,19,9,1,19
235,9,20,9,1,20
236,9,21,9,1,21
237,9,22,9,1,22
238,9,23,9,1,23
239,9,24,9,1,24
240,10,0,10,1,0
241,10,1,10,1
242,10,2,10,1,2
243,10,3,10,1,3
244,10,4,10,1,4
245,10,5,10,23,13,5
246,10,6,10,23,13,6
247,10,7,10,1,7
248,10,8,10,23,21,8
249,10,9,10,1,9
250,10,11,10,1,11
251,10,12,10,1,12
252,10,13,10,23,13
253,10,14,10,23,21,14
254,10,15,10,23,15
255,10,16,10,1,16
256,10,17,10,23,17
257,10,18,10,23,18
258,10,19,10,23,21,19
259,10,20,10,23,13,20
260,10,21,10,23,21
261,10,22,10,23,22
262,10,23,10,23
263,10,24,10,23,24
264,11,0,11,1,0
265,11,1,11,1
266,11,2,11,1,2
267,11,3,11,1,3
268,11,4,11,1,4
269,11,5,11,1,5
270,11,6,11,1,6
271,11,7,11,1,7
272,11,8,11,1,8
273,11,9,11,1,9
274,11,10,11,13,10
275,11,12,11,1,12
276,11,13,11,13
277,11,14,11,1,14
278,11,15,11,13,15
279,11,16,11,1,16
280,11,17,11,13,17
281,11,18,11,13,18
282,11,19,11,1,19
283,11,20,11,1,20
284,11,21,11,1,21
285,11,22,11,1,22
286,11,23,11,13,23
287,11,24,11,13,24
288,12,0,12,1,0
289,12,1,12,1
290,12,2,12,1,2
291,12,3,12,3
292,12,4,12,3,4
293,12,5,12,1,5
294,12,6,12,1,6
295,12,7,12,1,7
296,12,8,12,3,8
297,12,9,12,1,9
298,12,10,12,1,10
299,12,11,12,1,11
300,12,13,12,3,13
301,12,14,12,3,14
302,12,15,12,1,15
303,12,16,12,3,16
304,12,17,12,1,17
305,12,18,12,1,18
306,12,19,12,3,19
307,12,20,12,1,20
308,12,21,12,3,21
309,12,22,12,3,22
310,12,23,12,1,23
311,12,24,12,1,24
312,13,0,13,1,0
313,13,1,13,1
314,13,2,13,1,2
315,13,3,13,3
316,13,4,13,4
317,13,5,13,5
318,13,6,13,6
319,13,7,13,1,7
320,13,8,13,21,8
321,13,9,13,1,9
322,13,10,13,10
323,13,11,13,11
324,13,12,13,3,12
325,13,14,13,21,14
326,13,15,13,15
327,13,16,13,1,16
328,13,17,13,17
329,13,18,13,18
330,13,19,13,21,19
331,13,20,13,20
332,13,21,13,21
333,13,22,13,22
334,13,23,13,23
335,13,24,13,24
336,14,0,14,1,0
337,14,1,14,1
338,14,2,14,1,2
339,14,3,14,3
340,14,4,14,3,4
341,14,5,14,1,5
342,14,6,14,1,6
343,14,7,14,1,7
344,14,8,14,3,8
345,14,9,14,1,9
346,14,10,14,21,23,10
347,14,11,14,1,11
348,14,12,14,3,12
349,14,13,14,21,13
350,14,15,14,21,13,15
351,14,16,14,3,16
352,14,17,14,21,17
353,14,18,14,21,18
354,14,19,14,1,19
355,14,20,14,1,20
356,14,21,14,21
357,14,22,14,1,22
358,14,23,14,21,23
359,14,24,14,21,13,24
360,15,0,15,1,0
361,15,1,15,1
362,15,2,15,1,2
363,15,3,15,13,3
364,15,4,15,1,4
365,15,5,15,13,5
366,15,6,15,13,6
367,15,7,15,1,7
368,15,8,15,21,8
369,15,9,15,1,9
370,15,10,15,10
371,15,11,15,1,11
372,15,12,15,1,12
373,15,13,15,13
374,15,14,15,21,14
375,15,16,15,1,16
376,15,17,15,17
377,15,18,15,18
378,15,19,15,21,19
379,15,20,15,13,20
380,15,21,15,21
381,15,22,15,13,22
382,15,23,15,23
383,15,24,15,24
384,16,0,16,1,0
385,16,1,16,1
386,16,2,16,1,2
387,16,3,16,3
388,16,4,16,3,4
389,16,5,16,1,5
390,16,6,16,1,6
391,16,7,16,1,7
392,16,8,16,3,8
393,16,9,16,1,9
394,16,10,16,13,10
395,16,11,16,1,11
396,16,12,16,3,12
397,16,13,16,13
398,16,14,16,3,14
399,16,15,16,13,15
400,16,17,16,13,17
401,16,18,16,13,18
402,16,19,16,3,19
403,16,20,16,1,20
404,16,21,16,21
405,16,22,16,3,22
406,16,23,16,13,23
407,16,24,16,13,24
408,17,0,17,1,0
409,17,1,17,1
410,17,2,17,1,2
411,17,3,17,13,3
412,17,4,17,1,4
413,17,5,17,13,5
414,17,6,17,13,6
415,17,7,17,1,7
416,17,8,17,21,8
417,17,9,17,1,9
418,17,10,17,13,10
419,17,11,17,1,11
420,17,12,17,1,12
421,17,13,17,13
422,17,14,17,21,14
423,17,15,17,13,15
424,17,16,17,1,16
425,17,18,17,18
426,17,19,17,21,19
427,17,20,17,13,20
428,17,21,17,21
429,17,22,17,13,22
430,17,23,17,13,23
431,17,24,17,13,24
432,18,0,18,1,0
433,18,1,18,1
434,18,2,18,1,2
435,18,3,18,13,3
436,18,4,18,1,4
437,18,5,18,13,5
438,18,6,18,13,6
439,18,7,18,1,7
440,18,8,18,21,8
441,18,9,18,13,1,9
442,18,10,18,10
443,18,11,18,1,11
444,18,12,18,1,12
445,18,13,18,13
446,18,14,18,21,14
447,18,15,18,15
448,18,16,18,1,16
449,18,17,18,17
450,18,19,18,21,19
451,18,20,18,13,20
452,18,21,18,21
453,18,22,18,13,22
454,18,23,18,23
455,18,24,18,24
456,19,0,19,1,0
457,19,1,19,1
458,19,2,19,1,2
459,19,3,19,3
460,19,4,19,3,4
461,19,5,19,1,5
462,19,6,19,1,6
463,19,7,19,1,7
464,19,8,19,21,8
465,19,9,19,1,9
466,19,10,19,1,10
467,19,11,19,1,11
468,19,12,19,3,12
469,19,13,19,21,13
470,19,14,19,1,14
471,19,15,19,21,13,15
472,19,16,19,3,16
473,19,17,19,21,17
474,19,18,19,21,18
475,19,20,19,1,20
476,19,21,19,21
477,19,22,19,1,22
478,19,23,19,21,23
479,19,24,19,21,13,24
480,20,0,20,1,0
481,20,1,20,1
482,20,2,20,1,2
483,20,3,20,1,3
484,20,4,20,1,4
485,20,5,20,1,5
486,20,6,20,1,6
487,20,7,20,1,7
488,20,8,20,1,8
489,20,9,20,1,9
490,20,10,20,13,10
491,20,11,20,1,11
492,20,12,20,1,12
493,20,13,20,13
494,20,14,20,1,14
495,20,15,20,13,15
496,20,16,20,1,16
497,20,17,20,13,17
498,20,18,20,13,18
499,20,19,20,1,19
500,20,21,20,1,21
501,20,22,20,13,22
502,20,23,20,13,23
503,20,24,20,13,24
504,21,0,21,1,0
505,21,1,21,1
506,21,2,21,1,2
507,21,3,21,3
508,21,4,21,1,4
509,21,5,21,13,5
510,21,6,21,13,6
511,21,7,21,1,7
512,21,8,21,8
513,21,9,21,1,9
514,21,10,21,23,10
515,21,11,21,1,11
516,21,12,21,3,12
517,21,13,21,13
518,21,14,21,14
519,21,15,21,13,15
520,21,16,21,3,16
521,21,17,21,17
522,21,18,21,18
523,21,19,21,19
524,21,20,21,1,20
525,21,22,21,1,22
526,21,23,21,23
527,21,24,21,13,24
528,22,0,22,1,0
529,22,1,22,1
530,22,2,22,1,2
531,22,3,22,3
532,22,4,22,1,4
533,22,5,22,13,5
534,22,6,22,1,6
535,22,7,22,1,7
536,22,8,22,1,8
537,22,9,22,1,9
538,22,10,22,13,10
539,22,11,22,1,11
540,22,12,22,3,12
541,22,13,22,13
542,22,14,22,1,14
543,22,15,22,13,15
544,22,16,22,1,16
545,22,17,22,13,17
546,22,18,22,13,18
547,22,19,22,1,19
548,22,20,22,13,20
549,22,21,22,1,21
550,22,23,22,13,23
551,22,24,22,13,24
552,23,0,23,1,0
553,23,1,23,1
554,23,2,23,1,2
555,23,3,23,1,3
556,23,4,23,1,4
557,23,5,23,13,5
558,23,6,23,13,6
559,23,7,23,1,7
560,23,8,23,21,8
561,23,9,23,1,9
562,23,10,23,10
563,23,11,23,1,11
564,23,12,23,1,12
565,23,13,23,13
566,23,14,23,21,14
567,23,15,23,15
568,23,16,23,1,16
569,23,17,23,17
570,23,18,23,18
571,23,19,23,21,19
572,23,20,23,13,20
573,23,21,23,21
574,23,22,23,22
575,23,24,23,24
576,24,0,24,1,0
577,24,1,24,1
578,24,2,24,1,2
579,24,3,24,13,3
580,24,4,24,1,4
581,24,5,24,13,5
582,24,6,24,13,6
583,24,7,24,1,7
584,24,8,24,18,21,8
585,24,9,24,13,1,9
586,24,10,24,23,10
587,24,11,24,13,11
588,24,12,24,1,12
589,24,13,24,13
590,24,14,24,18,21,14
591,24,15,24,15
592,24,16,24,1,16
593,24,17,24,13,17
594,24,18,24,18
595,24,19,24,18,21,19
596,24,20,24,13,20
597,24,21,24,18,21
598,24,22,24,13,22
599,24,23,24,23
COMMODITIES,650
Index,Origin,Destination,Demand/Size,Earliest available time,Latest delivery time
0,14,18,0.737937,42,113
1,15,20,0.0122035,186,256
2,13,16,0.0809207,38,107
3,0,13,0.342572,88,155
4,18,0,0.249423,182,252
5,23,11,0.270896,40,113
6,24,12,0.0395739,138,220
7,10,12,0.0749042,40,121
8,16,23,0.0856292,138,212
9,13,10,0.172148,134,194
10,22,8,0.343862,40,105
11,21,11,0.04962,134,201
12,0,8,0.390023,184,246
13,2,14,0.631958,90,161
14,24,14,0.155681,90,166
15,14,4,0.242327,40,107
16,17,14,0.00765702,90,156
17,10,15,0.273485,90,155
18,1,8,0.13511,86,143
19,22,9,0.169777,42,110
20,19,12,0.0418369,42,106
21,17,20,0.289275,138,198
22,19,3,0.119031,138,197
23,9,3,0.616409,134,202
24,11,17,0.36736,182,252
25,0,14,0.277015,40,109
26,14,13,0.896802,186,252
27,17,15,0.0487195,186,254
28,21,5,0.00454545,90,156
29,15,16,0.427801,42,122
30,18,1,0.326551,134,199
31,23,16,0.201873,40,113
32,16,10,0.0297312,38,115
33,13,10,0.995347,86,146
34,14,2,0.0821385,138,209
35,24,5,0.0384691,186,255
36,15,13,0.804681,186,250
37,11,14,0.47083,38,110
38,8,4,0.00859028,38,101
39,14,12,0.177163,38,102
40,22,9,0.179462,186,254
41,17,13,0.000223624,42,96
42,12,9,0.233584,86,156
43,14,6,0.152983,182,255
44,16,14,0.932139,40,104
45,13,3,0.343431,136,206
46,2,4,0.00298521,136,197
47,17,16,0.0699343,182,252
48,14,6,0.162648,40,113
49,3,12,0.369084,86,139
50,16,2,0.285981,42,105
51,20,18,0.312115,184,245
52,8,15,0.0428474,90,165
53,14,18,0.453244,88,159
54,1,21,0.717032,182,241
55,16,2,0.285109,40,103
56,14,2,0.0997465,40,111
57,15,8,0.978942,134,207
58,0,12,0.28188,186,249
59,2,20,0.885673,138,203
60,20,19,0.48006,90,161
61,18,8,0.834059,88,152
62,13,18,0.153616,90,145
63,8,12,0.216211,138,200
64,23,4,0.370589,134,205
65,14,3,0.762028,38,97
66,23,11,0.15126,38,111
67,12,21,0.323566,42,109
68,16,1,0.875269,138,194
69,18,6,0.82651,90,157
70,22,21,0.456324,186,253
71,11,13,0.224273,186,250
72,6,22,0.026093,186,251
73,13,19,0.67163,90,154
74,23,13,0.0916428,136,193
75,23,20,0.867185,42,105
76,8,1,0.0961887,182,239
77,0,11,0.00392831,88,149
78,17,24,0.633818,40,105
79,6,3,0.257354,134,199
80,24,11,0.743135,90,166
81,13,4,0.0757645,86,146
82,21,19,0.413693,186,242
83,23,8,0.313224,136,202
84,16,20,0.218287,186,252
85,22,11,0.400461,186,250
86,18,12,0.37931,138,213
87,17,18,0.255617,90,143
88,19,16,0.100586,136,200
89,17,2,0.0388587,88,157
90,3,21,0.747606,86,148
91,5,22,0.326725,90,161
92,21,12,0.0141454,42,108
93,16,23,0.0810393,42,116
94,20,4,0.00742185,134,198
95,1,18,0.148874,136,202
96,8,14,0.0182217,88,151
97,16,0,0.736315,40,101
98,19,11,0.649583,182,251
99,24,8,0.0577632,88,159
100,3,11,0.517627,134,198
101,0,8,0.36396,138,200
102,4,19,0.00900799,90,157
103,19,23,0.56929,38,105
104,13,6,0.980135,90,150
105,1,16,0.188749,86,142
106,21,8,0.464096,88,141
107,19,17,0.289127,136,200
108,20,14,0.371679,38,112
109,14,2,0.0907528,38,109
110,15,1,0.489486,138,210
111,8,19,0.0922366,182,243
112,0,2,0.0975461,182,242
113,15,18,0.313226,134,192
114,18,11,0.982217,134,207
115,10,22,0.0644804,138,203
116,24,12,0.0401954,90,172
117,8,18,0.166386,38,104
118,11,17,0.333419,136,206
119,24,10,0.00786206,134,197
120,21,20,0.00690559,40,109
121,19,23,0.712134,184,251
122,17,2,0.037752,42,111
123,6,3,0.240359,186,251
124,16,12,0.20378,88,146
125,18,24,0.128442,184,239
126,20,19,0.468738,138,209
127,5,20,0.297565,88,152
128,13,8,0.834489,184,245
129,10,22,0.0699794,88,153
130,19,4,0.0672007,184,251
131,15,24,0.149184,88,140
132,23,6,0.671332,40,109
133,5,22,0.298992,38,109
134,18,11,0.112776,184,257
135,15,22,0.627535,138,209
136,23,6,0.701786,134,203
137,5,14,0.356596,182,261
138,21,0,0.0923151,184,248
139,19,9,0.184403,88,161
140,3,2,0.826056,88,151
141,0,8,0.419461,134,196
142,24,8,0.0542559,186,257
143,11,23,0.19488,184,257
144,18,17,0.0822897,234,287
145,4,16,0.498484,86,147
146,17,1,0.505592,138,200
147,13,18,0.180373,182,237
148,11,12,0.620992,182,248
149,14,13,0.928424,134,200
150,12,9,0.230758,42,112
151,13,2,0.290775,40,108
152,14,17,0.0811942,88,154
153,11,8,0.435467,138,203
154,23,18,0.362136,42,94
155,22,18,0.8226,88,150
156,21,18,0.193486,184,245
157,20,4,0.00677846,138,202
158,20,19,0.485101,88,159
159,12,10,0.707264,88,172
160,13,1,0.822322,40,101
161,22,19,0.121282,136,205
162,4,13,0.367822,40,108
163,11,3,0.860731,90,154
164,2,3,0.358034,136,199
165,11,10,0.308791,136,212
166,5,24,0.0677154,88,157
167,19,3,0.512473,40,99
168,3,10,0.0993437,42,122
169,14,6,0.151003,186,259
170,1,0,0.586367,86,139
171,21,17,0.372986,40,96
172,21,8,0.523755,182,235
173,21,14,0.00970074,88,146
174,2,13,0.10407,90,159
175,18,15,0.733262,184,242
176,15,23,0.154288,40,99
177,24,11,0.736514,38,114
178,17,19,0.725303,136,200
179,23,22,0.220581,90,149
180,17,13,0.783986,88,142
181,21,23,0.353899,38,97
182,14,4,0.237334,182,249
183,13,23,0.967852,138,195
184,24,14,0.145981,138,214
185,13,2,0.325809,182,250
186,16,13,0.89846,134,199
187,0,22,0.229803,182,243
188,16,15,0.596652,38,117
189,20,1,0.675976,38,96
190,15,4,0.185072,184,262
191,0,8,0.372654,38,100
192,11,22,0.881228,40,104
193,1,4,0.332599,136,190
194,11,8,0.399996,136,201
195,2,18,0.0331931,42,115
196,13,10,0.589651,38,98
197,9,16,0.907303,42,110
198,1,5,0.217025,38,101
199,4,10,0.057445,182,262
200,21,22,0.0226031,182,249
201,0,17,0.247912,134,203
202,3,5,0.899391,182,253
203,6,4,0.0189897,42,105
204,6,18,0.0312874,40,115
205,6,18,0.0322473,138,213
206,8,5,0.0387569,182,254
207,1,0,0.670003,182,235
208,20,14,0.317794,182,256
209,17,19,0.769588,88,152
210,21,8,0.487407,90,143
211,5,17,0.377777,138,202
212,24,8,0.0596933,40,111
213,12,11,0.208659,42,108
214,17,19,0.66535,134,198
215,13,0,0.62142,182,248
216,20,1,0.791773,134,192
217,11,12,0.198209,90,156
218,2,19,0.2707,38,106
219,1,16,0.921158,88,144
220,14,10,0.166216,90,165
221,14,9,0.498563,40,116
222,1,9,0.114623,138,198
223,21,15,0.0828826,136,206
224,0,14,0.322193,38,107
225,24,20,0.165205,134,199
226,4,17,0.00619583,138,208
227,15,10,0.363333,230,285
228,6,22,0.0277579,40,105
229,23,6,0.655012,182,251
230,19,12,0.0368231,182,246
231,1,9,0.247576,134,194
232,11,1,0.125193,90,146
233,10,2,0.0221063,40,118
234,18,1,0.858181,182,247
235,8,9,0.284095,42,111
236,10,11,0.0439777,88,167
237,22,6,0.294385,86,151
238,3,8,0.666782,182,239
239,1,11,0.976973,42,98
240,1,10,0.346667,90,164
241,3,5,0.914971,88,159
242,13,10,0.853434,136,196
243,5,4,0.191582,86,155
244,18,6,0.763652,88,155
245,2,19,0.311128,182,250
246,19,13,0.520799,90,154
247,13,5,0.31819,186,244
248,24,11,0.653319,86,162
249,18,22,0.918811,136,198
250,15,20,0.988485,40,110
251,0,15,0.501276,90,167
252,24,5,0.0380872,42,111
253,2,22,0.209201,86,149
254,1,20,0.755538,38,96
255,13,2,0.306977,186,254
256,21,15,0.0812206,184,254
257,2,20,0.974156,136,201
258,10,15,0.544657,38,103
259,16,12,0.193383,184,242
260,3,10,0.104585,90,170
261,13,15,0.880013,42,104
262,3,24,0.0326543,136,215
263,1,3,0.131528,186,242
264,17,21,0.306164,90,146
265,14,0,0.87464,182,251
266,12,9,0.234133,38,108
267,13,5,0.323714,90,148
268,6,22,0.0268397,136,201
269,5,14,0.293698,40,119
270,3,5,0.872907,40,111
271,16,5,0.176102,182,253
272,11,14,0.445875,134,206
273,0,5,0.19818,186,254
274,1,11,0.78277,182,238
275,21,5,0.00454545,88,154
276,20,19,0.442531,182,253
277,5,4,0.191329,184,253
278,16,12,0.175759,138,196
279,14,24,0.0384686,90,167
280,2,17,0.122341,134,205
281,2,20,0.0169702,184,249
282,12,15,0.434371,138,220
283,8,9,0.269324,86,155
284,20,0,0.06863,40,103
285,13,15,0.8043,40,102
286,16,14,0.960667,86,150
287,10,17,0.193592,138,197
288,0,17,0.251685,182,251
289,1,10,0.331012,88,162
290,20,2,0.22561,88,153
291,1,9,0.721508,182,242
292,10,12,0.0750689,136,217
293,10,14,0.114593,42,119
294,20,19,0.451681,40,111
295,17,13,0.151232,232,286
296,13,4,0.0865544,184,244
297,21,22,0.0198885,186,253
298,10,23,0.268152,134,188
299,22,0,0.196817,38,99
300,12,20,0.738147,90,158
301,17,8,0.200264,136,197
302,14,0,0.820755,40,109
303,0,11,0.959686,38,99
304,20,14,0.348339,86,160
305,22,21,0.480899,136,203
306,20,3,0.356918,42,108
307,1,21,0.777701,38,97
308,13,8,0.992347,86,147
309,1,14,0.298477,90,154
310,20,22,0.272459,86,147
311,16,12,0.171772,136,194
312,5,24,0.0701142,184,253
313,18,20,0.274052,184,245
314,0,8,0.376188,42,104
315,23,3,0.909757,134,207
316,11,22,0.912882,86,150
317,21,11,0.0570969,86,153
318,14,8,0.275541,42,110
319,13,6,0.993891,184,244
320,16,2,0.297097,90,153
321,20,17,0.436505,42,102
322,21,14,0.00940885,90,148
323,11,4,0.132241,186,248
324,0,8,0.411938,182,244
325,16,21,0.668761,134,191
326,3,11,0.340887,182,246
327,15,12,0.819285,186,268
328,24,1,0.916761,186,258
329,23,1,0.510144,136,201
330,19,23,0.605191,86,153
331,22,17,0.315834,182,243
332,8,1,0.147359,184,241
333,4,18,0.344267,88,160
334,21,20,0.00762164,88,157
335,23,1,0.949583,134,199
336,4,17,0.00568617,186,256
337,6,17,0.0529975,136,209
338,2,18,0.0357479,88,161
339,17,13,0.907326,138,192
340,19,5,0.439158,38,114
341,23,16,0.213492,86,159
342,1,8,0.189229,136,193
343,18,0,0.254526,40,110
344,16,8,0.767463,138,200
345,15,12,0.866334,40,122
346,1,5,0.841084,42,105
347,3,4,0.208145,134,190
348,14,23,0.423564,42,111
349,11,8,0.380864,88,153
350,0,14,0.284272,88,157
351,23,0,0.718418,88,158
352,16,13,0.854924,86,151
353,12,9,0.208751,182,252
354,11,1,0.902306,40,96
355,9,3,0.443293,38,106
356,6,18,0.0342829,88,163
357,10,24,0.908305,40,103
358,18,10,0.0118581,42,100
359,2,1,0.366206,134,189
360,23,24,0.178384,186,243
361,5,18,0.536275,38,103
362,12,21,0.343231,134,201
363,2,19,0.2943,184,252
364,18,1,0.219811,136,201
365,14,11,0.760768,182,254
366,0,24,0.576544,42,119
367,15,8,0.0504968,86,159
368,20,13,0.193691,234,288
369,6,14,0.018621,136,209
370,23,2,0.0851091,40,112
371,5,12,0.0169821,186,259
372,1,2,0.802921,86,141
373,12,17,0.00622665,134,208
374,14,0,0.797626,88,157
375,19,13,0.57755,134,198
376,14,2,0.0973232,186,257
377,15,16,0.423704,90,170
378,3,15,0.267509,182,264
379,2,14,0.642898,40,111
380,5,17,0.406626,134,198
381,0,18,0.777397,138,209
382,15,6,0.20955,90,166
383,19,22,0.38128,88,157
384,6,18,0.030321,38,113
385,18,15,0.85884,40,98
386,12,3,0.835916,88,141
387,12,18,0.133045,138,214
388,13,8,0.794714,138,199
389,10,8,0.275872,134,206
390,0,10,0.475178,86,165
391,18,5,0.0532631,186,251
392,14,21,0.813094,230,288
393,2,21,0.00545289,40,106
394,11,15,0.16559,186,264
395,1,22,0.256507,40,96
396,21,8,0.439262,136,189
397,3,6,0.143287,184,249
398,3,1,0.394621,232,288
399,6,3,0.266961,136,201
400,3,11,0.341209,86,150
401,21,19,0.400193,184,240
402,0,8,0.35566,86,148
403,14,6,0.142451,90,163
404,0,18,0.774187,88,159
405,1,12,0.0229386,42,100
406,18,13,0.187305,88,143
407,17,8,0.195611,38,99
408,3,18,0.511174,138,213
409,4,18,0.36479,86,158
410,23,6,0.67289,86,155
411,24,0,0.0532912,138,215
412,10,3,0.051744,136,215
413,5,14,0.225609,136,215
414,23,21,0.616651,42,103
415,16,20,0.227254,138,204
416,4,13,0.363577,182,250
417,9,16,0.916667,40,108
418,13,11,0.204693,184,249
419,14,9,0.560842,182,258
420,1,3,0.223468,88,144
421,23,2,0.0978397,86,158
422,2,21,0.00514375,90,156
423,12,23,0.0695554,138,214
424,14,13,0.967027,86,152
425,14,16,0.109665,182,246
426,15,5,0.485304,186,260
427,11,12,0.208772,136,202
428,21,19,0.389579,232,288
429,1,17,0.467459,88,152
430,18,23,0.903961,136,188
431,14,4,0.229431,184,251
432,18,21,0.552458,42,101
433,13,15,0.78283,136,198
434,22,14,0.243327,88,160
435,2,13,0.113354,136,205
436,0,13,0.381025,182,249
437,23,6,0.612997,184,253
438,2,4,0.8815,184,245
439,15,23,0.539816,38,97
440,16,1,0.456914,38,94
441,17,24,0.654914,138,203
442,13,22,0.0552888,40,95
443,24,5,0.0351848,86,155
444,11,22,0.906879,186,250
445,16,23,0.083727,134,208
446,15,19,0.675995,38,114
447,1,14,0.878577,182,246
448,19,17,0.26976,42,106
449,5,12,0.0161838,138,211
450,24,5,0.0343662,38,107
451,1,8,0.262939,40,97
452,12,16,0.723814,186,244
453,22,3,0.152384,90,150
454,6,17,0.0552241,138,211
455,4,21,0.0115484,182,247
456,11,23,0.866968,182,255
457,12,20,0.759283,42,110
458,23,6,0.684644,38,107
459,12,11,0.17955,40,106
460,20,12,0.0197273,184,252
461,5,18,0.59887,86,151
462,13,1,0.644538,88,149
463,1,20,0.392036,184,242
464,10,14,0.105966,136,213
465,1,15,0.223854,186,258
466,23,13,0.982564,138,195
467,24,15,0.396338,138,190
468,2,14,0.755025,138,209
469,14,24,0.0334558,38,115
470,18,17,0.45003,88,141
471,4,17,0.00616237,136,206
472,22,16,0.124743,86,150
473,3,2,0.807333,38,101
474,23,21,0.67995,90,151
475,14,21,0.864391,88,146
476,15,13,0.579328,184,248
477,12,19,0.0467648,42,106
478,3,0,0.444099,182,243
479,24,11,0.718581,182,258
480,11,22,0.833914,136,200
481,8,24,0.0246473,134,206
482,3,12,0.0136351,40,93
483,15,10,0.336678,40,95
484,12,21,0.383385,182,249
485,14,13,0.0680882,40,106
486,24,1,0.161774,182,254
487,13,18,0.218677,42,97
488,22,14,0.25153,134,206
489,15,20,0.0974311,184,254
490,17,13,0.612816,86,140
491,4,6,0.0638617,186,249
492,4,13,0.322193,186,254
493,0,19,0.277739,186,252
494,0,11,0.900111,182,243
495,24,5,0.0365298,40,109
496,11,4,0.0357465,40,102
497,15,1,0.822509,40,112
498,16,1,0.637713,86,142
499,17,8,0.201286,40,101
500,23,11,0.359066,182,255
501,16,10,0.0279946,86,163
502,3,13,0.59564,40,108
503,11,4,0.0266216,88,150
504,24,2,0.355701,40,119
505,22,4,0.0343461,138,200
506,3,10,0.0897755,184,264
507,3,6,0.334905,90,155
508,1,19,0.427269,86,147
509,3,12,0.558345,90,143
510,1,14,0.543536,184,248
511,0,15,0.504952,40,117
512,3,9,0.508429,186,254
513,3,8,0.901934,186,243
514,1,12,0.131223,88,146
515,16,15,0.601271,138,217
516,18,4,0.747087,40,111
517,18,12,0.371638,42,117
518,16,10,0.0277156,184,261
519,20,3,0.374815,186,252
520,3,11,0.672497,40,104
521,10,12,0.0725947,182,263
522,14,0,0.650354,138,207
523,6,4,0.0173229,90,153
524,17,11,0.108107,138,208
525,9,16,0.960567,186,254
526,1,14,0.883031,138,202
527,11,4,0.157124,136,198
528,3,11,0.283666,90,154
529,24,23,0.774058,230,287
530,24,21,0.121603,38,104
531,18,15,0.909834,186,244
532,19,8,0.466265,186,247
533,5,22,0.341166,134,205
534,21,17,0.420193,88,144
535,24,6,0.379487,186,257
536,1,19,0.951681,138,199
537,11,8,0.3875,86,151
538,2,23,0.0895205,88,161
539,0,14,0.280455,182,251
540,5,18,0.601696,40,105
541,23,2,0.0889568,38,110
542,0,1,0.0636737,234,287
543,22,8,0.270094,182,247
544,16,5,0.155221,184,255
545,5,3,0.571249,88,159
546,23,17,0.287678,88,141
547,0,16,0.714472,88,149
548,23,3,0.657036,182,255
549,24,14,0.145704,86,162
550,19,11,0.726965,134,203
551,20,0,0.0609789,186,249
552,16,11,0.70419,88,152
553,3,21,0.980399,134,196
554,24,12,0.0384641,86,168
555,2,1,0.162265,232,287
556,20,18,0.288156,42,103
557,16,1,0.780464,232,288
558,12,1,0.603198,42,100
559,21,0,0.091951,88,152
560,4,17,0.0057045,182,252
561,2,13,0.111426,86,155
562,3,9,0.556169,182,250
563,16,2,0.306874,134,197
564,13,19,0.734601,42,106
565,3,12,0.691578,234,287
566,15,22,0.635423,42,113
567,9,1,0.742313,38,98
568,22,18,0.841858,134,196
569,24,14,0.146734,136,212
570,10,15,0.449601,184,249
571,18,12,0.412362,86,161
572,0,5,0.176159,42,110
573,0,12,0.271294,38,101
574,22,16,0.116608,182,246
575,1,2,0.510844,182,237
576,5,22,0.30626,136,207
577,14,22,0.674218,86,158
578,8,19,0.0859371,134,195
579,10,5,0.0243932,134,207
580,2,3,0.323177,42,105
581,23,20,0.821642,136,199
582,22,18,0.77739,42,104
583,22,21,0.474666,182,249
584,0,24,0.528224,86,163
585,20,4,0.00775507,86,150
586,19,4,0.067899,42,109
587,10,16,0.109773,90,169
588,0,19,0.247651,40,106
589,14,1,0.941879,86,150
590,13,18,0.921903,134,189
591,22,15,0.127028,86,155
592,0,10,0.471829,186,265
593,19,24,0.489781,38,113
594,22,3,0.23734,136,196
595,20,17,0.399925,184,244
596,22,4,0.0378268,186,248
597,16,13,0.851127,88,153
598,3,8,0.781935,40,97
599,13,1,0.205931,138,199
600,22,17,0.291883,42,103
601,22,16,0.1212,136,200
602,4,0,0.139137,38,97
603,1,16,0.648617,38,94
604,21,13,0.827325,88,144
605,0,24,0.518678,134,211
606,14,21,0.867856,42,100
607,12,20,0.761737,40,108
608,23,20,0.0573303,40,103
609,11,12,0.187925,134,200
610,21,12,0.0132115,182,248
611,2,12,0.0537939,86,151
612,14,4,0.224605,42,109
613,24,18,0.90094,88,143
614,1,0,0.291344,230,283
615,21,5,0.00454545,134,200
616,24,18,0.0334033,186,241
617,1,12,0.479753,90,148
618,8,19,0.0828735,138,199
619,21,18,0.21303,42,103
620,0,18,0.810043,184,255
621,13,0,0.565839,88,154
622,1,2,0.42071,40,95
623,16,21,0.716259,90,147
624,22,16,0.113437,138,202
625,8,23,0.291024,134,198
626,0,13,0.377025,184,251
627,17,21,0.277661,42,98
628,14,11,0.68718,136,208
629,3,1,0.951977,86,142
630,12,13,0.19013,42,115
631,5,4,0.211581,40,109
632,13,2,0.289419,136,204
633,16,12,0.200627,38,96
634,5,1,0.410969,38,101
635,11,1,0.309685,138,194
636,15,19,0.783967,186,262
637,4,23,0.0114632,134,206
638,22,14,0.235799,136,208
639,24,3,0.0162074,184,265
640,23,11,0.302418,136,209
641,3,16,0.652371,42,95
642,5,17,0.389134,88,152
643,24,3,0.0165929,38,119
644,10,22,0.061315,182,247
645,6,17,0.0527861,88,161
646,21,13,0.90445,40,96
647,21,5,0.00454545,184,250
648,0,22,0.263289,134,195
649,24,8,0.0535284,136,207
