NODES,25
INDEX,Name,X-coordinate,Y-coordinate
0,0,-,-
1,1,-,-
2,2,-,-
3,3,-,-
4,4,-,-
5,5,-,-
6,6,-,-
7,7,-,-
8,8,-,-
9,9,-,-
10,10,-,-
11,11,-,-
12,12,-,-
13,13,-,-
14,14,-,-
15,15,-,-
16,16,-,-
17,17,-,-
18,18,-,-
19,19,-,-
20,20,-,-
21,21,-,-
22,22,-,-
23,23,-,-
24,24,-,-
ARCS,529
Index,Origin,Destination,Variable Cost,Fixed Cost,Capacity,Travel time
0,0,1,0,117.8,1,5
1,1,0,0,117.8,1,5
2,1,2,0,234.05,1,7
3,1,3,0,260.4,1,8
4,1,4,0,175.15,1,6
5,1,5,0,486.7,1,15
6,1,6,0,323.95,1,9
7,1,8,0,323.95,1,9
8,1,9,0,447.95,1,12
9,1,10,0,883.5,1,26
10,1,11,0,255.75,1,8
11,1,12,0,387.5,1,10
12,1,13,0,489.8,1,14
13,1,14,0,525.45,1,16
14,1,15,0,1002.85,1,24
15,1,16,0,252.65,1,8
16,1,17,0,545.6,1,16
17,1,18,0,680.45,1,18
18,1,19,0,503.75,1,13
19,1,20,0,358.05,1,10
20,1,21,0,409.2,1,11
21,1,22,0,266.6,1,8
22,1,23,0,699.05,1,18
23,1,24,0,903.65,1,24
24,2,1,0,234.05,1,7
25,3,1,0,260.4,1,8
26,3,4,0,230.95,1,8
27,3,8,0,311.55,1,9
28,3,12,0,144.15,1,5
29,3,13,0,661.85,1,20
30,3,14,0,418.5,1,11
31,3,16,0,151.9,1,5
32,3,19,0,396.8,1,11
33,3,21,0,469.65,1,14
34,3,22,0,429.35,1,13
35,4,1,0,175.15,1,6
36,4,3,0,230.95,1,8
37,5,1,0,486.7,1,15
38,5,13,0,367.35,1,10
39,6,1,0,323.95,1,9
40,6,13,0,430.9,1,11
41,7,1,0,103.85,1,4
42,8,1,0,323.95,1,9
43,8,3,0,311.55,1,9
44,8,13,0,415.4,1,11
45,8,16,0,161.2,1,6
46,8,21,0,158.1,1,5
47,9,1,0,447.95,1,12
48,10,1,0,891.25,1,23
49,10,23,0,192.2,1,6
50,11,1,0,255.75,1,8
51,11,13,0,592.1,1,16
52,12,1,0,387.5,1,10
53,12,3,0,144.15,1,5
54,13,1,0,489.8,1,13
55,13,3,0,669.6,1,22
56,13,5,0,367.35,1,10
57,13,6,0,430.9,1,12
58,13,10,0,483.6,1,12
59,13,11,0,596.75,1,17
60,13,15,0,553.35,1,14
61,13,17,0,176.7,1,6
62,13,18,0,248,1,7
63,13,19,0,573.5,1,16
64,13,20,0,198.4,1,6
65,13,21,0,275.9,1,8
66,13,22,0,232.5,1,7
67,13,23,0,323.95,1,9
68,13,24,0,449.5,1,11
69,14,1,0,525.45,1,16
70,14,3,0,418.5,1,11
71,14,19,0,111.6,1,4
72,14,21,0,384.4,1,10
73,15,1,0,1002.85,1,24
74,15,13,0,553.35,1,16
75,15,18,0,350.3,1,10
76,15,21,0,747.1,1,20
77,15,23,0,412.3,1,11
78,16,1,0,252.65,1,8
79,16,3,0,151.9,1,5
80,16,8,0,161.2,1,6
81,16,13,0,581.25,1,17
82,16,21,0,305.35,1,9
83,17,1,0,544.05,1,14
84,17,13,0,176.7,1,6
85,17,18,0,127.1,1,5
86,17,21,0,292.95,1,8
87,18,1,0,666.5,1,17
88,18,10,0,308.45,1,10
89,18,13,0,248,1,7
90,18,15,0,350.3,1,10
91,18,17,0,127.1,1,5
92,18,19,0,719.2,1,19
93,18,21,0,421.6,1,11
94,18,22,0,421.6,1,13
95,18,23,0,116.25,1,4
96,18,24,0,237.15,1,7
97,19,1,0,503.75,1,13
98,19,3,0,396.8,1,11
99,19,8,0,240.25,1,7
100,19,14,0,111.6,1,4
101,19,21,0,297.6,1,8
102,20,1,0,358.05,1,10
103,20,13,0,198.4,1,6
104,20,23,0,522.35,1,15
105,21,1,0,409.2,1,11
106,21,3,0,458.8,1,13
107,21,8,0,158.1,1,5
108,21,13,0,275.9,1,8
109,21,14,0,384.4,1,10
110,21,15,0,829.25,1,22
111,21,17,0,292.95,1,8
112,21,18,0,420.05,1,13
113,21,19,0,297.6,1,8
114,21,23,0,440.2,1,11
115,22,1,0,266.6,1,8
116,22,3,0,429.35,1,12
117,22,13,0,232.5,1,7
118,23,1,0,699.05,1,17
119,23,10,0,192.2,1,6
120,23,13,0,323.95,1,9
121,23,15,0,412.3,1,11
122,23,17,0,153.45,1,5
123,23,18,0,116.25,1,4
124,23,21,0,446.4,1,13
125,23,24,0,305.35,1,9
126,24,1,0,903.65,1,24
127,24,13,0,449.5,1,11
128,24,18,0,237.15,1,7
129,24,23,0,305.35,1,9
130,0,2,0,161.2,1,6
131,0,3,0,353.4,1,10
132,0,4,0,285.2,1,9
133,0,5,0,474.3,1,13
134,0,6,0,246.45,1,8
135,0,8,0,427.8,1,12
136,0,9,0,379.75,1,11
137,0,10,0,931.55,1,25
138,0,11,0,158.1,1,5
139,0,12,0,401.45,1,11
140,0,14,0,632.4,1,17
141,0,15,0,1063.3,1,28
142,0,16,0,367.35,1,11
143,0,17,0,596.75,1,16
144,0,18,0,717.65,1,19
145,0,19,0,615.35,1,17
146,0,20,0,361.15,1,10
147,0,21,0,444.85,1,13
148,0,22,0,297.6,1,9
149,0,23,0,739.35,1,20
150,0,24,0,957.9,1,25
151,1,7,0,103.85,1,4
152,2,0,0,161.2,1,6
153,2,3,0,480.5,1,13
154,2,4,0,409.2,1,12
155,2,5,0,257.3,1,8
156,2,6,0,110.05,1,4
157,2,8,0,412.3,1,12
158,2,9,0,229.4,1,7
159,2,10,0,872.65,1,23
160,2,11,0,182.9,1,6
161,2,12,0,582.8,1,16
162,2,13,0,390.6,1,11
163,2,14,0,790.5,1,21
164,2,15,0,940.85,1,25
165,2,16,0,475.85,1,13
166,2,17,0,568.85,1,16
167,2,18,0,638.6,1,17
168,2,19,0,643.25,1,17
169,2,20,0,207.7,1,7
170,2,21,0,424.7,1,12
171,2,22,0,308.45,1,9
172,2,23,0,716.1,1,19
173,2,24,0,847.85,1,23
174,3,0,0,353.4,1,10
175,3,2,0,480.5,1,13
176,3,6,0,554.9,1,15
177,3,9,0,685.1,1,18
178,3,10,0,995.1,1,26
179,3,11,0,477.4,1,13
180,3,15,0,1224.5,1,32
181,3,17,0,764.15,1,20
182,3,18,0,833.9,1,22
183,3,20,0,620,1,17
184,3,23,0,888.15,1,23
185,3,24,0,1108.25,1,29
186,4,0,0,285.2,1,9
187,4,2,0,409.2,1,12
188,4,6,0,494.45,1,14
189,4,7,0,75.95,1,3
190,4,8,0,142.6,1,5
191,4,9,0,624.65,1,17
192,4,10,0,838.55,1,22
193,4,11,0,406.1,1,12
194,4,12,0,331.7,1,9
195,4,13,0,427.8,1,12
196,4,14,0,410.75,1,12
197,4,15,0,970.3,1,26
198,4,16,0,147.25,1,5
199,4,17,0,503.75,1,14
200,4,18,0,624.65,1,17
201,4,19,0,390.6,1,11
202,4,20,0,413.85,1,12
203,4,21,0,263.5,1,8
204,4,22,0,204.6,1,7
205,4,23,0,646.35,1,18
206,4,24,0,861.8,1,23
207,5,0,0,474.3,1,13
208,5,2,0,257.3,1,8
209,5,6,0,161.2,1,5
210,5,9,0,198.4,1,6
211,5,11,0,320.85,1,9
212,5,18,0,660.3,1,16
213,5,20,0,178.25,1,6
214,5,23,0,720.75,1,19
215,6,0,0,246.45,1,8
216,6,2,0,110.05,1,4
217,6,3,0,554.9,1,15
218,6,4,0,494.45,1,14
219,6,5,0,161.2,1,5
220,6,8,0,637.05,1,17
221,6,9,0,141.05,1,5
222,6,10,0,939.3,1,25
223,6,11,0,165.85,1,5
224,6,12,0,623.1,1,17
225,6,14,0,840.1,1,22
226,6,15,0,982.7,1,26
227,6,16,0,576.6,1,16
228,6,17,0,615.35,1,17
229,6,18,0,685.1,1,18
230,6,19,0,824.6,1,22
231,6,20,0,243.35,1,7
232,6,21,0,593.65,1,16
233,6,22,0,446.4,1,13
234,6,23,0,761.05,1,20
235,6,24,0,877.3,1,23
236,7,3,0,246.45,1,8
237,7,4,0,75.95,1,3
238,8,0,0,427.8,1,12
239,8,2,0,412.3,1,12
240,8,4,0,142.6,1,5
241,8,6,0,637.05,1,17
242,8,9,0,767.25,1,21
243,8,10,0,714.55,1,19
244,8,11,0,545.6,1,15
245,8,12,0,460.35,1,13
246,8,14,0,328.6,1,10
247,8,15,0,883.5,1,23
248,8,17,0,427.8,1,12
249,8,18,0,542.5,1,15
250,8,19,0,240.25,1,7
251,8,20,0,444.85,1,13
252,8,22,0,203.05,1,7
253,8,23,0,536.3,1,15
254,8,24,0,801.35,1,21
255,9,0,0,379.75,1,11
256,9,2,0,229.4,1,7
257,9,3,0,685.1,1,18
258,9,4,0,624.65,1,17
259,9,5,0,198.4,1,6
260,9,6,0,141.05,1,5
261,9,8,0,767.25,1,21
262,9,10,0,1069.5,1,28
263,9,11,0,297.6,1,8
264,9,12,0,753.3,1,20
265,9,13,0,469.65,1,12
266,9,14,0,652.55,1,18
267,9,15,0,1112.9,1,29
268,9,16,0,706.8,1,19
269,9,17,0,646.35,1,18
270,9,18,0,711.45,1,18
271,9,19,0,954.8,1,25
272,9,20,0,279,1,8
273,9,21,0,723.85,1,19
274,9,22,0,576.6,1,16
275,9,23,0,891.25,1,24
276,9,24,0,1019.9,1,27
277,10,0,0,931.55,1,25
278,10,2,0,872.65,1,23
279,10,3,0,995.1,1,26
280,10,4,0,838.55,1,22
281,10,6,0,939.3,1,25
282,10,8,0,714.55,1,19
283,10,9,0,1069.5,1,28
284,10,11,0,1133.05,1,30
285,10,12,0,1086.55,1,28
286,10,13,0,483.6,1,12
287,10,14,0,970.3,1,26
288,10,15,0,224.75,1,7
289,10,16,0,872.65,1,23
290,10,17,0,334.8,1,9
291,10,18,0,306.9,1,9
292,10,19,0,909.85,1,24
293,10,20,0,714.55,1,19
294,10,21,0,623.1,1,16
295,10,22,0,623.1,1,17
296,10,24,0,286.75,1,8
297,11,0,0,158.1,1,5
298,11,2,0,182.9,1,6
299,11,3,0,477.4,1,13
300,11,4,0,406.1,1,12
301,11,5,0,320.85,1,9
302,11,6,0,165.85,1,5
303,11,8,0,545.6,1,15
304,11,9,0,297.6,1,9
305,11,10,0,1133.05,1,30
306,11,12,0,523.9,1,14
307,11,14,0,770.35,1,21
308,11,15,0,1112.9,1,29
309,11,16,0,488.25,1,14
310,11,17,0,798.25,1,21
311,11,18,0,832.35,1,21
312,11,19,0,748.65,1,20
313,11,20,0,406.1,1,11
314,11,21,0,649.45,1,18
315,11,22,0,499.1,1,14
316,11,23,0,852.5,1,23
317,11,24,0,1021.45,1,27
318,12,0,0,401.45,1,11
319,12,2,0,582.8,1,16
320,12,4,0,331.7,1,10
321,12,6,0,623.1,1,17
322,12,8,0,460.35,1,13
323,12,9,0,753.3,1,20
324,12,10,0,1086.55,1,28
325,12,11,0,523.9,1,14
326,12,13,0,776.55,1,20
327,12,14,0,550.25,1,15
328,12,15,0,1233.8,1,32
329,12,16,0,296.05,1,9
330,12,17,0,776.55,1,21
331,12,18,0,1038.5,1,27
332,12,19,0,523.9,1,14
333,12,20,0,637.05,1,17
334,12,21,0,554.9,1,15
335,12,22,0,556.45,1,15
336,12,23,0,919.15,1,24
337,12,24,0,1137.7,1,30
338,13,2,0,390.6,1,11
339,13,4,0,427.8,1,12
340,13,8,0,415.4,1,11
341,13,9,0,469.65,1,12
342,13,14,0,655.65,1,17
343,13,16,0,530.1,1,14
344,14,0,0,632.4,1,17
345,14,2,0,790.5,1,21
346,14,4,0,410.75,1,12
347,14,6,0,840.1,1,22
348,14,8,0,328.6,1,10
349,14,9,0,652.55,1,18
350,14,10,0,970.3,1,26
351,14,11,0,770.35,1,21
352,14,12,0,550.25,1,15
353,14,13,0,655.65,1,17
354,14,15,0,1106.7,1,28
355,14,16,0,272.8,1,8
356,14,17,0,671.15,1,18
357,14,18,0,798.25,1,20
358,14,20,0,852.5,1,23
359,14,22,0,527,1,15
360,14,23,0,818.4,1,20
361,14,24,0,995.1,1,26
362,15,0,0,1063.3,1,28
363,15,2,0,940.85,1,25
364,15,3,0,1224.5,1,32
365,15,4,0,970.3,1,26
366,15,6,0,982.7,1,26
367,15,8,0,883.5,1,23
368,15,9,0,1112.9,1,29
369,15,10,0,224.75,1,7
370,15,11,0,1112.9,1,29
371,15,12,0,1233.8,1,32
372,15,14,0,1106.7,1,28
373,15,16,0,1027.65,1,27
374,15,17,0,454.15,1,12
375,15,19,0,1023,1,27
376,15,20,0,757.95,1,19
377,15,22,0,733.15,1,19
378,15,24,0,110.05,1,4
379,16,0,0,367.35,1,11
380,16,2,0,475.85,1,13
381,16,4,0,147.25,1,5
382,16,6,0,576.6,1,16
383,16,7,0,155,1,5
384,16,9,0,706.8,1,19
385,16,10,0,872.65,1,23
386,16,11,0,488.25,1,14
387,16,12,0,296.05,1,8
388,16,14,0,272.8,1,8
389,16,15,0,1027.65,1,27
390,16,17,0,570.4,1,16
391,16,18,0,686.65,1,19
392,16,19,0,251.1,1,7
393,16,20,0,525.45,1,15
394,16,22,0,302.25,1,9
395,16,23,0,692.85,1,19
396,16,24,0,951.7,1,25
397,17,0,0,596.75,1,16
398,17,2,0,568.85,1,16
399,17,3,0,764.15,1,20
400,17,4,0,503.75,1,14
401,17,5,0,530.1,1,14
402,17,6,0,615.35,1,17
403,17,8,0,427.8,1,12
404,17,9,0,649.45,1,18
405,17,10,0,334.8,1,10
406,17,11,0,798.25,1,21
407,17,12,0,776.55,1,21
408,17,14,0,671.15,1,17
409,17,15,0,454.15,1,12
410,17,16,0,570.4,1,16
411,17,19,0,581.25,1,16
412,17,20,0,373.55,1,10
413,17,22,0,294.5,1,8
414,17,23,0,153.45,1,5
415,17,24,0,362.7,1,10
416,18,0,0,719.2,1,19
417,18,2,0,638.6,1,17
418,18,3,0,833.9,1,22
419,18,4,0,624.65,1,17
420,18,5,0,660.3,1,16
421,18,6,0,685.1,1,18
422,18,8,0,542.5,1,15
423,18,9,0,711.45,1,18
424,18,11,0,832.35,1,21
425,18,12,0,1038.5,1,27
426,18,14,0,798.25,1,21
427,18,16,0,686.65,1,19
428,18,20,0,438.65,1,12
429,19,0,0,615.35,1,17
430,19,2,0,643.25,1,17
431,19,4,0,390.6,1,11
432,19,6,0,824.6,1,22
433,19,9,0,954.8,1,25
434,19,10,0,909.85,1,24
435,19,11,0,748.65,1,20
436,19,12,0,523.9,1,14
437,19,13,0,565.75,1,14
438,19,15,0,1023,1,27
439,19,16,0,251.1,1,7
440,19,17,0,581.25,1,16
441,19,18,0,709.9,1,18
442,19,20,0,764.15,1,20
443,19,22,0,437.1,1,12
444,19,23,0,728.5,1,18
445,19,24,0,942.4,1,25
446,20,0,0,361.15,1,10
447,20,2,0,207.7,1,7
448,20,3,0,620,1,17
449,20,4,0,413.85,1,12
450,20,5,0,178.25,1,6
451,20,6,0,243.35,1,7
452,20,8,0,444.85,1,13
453,20,9,0,279,1,8
454,20,10,0,714.55,1,19
455,20,11,0,406.1,1,11
456,20,12,0,637.05,1,17
457,20,14,0,878.85,1,23
458,20,15,0,757.95,1,19
459,20,16,0,525.45,1,15
460,20,17,0,373.55,1,11
461,20,18,0,438.65,1,12
462,20,19,0,764.15,1,20
463,20,21,0,466.55,1,13
464,20,22,0,272.8,1,8
465,20,24,0,641.7,1,17
466,21,0,0,444.85,1,13
467,21,2,0,424.7,1,12
468,21,4,0,263.5,1,8
469,21,6,0,593.65,1,16
470,21,9,0,723.85,1,19
471,21,10,0,623.1,1,16
472,21,11,0,646.35,1,18
473,21,12,0,554.9,1,15
474,21,16,0,305.35,1,9
475,21,20,0,466.55,1,13
476,21,22,0,142.6,1,5
477,21,24,0,651,1,18
478,22,0,0,297.6,1,9
479,22,2,0,308.45,1,10
480,22,4,0,204.6,1,7
481,22,6,0,446.4,1,13
482,22,8,0,203.05,1,6
483,22,9,0,576.6,1,16
484,22,10,0,623.1,1,17
485,22,11,0,499.1,1,14
486,22,12,0,556.45,1,15
487,22,14,0,527,1,15
488,22,15,0,733.15,1,19
489,22,16,0,302.25,1,9
490,22,17,0,294.5,1,8
491,22,18,0,404.55,1,10
492,22,19,0,437.1,1,12
493,22,20,0,272.8,1,9
494,22,21,0,142.6,1,5
495,22,23,0,432.45,1,11
496,22,24,0,643.25,1,17
497,23,0,0,739.35,1,20
498,23,2,0,716.1,1,19
499,23,3,0,888.15,1,23
500,23,4,0,646.35,1,18
501,23,6,0,761.05,1,20
502,23,8,0,536.3,1,15
503,23,9,0,891.25,1,24
504,23,11,0,852.5,1,23
505,23,12,0,919.15,1,24
506,23,14,0,818.4,1,20
507,23,16,0,692.85,1,19
508,23,19,0,728.5,1,18
509,23,20,0,522.35,1,14
510,23,22,0,432.45,1,11
511,24,0,0,957.9,1,25
512,24,2,0,847.85,1,23
513,24,3,0,1108.25,1,29
514,24,4,0,861.8,1,23
515,24,6,0,877.3,1,23
516,24,8,0,801.35,1,21
517,24,9,0,1019.9,1,27
518,24,10,0,286.75,1,8
519,24,11,0,1021.45,1,27
520,24,12,0,1137.7,1,30
521,24,14,0,995.1,1,26
522,24,15,0,110.05,1,4
523,24,16,0,951.7,1,25
524,24,17,0,362.7,1,10
525,24,19,0,942.4,1,25
526,24,20,0,641.7,1,17
527,24,21,0,651,1,16
528,24,22,0,643.25,1,17
PATHS,600
Index,Shipment origin,Shipment destination,1st terminal on path,2nd terminal on path,.....,6th terminal on path
0,0,1,0,1
1,0,2,0,1,2
2,0,3,0,1,3
3,0,4,0,1,4
4,0,5,0,1,5
5,0,6,0,1,6
6,0,7,0,1,7
7,0,8,0,1,8
8,0,9,0,1,9
9,0,10,0,1,10
10,0,11,0,1,11
11,0,12,0,1,12
12,0,13,0,1,13
13,0,14,0,1,14
14,0,15,0,1,15
15,0,16,0,1,16
16,0,17,0,1,17
17,0,18,0,1,18
18,0,19,0,1,19
19,0,20,0,1,20
20,0,21,0,1,21
21,0,22,0,1,22
22,0,23,0,1,23
23,0,24,0,1,24
24,1,0,1,0
25,1,2,1,2
26,1,3,1,3
27,1,4,1,4
28,1,5,1,5
29,1,6,1,6
30,1,7,1,7
31,1,8,1,8
32,1,9,1,9
33,1,10,1,10
34,1,11,1,11
35,1,12,1,12
36,1,13,1,13
37,1,14,1,14
38,1,15,1,15
39,1,16,1,16
40,1,17,1,17
41,1,18,1,18
42,1,19,1,19
43,1,20,1,20
44,1,21,1,21
45,1,22,1,22
46,1,23,1,23
47,1,24,1,24
48,2,0,2,1,0
49,2,1,2,1
50,2,3,2,1,3
51,2,4,2,1,4
52,2,5,2,1,5
53,2,6,2,1,6
54,2,8,2,1,8
55,2,7,2,1,7
56,2,9,2,1,9
57,2,10,2,1,10
58,2,11,2,1,11
59,2,12,2,1,12
60,2,13,2,1,13
61,2,14,2,1,14
62,2,15,2,1,15
63,2,16,2,1,16
64,2,17,2,1,17
65,2,18,2,1,18
66,2,19,2,1,19
67,2,20,2,1,20
68,2,21,2,1,21
69,2,22,2,1,22
70,2,23,2,1,23
71,2,24,2,1,24
72,3,0,3,1,0
73,3,1,3,1
74,3,2,3,1,2
75,3,4,3,4
76,3,5,3,1,5
77,3,6,3,1,6
78,3,7,3,1,7
79,3,8,3,8
80,3,9,3,1,9
81,3,10,3,13,10
82,3,11,3,1,11
83,3,12,3,12
84,3,13,3,13
85,3,14,3,14
86,3,15,3,13,15
87,3,16,3,16
88,3,17,3,13,17
89,3,18,3,13,18
90,3,19,3,19
91,3,20,3,1,20
92,3,21,3,21
93,3,22,3,22
94,3,23,3,21,23
95,3,24,3,13,24
96,4,0,4,1,0
97,4,1,4,1
98,4,2,4,1,2
99,4,3,4,3
100,4,5,4,1,5
101,4,6,4,1,6
102,4,7,4,1,7
103,4,8,4,1,8
104,4,9,4,1,9
105,4,10,4,1,10
106,4,11,4,1,11
107,4,12,4,3,12
108,4,13,4,1,13
109,4,14,4,3,14
110,4,15,4,1,15
111,4,16,4,3,16
112,4,17,4,1,17
113,4,18,4,1,18
114,4,19,4,3,19
115,4,20,4,1,20
116,4,21,4,1,21
117,4,22,4,1,22
118,4,23,4,1,23
119,4,24,4,1,24
120,5,0,5,1,0
121,5,1,5,1
122,5,2,5,1,2
123,5,3,5,1,3
124,5,4,5,1,4
125,5,6,5,1,6
126,5,7,5,1,7
127,5,8,5,1,8
128,5,9,5,1,9
129,5,10,5,13,10
130,5,11,5,1,11
131,5,12,5,1,12
132,5,13,5,13
133,5,14,5,1,14
134,5,15,5,13,15
135,5,16,5,1,16
136,5,17,5,13,17
137,5,18,5,13,18
138,5,19,5,13,21,19
139,5,20,5,13,20
140,5,21,5,13,21
141,5,22,5,1,22
142,5,23,5,13,23
143,5,24,5,13,24
144,6,0,6,1,0
145,6,1,6,1
146,6,2,6,1,2
147,6,3,6,1,3
148,6,4,6,1,4
149,6,5,6,1,5
150,6,7,6,1,7
151,6,8,6,1,8
152,6,9,6,1,9
153,6,10,6,1,10
154,6,11,6,1,11
155,6,12,6,1,12
156,6,13,6,1,13
157,6,14,6,1,14
158,6,15,6,1,15
159,6,16,6,1,16
160,6,17,6,1,17
161,6,18,6,1,18
162,6,19,6,1,19
163,6,20,6,1,20
164,6,21,6,1,21
165,6,22,6,1,22
166,6,23,6,1,23
167,6,24,6,1,24
168,7,0,7,1,0
169,7,1,7,1
170,7,2,7,1,2
171,7,3,7,3
172,7,4,7,4
173,7,5,7,1,5
174,7,6,7,3,6
175,7,8,7,3,8
176,7,9,7,1,9
177,7,10,7,1,9
178,7,11,7,3,11
179,7,12,7,4,12
180,7,13,7,4,13
181,7,14,7,4,14
182,7,15,7,4,15
183,7,16,7,4,16
184,7,17,7,1,17
185,7,18,7,1,18
186,7,19,7,1,19
187,7,20,7,1,20
188,7,21,7,1,21
189,7,22,7,1,22
190,7,23,7,1,23
191,7,24,7,1,24
192,8,0,8,1,0
193,8,1,8,1
194,8,2,8,1,2
195,8,3,8,3
196,8,4,8,1,4
197,8,5,8,1,5
198,8,6,8,1,6
199,8,7,8,1,7
200,8,9,8,1,9
201,8,10,8,21,23,10
202,8,11,8,1,11
203,8,12,8,3,12
204,8,13,8,21,13
205,8,14,8,21,14
206,8,15,8,21,13,15
207,8,16,8,3,16
208,8,17,8,21,17
209,8,18,8,21,18
210,8,19,8,21,19
211,8,20,8,1,20
212,8,21,8,21
213,8,22,8,1,22
214,8,23,8,21,23
215,8,24,8,21,13,24
216,9,0,9,1,0
217,9,1,9,1
218,9,2,9,1,2
219,9,3,9,1,3
220,9,4,9,1,4
221,9,5,9,1,5
222,9,6,9,1,6
223,9,7,9,1,7
224,9,8,9,1,8
225,9,10,9,1,10
226,9,11,9,1,11
227,9,12,9,1,12
228,9,13,9,1,13
229,9,14,9,1,14
230,9,15,9,1,15
231,9,16,9,1,16
232,9,17,9,1,17
233,9,18,9,1,18
234,9,19,9,1,19
235,9,20,9,1,20
236,9,21,9,1,21
237,9,22,9,1,22
238,9,23,9,1,23
239,9,24,9,1,24
240,10,0,10,1,0
241,10,1,10,1
242,10,2,10,1,2
243,10,3,10,1,3
244,10,4,10,1,4
245,10,5,10,23,13,5
246,10,6,10,23,13,6
247,10,7,10,1,7
248,10,8,10,23,21,8
249,10,9,10,1,9
250,10,11,10,1,11
251,10,12,10,1,12
252,10,13,10,23,13
253,10,14,10,23,21,14
254,10,15,10,23,15
255,10,16,10,1,16
256,10,17,10,23,17
257,10,18,10,23,18
258,10,19,10,23,21,19
259,10,20,10,23,13,20
260,10,21,10,23,21
261,10,22,10,23,22
262,10,23,10,23
263,10,24,10,23,24
264,11,0,11,1,0
265,11,1,11,1
266,11,2,11,1,2
267,11,3,11,1,3
268,11,4,11,1,4
269,11,5,11,1,5
270,11,6,11,1,6
271,11,7,11,1,7
272,11,8,11,1,8
273,11,9,11,1,9
274,11,10,11,13,10
275,11,12,11,1,12
276,11,13,11,13
277,11,14,11,1,14
278,11,15,11,13,15
279,11,16,11,1,16
280,11,17,11,13,17
281,11,18,11,13,18
282,11,19,11,1,19
283,11,20,11,1,20
284,11,21,11,1,21
285,11,22,11,1,22
286,11,23,11,13,23
287,11,24,11,13,24
288,12,0,12,1,0
289,12,1,12,1
290,12,2,12,1,2
291,12,3,12,3
292,12,4,12,3,4
293,12,5,12,1,5
294,12,6,12,1,6
295,12,7,12,1,7
296,12,8,12,3,8
297,12,9,12,1,9
298,12,10,12,1,10
299,12,11,12,1,11
300,12,13,12,3,13
301,12,14,12,3,14
302,12,15,12,1,15
303,12,16,12,3,16
304,12,17,12,1,17
305,12,18,12,1,18
306,12,19,12,3,19
307,12,20,12,1,20
308,12,21,12,3,21
309,12,22,12,3,22
310,12,23,12,1,23
311,12,24,12,1,24
312,13,0,13,1,0
313,13,1,13,1
314,13,2,13,1,2
315,13,3,13,3
316,13,4,13,4
317,13,5,13,5
318,13,6,13,6
319,13,7,13,1,7
320,13,8,13,21,8
321,13,9,13,1,9
322,13,10,13,10
323,13,11,13,11
324,13,12,13,3,12
325,13,14,13,21,14
326,13,15,13,15
327,13,16,13,1,16
328,13,17,13,17
329,13,18,13,18
330,13,19,13,21,19
331,13,20,13,20
332,13,21,13,21
333,13,22,13,22
334,13,23,13,23
335,13,24,13,24
336,14,0,14,1,0
337,14,1,14,1
338,14,2,14,1,2
339,14,3,14,3
340,14,4,14,3,4
341,14,5,14,1,5
342,14,6,14,1,6
343,14,7,14,1,7
344,14,8,14,3,8
345,14,9,14,1,9
346,14,10,14,21,23,10
347,14,11,14,1,11
348,14,12,14,3,12
349,14,13,14,21,13
350,14,15,14,21,13,15
351,14,16,14,3,16
352,14,17,14,21,17
353,14,18,14,21,18
354,14,19,14,1,19
355,14,20,14,1,20
356,14,21,14,21
357,14,22,14,1,22
358,14,23,14,21,23
359,14,24,14,21,13,24
360,15,0,15,1,0
361,15,1,15,1
362,15,2,15,1,2
363,15,3,15,13,3
364,15,4,15,1,4
365,15,5,15,13,5
366,15,6,15,13,6
367,15,7,15,1,7
368,15,8,15,21,8
369,15,9,15,1,9
370,15,10,15,10
371,15,11,15,1,11
372,15,12,15,1,12
373,15,13,15,13
374,15,14,15,21,14
375,15,16,15,1,16
376,15,17,15,17
377,15,18,15,18
378,15,19,15,21,19
379,15,20,15,13,20
380,15,21,15,21
381,15,22,15,13,22
382,15,23,15,23
383,15,24,15,24
384,16,0,16,1,0
385,16,1,16,1
386,16,2,16,1,2
387,16,3,16,3
388,16,4,16,3,4
389,16,5,16,1,5
390,16,6,16,1,6
391,16,7,16,1,7
392,16,8,16,3,8
393,16,9,16,1,9
394,16,10,16,13,10
395,16,11,16,1,11
396,16,12,16,3,12
397,16,13,16,13
398,16,14,16,3,14
399,16,15,16,13,15
400,16,17,16,13,17
401,16,18,16,13,18
402,16,19,16,3,19
403,16,20,16,1,20
404,16,21,16,21
405,16,22,16,3,22
406,16,23,16,13,23
407,16,24,16,13,24
408,17,0,17,1,0
409,17,1,17,1
410,17,2,17,1,2
411,17,3,17,13,3
412,17,4,17,1,4
413,17,5,17,13,5
414,17,6,17,13,6
415,17,7,17,1,7
416,17,8,17,21,8
417,17,9,17,1,9
418,17,10,17,13,10
419,17,11,17,1,11
420,17,12,17,1,12
421,17,13,17,13
422,17,14,17,21,14
423,17,15,17,13,15
424,17,16,17,1,16
425,17,18,17,18
426,17,19,17,21,19
427,17,20,17,13,20
428,17,21,17,21
429,17,22,17,13,22
430,17,23,17,13,23
431,17,24,17,13,24
432,18,0,18,1,0
433,18,1,18,1
434,18,2,18,1,2
435,18,3,18,13,3
436,18,4,18,1,4
437,18,5,18,13,5
438,18,6,18,13,6
439,18,7,18,1,7
440,18,8,18,21,8
441,18,9,18,13,1,9
442,18,10,18,10
443,18,11,18,1,11
444,18,12,18,1,12
445,18,13,18,13
446,18,14,18,21,14
447,18,15,18,15
448,18,16,18,1,16
449,18,17,18,17
450,18,19,18,21,19
451,18,20,18,13,20
452,18,21,18,21
453,18,22,18,13,22
454,18,23,18,23
455,18,24,18,24
456,19,0,19,1,0
457,19,1,19,1
458,19,2,19,1,2
459,19,3,19,3
460,19,4,19,3,4
461,19,5,19,1,5
462,19,6,19,1,6
463,19,7,19,1,7
464,19,8,19,21,8
465,19,9,19,1,9
466,19,10,19,1,10
467,19,11,19,1,11
468,19,12,19,3,12
469,19,13,19,21,13
470,19,14,19,1,14
471,19,15,19,21,13,15
472,19,16,19,3,16
473,19,17,19,21,17
474,19,18,19,21,18
475,19,20,19,1,20
476,19,21,19,21
477,19,22,19,1,22
478,19,23,19,21,23
479,19,24,19,21,13,24
480,20,0,20,1,0
481,20,1,20,1
482,20,2,20,1,2
483,20,3,20,1,3
484,20,4,20,1,4
485,20,5,20,1,5
486,20,6,20,1,6
487,20,7,20,1,7
488,20,8,20,1,8
489,20,9,20,1,9
490,20,10,20,13,10
491,20,11,20,1,11
492,20,12,20,1,12
493,20,13,20,13
494,20,14,20,1,14
495,20,15,20,13,15
496,20,16,20,1,16
497,20,17,20,13,17
498,20,18,20,13,18
499,20,19,20,1,19
500,20,21,20,1,21
501,20,22,20,13,22
502,20,23,20,13,23
503,20,24,20,13,24
504,21,0,21,1,0
505,21,1,21,1
506,21,2,21,1,2
507,21,3,21,3
508,21,4,21,1,4
509,21,5,21,13,5
510,21,6,21,13,6
511,21,7,21,1,7
512,21,8,21,8
513,21,9,21,1,9
514,21,10,21,23,10
515,21,11,21,1,11
516,21,12,21,3,12
517,21,13,21,13
518,21,14,21,14
519,21,15,21,13,15
520,21,16,21,3,16
521,21,17,21,17
522,21,18,21,18
523,21,19,21,19
524,21,20,21,1,20
525,21,22,21,1,22
526,21,23,21,23
527,21,24,21,13,24
528,22,0,22,1,0
529,22,1,22,1
530,22,2,22,1,2
531,22,3,22,3
532,22,4,22,1,4
533,22,5,22,13,5
534,22,6,22,1,6
535,22,7,22,1,7
536,22,8,22,1,8
537,22,9,22,1,9
538,22,10,22,13,10
539,22,11,22,1,11
540,22,12,22,3,12
541,22,13,22,13
542,22,14,22,1,14
543,22,15,22,13,15
544,22,16,22,1,16
545,22,17,22,13,17
546,22,18,22,13,18
547,22,19,22,1,19
548,22,20,22,13,20
549,22,21,22,1,21
550,22,23,22,13,23
551,22,24,22,13,24
552,23,0,23,1,0
553,23,1,23,1
554,23,2,23,1,2
555,23,3,23,1,3
556,23,4,23,1,4
557,23,5,23,13,5
558,23,6,23,13,6
559,23,7,23,1,7
560,23,8,23,21,8
561,23,9,23,1,9
562,23,10,23,10
563,23,11,23,1,11
564,23,12,23,1,12
565,23,13,23,13
566,23,14,23,21,14
567,23,15,23,15
568,23,16,23,1,16
569,23,17,23,17
570,23,18,23,18
571,23,19,23,21,19
572,23,20,23,13,20
573,23,21,23,21
574,23,22,23,22
575,23,24,23,24
576,24,0,24,1,0
577,24,1,24,1
578,24,2,24,1,2
579,24,3,24,13,3
580,24,4,24,1,4
581,24,5,24,13,5
582,24,6,24,13,6
583,24,7,24,1,7
584,24,8,24,18,21,8
585,24,9,24,13,1,9
586,24,10,24,23,10
587,24,11,24,13,11
588,24,12,24,1,12
589,24,13,24,13
590,24,14,24,18,21,14
591,24,15,24,15
592,24,16,24,1,16
593,24,17,24,13,17
594,24,18,24,18
595,24,19,24,18,21,19
596,24,20,24,13,20
597,24,21,24,18,21
598,24,22,24,13,22
599,24,23,24,23
COMMODITIES,450
Index,Origin,Destination,Demand/Size,Earliest available time,Latest delivery time
0,3,2,0.854505,232,283
1,18,1,0.0641536,134,187
2,18,21,0.745328,184,231
3,3,14,0.229554,86,133
4,1,16,0.523414,182,226
5,16,0,0.741957,232,281
6,1,4,0.402305,182,224
7,22,1,0.00359695,184,228
8,20,15,0.426231,90,146
9,2,14,0.64136,88,147
10,11,23,0.532755,136,197
11,18,17,0.138958,88,129
12,3,8,0.757048,186,231
13,24,20,0.0545991,88,141
14,15,20,0.0202529,134,192
15,5,16,0.4011,40,99
16,18,5,0.0117161,230,283
17,23,13,0.265268,138,183
18,16,21,0.681485,184,229
19,14,10,0.184575,86,149
20,18,1,0.0948054,38,91
21,22,24,0.40211,186,240
22,23,11,0.227939,136,197
23,22,24,0.422768,138,192
24,15,23,0.175087,234,281
25,21,1,0.231711,232,279
26,1,12,0.454708,234,280
27,4,3,0.308663,38,82
28,1,16,0.0105906,186,230
29,21,1,0.450517,138,185
30,24,20,0.183331,134,187
31,24,13,0.177781,42,89
32,24,21,0.110559,186,240
33,13,15,0.157488,232,282
34,13,15,0.25941,134,184
35,15,21,0.146915,232,288
36,18,20,0.736527,234,283
37,14,1,0.655855,234,286
38,21,23,0.317071,230,277
39,18,15,0.915871,134,180
40,23,1,0.753507,88,141
41,13,17,0.0778876,232,274
42,20,3,0.368227,42,96
43,12,10,0.765139,38,110
44,2,3,0.335441,38,89
45,19,1,0.7857,134,183
46,0,8,0.389219,136,186
47,23,19,0.0418259,186,243
48,3,14,0.63265,186,233
49,16,14,0.0324414,42,94
50,11,19,0.312541,90,147
51,22,1,0.0432283,230,274
52,4,18,0.329328,90,150
53,14,2,0.0963712,88,147
54,13,17,0.959428,42,84
55,13,10,0.799733,40,88
56,18,21,0.831853,138,185
57,11,8,0.375008,86,139
58,0,12,0.255384,186,237
59,24,10,0.0817271,186,237
60,13,14,0.241346,86,140
61,2,22,0.217738,186,237
62,11,23,0.996596,182,243
63,11,0,0.842468,134,183
64,15,2,0.0132833,40,107
65,13,23,0.812113,182,227
66,22,23,0.544018,138,190
67,14,3,0.97132,230,277
68,1,11,0.141471,90,134
69,17,13,0.526997,38,80
70,12,11,0.202181,184,238
71,14,16,0.073551,40,92
72,23,5,0.930254,184,239
73,3,18,0.489522,42,105
74,10,13,0.868721,40,91
75,13,18,0.42054,134,177
76,3,24,0.0196077,88,155
77,8,18,0.169853,86,140
78,3,1,0.699612,182,226
79,16,15,0.528014,40,107
80,12,10,0.847465,90,162
81,1,12,0.228434,230,276
82,18,22,0.0666484,136,186
83,3,19,0.737488,230,277
84,1,23,0.66483,42,96
85,10,1,0.489013,182,241
86,16,4,0.880654,186,235
87,1,21,0.861609,42,89
88,13,10,0.831151,136,184
89,22,11,0.436861,88,140
90,0,2,0.10658,38,86
91,5,1,0.676274,90,141
92,5,19,0.138666,90,152
93,3,12,0.476573,90,131
94,23,18,0.311479,184,224
95,3,5,0.827961,90,149
96,0,3,0.323132,42,91
97,12,10,0.799263,40,112
98,4,18,0.392481,182,242
99,10,15,0.434343,38,91
100,1,5,0.944178,42,93
101,3,5,0.858395,38,97
102,11,0,0.965277,136,185
103,16,8,0.990955,40,90
104,14,4,0.214281,184,239
105,16,1,0.390056,40,84
106,5,14,0.204316,134,201
107,16,18,0.176711,40,100
108,8,9,0.285991,138,195
109,5,22,0.287874,38,97
110,1,10,0.502386,134,196
111,15,5,0.45206,136,198
112,5,20,0.293091,184,236
113,11,18,0.680934,186,245
114,13,11,0.270308,232,285
115,1,6,0.893899,38,83
116,1,6,0.417038,232,277
117,23,20,0.754757,40,91
118,0,1,0.554658,184,225
119,3,6,0.205191,88,141
120,14,1,0.899518,182,234
121,23,13,0.949901,86,131
122,22,17,0.316952,234,283
123,5,17,0.414414,232,284
124,12,9,0.240904,42,100
125,1,13,0.986713,88,138
126,19,22,0.494403,184,241
127,24,10,0.974392,234,285
128,0,21,0.461899,88,140
129,23,19,0.644606,40,97
130,1,9,0.86062,88,136
131,23,19,0.98226,230,287
132,11,15,0.350097,38,104
133,13,23,0.544689,230,275
134,0,11,0.0283139,38,87
135,23,15,0.018072,86,133
136,15,23,0.105661,88,135
137,3,1,0.7486,134,178
138,3,22,0.122991,90,139
139,19,17,0.265097,88,140
140,4,6,0.0721648,90,141
141,1,15,0.905359,40,100
142,16,21,0.631824,136,181
143,0,19,0.257425,186,240
144,13,1,0.926637,186,235
145,1,0,0.303385,40,81
146,3,20,0.0461205,42,96
147,0,24,0.572276,138,203
148,22,17,0.288129,184,233
149,2,4,0.943491,86,135
150,18,13,0.211434,134,177
151,18,16,0.510272,134,195
152,13,15,0.879686,136,186
153,12,3,0.413141,136,177
154,8,1,0.850314,134,179
155,13,18,0.126241,86,129
156,13,11,0.173535,38,91
157,1,19,0.87396,138,187
158,18,23,0.429098,182,222
159,1,24,0.685337,42,102
160,0,18,0.878954,42,101
161,19,3,0.738823,90,137
162,22,23,0.601306,88,140
163,5,14,0.331166,184,251
164,24,18,0.971841,136,179
165,10,14,0.119486,42,107
166,16,13,0.992779,138,191
167,23,20,0.0771239,138,189
168,14,5,0.396418,184,251
169,23,13,0.442772,90,135
170,3,8,0.669184,138,183
171,5,13,0.251677,136,182
172,3,21,0.509746,88,138
173,20,4,0.00765166,42,94
174,23,22,0.339914,38,85
175,3,8,0.888861,230,275
176,21,17,0.420468,88,132
177,20,13,0.229113,134,176
178,1,17,0.29518,86,138
179,1,24,0.768031,182,242
180,1,2,0.919451,90,133
181,0,15,0.472915,136,201
182,1,2,0.0203123,232,275
183,4,10,0.051405,136,204
184,14,3,0.41946,134,181
185,24,18,0.0434531,232,275
186,1,15,0.0483534,136,196
187,5,17,0.370921,90,142
188,23,15,0.39344,136,183
189,5,18,0.595977,134,187
190,8,19,0.0905578,138,187
191,14,1,0.0540273,184,236
192,21,23,0.371051,136,183
193,3,23,0.4049,38,99
194,14,13,0.778523,86,140
195,19,21,0.660841,234,278
196,17,19,0.679637,182,234
197,15,13,0.324078,138,190
198,1,23,0.155708,40,94
199,15,22,0.713113,134,193
200,9,1,0.643312,138,186
201,19,8,0.459118,86,135
202,19,8,0.46537,90,139
203,1,22,0.244644,86,130
204,18,5,0.0525273,88,141
205,18,15,0.332207,86,132
206,22,13,0.727287,232,275
207,18,22,0.0907985,86,136
208,19,15,0.5542,90,156
209,3,23,0.375191,42,103
210,16,13,0.984442,42,95
211,4,11,0.243027,138,188
212,3,13,0.365816,38,94
213,2,1,0.813312,138,181
214,23,17,0.872907,186,227
215,18,22,0.0877259,134,184
216,22,20,0.542522,40,89
217,23,17,0.939217,136,177
218,13,6,0.887631,232,280
219,3,5,0.838623,86,145
220,22,18,0.746945,232,282
221,10,13,0.960605,232,283
222,4,23,0.113294,134,194
223,5,13,0.360772,86,132
224,21,3,0.271907,42,91
225,12,6,0.150503,90,145
226,4,1,0.676247,182,224
227,15,5,0.48978,134,196
228,18,14,0.264345,136,193
229,1,13,0.590944,234,284
230,18,22,0.0432023,184,234
231,11,23,0.849763,184,245
232,5,13,0.272128,232,278
233,23,22,0.10113,138,185
234,23,20,0.907285,182,233
235,0,15,0.454456,186,251
236,19,4,0.0683512,182,237
237,19,18,0.196628,134,191
238,1,15,0.320458,182,242
239,23,1,0.421702,138,191
240,10,13,0.00678575,134,185
241,4,15,0.247776,186,252
242,11,1,0.709033,42,86
243,17,1,0.0436124,234,284
244,1,17,0.92755,184,236
245,3,19,0.590836,136,183
246,19,1,0.826877,184,233
247,4,1,0.33319,138,180
248,13,21,0.123303,134,178
249,0,24,0.504145,134,199
250,17,18,0.321987,42,83
251,15,23,0.93037,42,89
252,13,12,0.139779,134,197
253,8,3,0.354315,138,183
254,3,24,0.948853,134,201
255,8,17,0.39746,186,235
256,22,13,0.763218,134,177
257,23,15,0.0757585,42,89
258,11,24,0.192092,38,101
259,11,22,0.903253,234,286
260,13,22,0.130802,186,229
261,3,8,0.949669,184,229
262,16,23,0.0808563,42,104
263,19,23,0.831028,230,285
264,5,4,0.200228,88,145
265,19,1,0.888929,234,283
266,8,1,0.85745,86,131
267,8,24,0.0270537,40,100
268,23,9,0.650551,88,153
269,21,18,0.22236,136,185
270,21,24,0.268691,230,285
271,10,13,0.696589,186,237
272,20,3,0.368325,184,238
273,12,13,0.167116,134,195
274,12,9,0.232368,88,146
275,14,6,0.147857,186,247
276,22,23,0.579557,134,186
277,14,16,0.175562,138,190
278,24,1,0.234293,182,242
279,3,24,0.885967,186,253
280,13,14,0.248969,230,284
281,24,13,0.00245628,40,87
282,15,20,0.147068,42,100
283,16,1,0.376217,230,274
284,14,8,0.315365,38,94
285,18,15,0.642434,138,184
286,10,19,0.423299,86,149
287,8,19,0.083135,232,281
288,4,0,0.146689,86,133
289,22,2,0.694255,134,185
290,18,10,0.634828,230,276
291,23,17,0.660247,88,129
292,1,23,0.274943,186,240
293,21,19,0.381945,186,230
294,17,13,0.230008,42,84
295,2,1,0.992067,38,81
296,17,24,0.688573,232,285
297,12,3,0.165241,40,81
298,24,13,0.0228503,186,233
299,23,14,0.480012,86,145
300,23,1,0.0386224,232,285
301,11,17,0.312037,86,144
302,3,22,0.640794,86,135
303,15,24,0.19924,232,272
304,23,10,0.387158,186,228
305,18,0,0.227614,134,192
306,3,1,0.355958,90,134
307,20,13,0.113482,90,132
308,18,12,0.389775,38,101
309,1,13,0.546701,136,186
310,1,12,0.435331,90,136
311,3,19,0.84942,42,89
312,13,15,0.124327,186,236
313,23,22,0.260507,184,231
314,24,18,0.775828,90,133
315,3,2,0.937123,134,185
316,3,21,0.619814,234,284
317,3,19,0.0857291,134,181
318,3,4,0.185973,86,130
319,4,24,0.32537,38,104
320,1,8,0.468906,184,229
321,13,3,0.594255,138,196
322,23,12,0.353668,182,245
323,14,4,0.253212,90,145
324,16,6,0.105926,138,191
325,20,2,0.212574,88,141
326,13,15,0.417176,90,140
327,22,15,0.111661,42,99
328,22,24,0.447516,232,286
329,0,1,0.503348,134,175
330,13,22,0.226532,40,83
331,24,1,0.963507,186,246
332,15,1,0.16563,138,198
333,1,19,0.80547,234,283
334,18,13,0.162668,40,83
335,0,12,0.267681,134,185
336,22,1,0.45183,138,182
337,19,21,0.746716,40,84
338,16,3,0.21129,86,127
339,15,13,0.61386,230,282
340,11,12,0.42925,136,190
341,5,19,0.13885,40,102
342,17,15,0.457069,182,238
343,21,17,0.372243,136,180
344,11,15,0.8635,138,204
345,0,22,0.22272,42,91
346,10,23,0.442323,42,84
347,12,2,0.0630923,134,187
348,3,20,0.129519,134,188
349,12,6,0.159831,40,95
350,15,21,0.266207,40,96
351,10,9,0.389946,38,109
352,16,22,0.392212,42,96
353,5,3,0.634768,134,193
354,3,15,0.376247,134,204
355,10,8,0.297671,38,98
356,13,20,0.222317,182,224
357,3,4,0.273071,232,276
358,2,15,0.216108,90,157
359,2,1,0.433419,42,85
360,18,1,0.561257,234,287
361,15,20,0.177155,136,194
362,14,11,0.764918,184,244
363,20,19,0.415809,182,241
364,23,24,0.562034,42,87
365,17,22,0.158949,42,91
366,15,22,0.718958,88,147
367,2,8,0.466729,138,190
368,0,8,0.344216,234,284
369,11,22,0.875713,182,234
370,18,11,0.0150079,88,149
371,5,1,0.827541,134,185
372,23,21,0.102244,136,185
373,22,18,0.870258,86,136
374,0,5,0.211327,136,192
375,8,3,0.599494,136,181
376,12,22,0.219987,234,288
377,1,16,0.505494,138,182
378,13,2,0.320892,88,144
379,18,16,0.476274,42,103
380,13,21,0.454989,86,130
381,23,4,0.364045,90,149
382,21,17,0.384999,182,226
383,10,23,0.363631,184,226
384,16,9,0.244185,138,194
385,13,18,0.0160499,40,83
386,12,3,0.0596793,186,227
387,17,10,0.589808,230,284
388,21,24,0.31,38,93
389,13,15,0.701973,88,138
390,2,15,0.397717,40,107
391,1,23,0.861973,232,286
392,24,22,0.665612,234,288
393,9,1,0.288239,88,136
394,22,4,0.0352341,134,184
395,17,24,0.643179,138,191
396,12,11,0.182979,42,96
397,0,17,0.208169,40,97
398,24,15,0.30895,42,82
399,23,15,0.718671,186,233
400,18,21,0.00413596,182,229
401,22,21,0.500737,184,239
402,15,19,0.744801,136,200
403,3,0,0.386293,136,185
404,11,13,0.177353,40,92
405,16,15,0.575832,186,253
406,11,1,0.487929,232,276
407,23,13,0.647845,234,279
408,13,3,0.11912,182,240
409,1,23,0.262061,138,192
410,18,3,0.987571,90,155
411,18,15,0.470739,234,280
412,6,1,0.0417963,186,231
413,14,11,0.746756,38,98
414,9,1,0.214159,90,138
415,19,13,0.484102,38,90
416,12,10,0.826902,134,206
417,1,8,0.0578825,186,231
418,16,8,0.928543,182,232
419,13,8,0.919927,136,185
420,4,3,0.784725,184,228
421,24,19,0.840447,40,102
422,8,18,0.168313,182,236
423,24,18,0.121919,230,273
424,12,3,0.892319,184,225
425,5,18,0.582312,186,239
426,13,16,0.0763543,136,193
427,23,10,0.374925,134,176
428,17,10,0.568725,138,192
429,3,2,0.895375,88,139
430,13,15,0.916668,40,90
431,24,18,0.121926,182,225
432,3,0,0.506408,42,91
433,16,22,0.221762,134,188
434,8,15,0.0428195,138,201
435,17,9,0.358215,88,150
436,23,17,0.656259,184,225
437,13,0,0.617936,182,236
438,16,1,0.750633,234,278
439,17,13,0.780467,234,276
440,10,1,0.696754,136,195
441,22,5,0.401531,90,143
442,5,15,0.47252,40,100
443,1,14,0.403074,232,284
444,1,18,0.708654,86,140
445,22,13,0.789031,40,83
446,1,8,0.72716,138,183
447,17,1,0.507555,138,188
448,4,16,0.461854,184,233
449,23,3,0.79959,40,101
