NODES,25
INDEX,Name,X-coordinate,Y-coordinate
0,0,-,-
1,1,-,-
2,2,-,-
3,3,-,-
4,4,-,-
5,5,-,-
6,6,-,-
7,7,-,-
8,8,-,-
9,9,-,-
10,10,-,-
11,11,-,-
12,12,-,-
13,13,-,-
14,14,-,-
15,15,-,-
16,16,-,-
17,17,-,-
18,18,-,-
19,19,-,-
20,20,-,-
21,21,-,-
22,22,-,-
23,23,-,-
24,24,-,-
ARCS,529
Index,Origin,Destination,Variable Cost,Fixed Cost,Capacity,Travel time
0,0,1,0,117.8,1,5
1,1,0,0,117.8,1,5
2,1,2,0,234.05,1,7
3,1,3,0,260.4,1,8
4,1,4,0,175.15,1,6
5,1,5,0,486.7,1,15
6,1,6,0,323.95,1,9
7,1,8,0,323.95,1,9
8,1,9,0,447.95,1,12
9,1,10,0,883.5,1,26
10,1,11,0,255.75,1,8
11,1,12,0,387.5,1,10
12,1,13,0,489.8,1,14
13,1,14,0,525.45,1,16
14,1,15,0,1002.85,1,24
15,1,16,0,252.65,1,8
16,1,17,0,545.6,1,16
17,1,18,0,680.45,1,18
18,1,19,0,503.75,1,13
19,1,20,0,358.05,1,10
20,1,21,0,409.2,1,11
21,1,22,0,266.6,1,8
22,1,23,0,699.05,1,18
23,1,24,0,903.65,1,24
24,2,1,0,234.05,1,7
25,3,1,0,260.4,1,8
26,3,4,0,230.95,1,8
27,3,8,0,311.55,1,9
28,3,12,0,144.15,1,5
29,3,13,0,661.85,1,20
30,3,14,0,418.5,1,11
31,3,16,0,151.9,1,5
32,3,19,0,396.8,1,11
33,3,21,0,469.65,1,14
34,3,22,0,429.35,1,13
35,4,1,0,175.15,1,6
36,4,3,0,230.95,1,8
37,5,1,0,486.7,1,15
38,5,13,0,367.35,1,10
39,6,1,0,323.95,1,9
40,6,13,0,430.9,1,11
41,7,1,0,103.85,1,4
42,8,1,0,323.95,1,9
43,8,3,0,311.55,1,9
44,8,13,0,415.4,1,11
45,8,16,0,161.2,1,6
46,8,21,0,158.1,1,5
47,9,1,0,447.95,1,12
48,10,1,0,891.25,1,23
49,10,23,0,192.2,1,6
50,11,1,0,255.75,1,8
51,11,13,0,592.1,1,16
52,12,1,0,387.5,1,10
53,12,3,0,144.15,1,5
54,13,1,0,489.8,1,13
55,13,3,0,669.6,1,22
56,13,5,0,367.35,1,10
57,13,6,0,430.9,1,12
58,13,10,0,483.6,1,12
59,13,11,0,596.75,1,17
60,13,15,0,553.35,1,14
61,13,17,0,176.7,1,6
62,13,18,0,248,1,7
63,13,19,0,573.5,1,16
64,13,20,0,198.4,1,6
65,13,21,0,275.9,1,8
66,13,22,0,232.5,1,7
67,13,23,0,323.95,1,9
68,13,24,0,449.5,1,11
69,14,1,0,525.45,1,16
70,14,3,0,418.5,1,11
71,14,19,0,111.6,1,4
72,14,21,0,384.4,1,10
73,15,1,0,1002.85,1,24
74,15,13,0,553.35,1,16
75,15,18,0,350.3,1,10
76,15,21,0,747.1,1,20
77,15,23,0,412.3,1,11
78,16,1,0,252.65,1,8
79,16,3,0,151.9,1,5
80,16,8,0,161.2,1,6
81,16,13,0,581.25,1,17
82,16,21,0,305.35,1,9
83,17,1,0,544.05,1,14
84,17,13,0,176.7,1,6
85,17,18,0,127.1,1,5
86,17,21,0,292.95,1,8
87,18,1,0,666.5,1,17
88,18,10,0,308.45,1,10
89,18,13,0,248,1,7
90,18,15,0,350.3,1,10
91,18,17,0,127.1,1,5
92,18,19,0,719.2,1,19
93,18,21,0,421.6,1,11
94,18,22,0,421.6,1,13
95,18,23,0,116.25,1,4
96,18,24,0,237.15,1,7
97,19,1,0,503.75,1,13
98,19,3,0,396.8,1,11
99,19,8,0,240.25,1,7
100,19,14,0,111.6,1,4
101,19,21,0,297.6,1,8
102,20,1,0,358.05,1,10
103,20,13,0,198.4,1,6
104,20,23,0,522.35,1,15
105,21,1,0,409.2,1,11
106,21,3,0,458.8,1,13
107,21,8,0,158.1,1,5
108,21,13,0,275.9,1,8
109,21,14,0,384.4,1,10
110,21,15,0,829.25,1,22
111,21,17,0,292.95,1,8
112,21,18,0,420.05,1,13
113,21,19,0,297.6,1,8
114,21,23,0,440.2,1,11
115,22,1,0,266.6,1,8
116,22,3,0,429.35,1,12
117,22,13,0,232.5,1,7
118,23,1,0,699.05,1,17
119,23,10,0,192.2,1,6
120,23,13,0,323.95,1,9
121,23,15,0,412.3,1,11
122,23,17,0,153.45,1,5
123,23,18,0,116.25,1,4
124,23,21,0,446.4,1,13
125,23,24,0,305.35,1,9
126,24,1,0,903.65,1,24
127,24,13,0,449.5,1,11
128,24,18,0,237.15,1,7
129,24,23,0,305.35,1,9
130,0,2,0,161.2,1,6
131,0,3,0,353.4,1,10
132,0,4,0,285.2,1,9
133,0,5,0,474.3,1,13
134,0,6,0,246.45,1,8
135,0,8,0,427.8,1,12
136,0,9,0,379.75,1,11
137,0,10,0,931.55,1,25
138,0,11,0,158.1,1,5
139,0,12,0,401.45,1,11
140,0,14,0,632.4,1,17
141,0,15,0,1063.3,1,28
142,0,16,0,367.35,1,11
143,0,17,0,596.75,1,16
144,0,18,0,717.65,1,19
145,0,19,0,615.35,1,17
146,0,20,0,361.15,1,10
147,0,21,0,444.85,1,13
148,0,22,0,297.6,1,9
149,0,23,0,739.35,1,20
150,0,24,0,957.9,1,25
151,1,7,0,103.85,1,4
152,2,0,0,161.2,1,6
153,2,3,0,480.5,1,13
154,2,4,0,409.2,1,12
155,2,5,0,257.3,1,8
156,2,6,0,110.05,1,4
157,2,8,0,412.3,1,12
158,2,9,0,229.4,1,7
159,2,10,0,872.65,1,23
160,2,11,0,182.9,1,6
161,2,12,0,582.8,1,16
162,2,13,0,390.6,1,11
163,2,14,0,790.5,1,21
164,2,15,0,940.85,1,25
165,2,16,0,475.85,1,13
166,2,17,0,568.85,1,16
167,2,18,0,638.6,1,17
168,2,19,0,643.25,1,17
169,2,20,0,207.7,1,7
170,2,21,0,424.7,1,12
171,2,22,0,308.45,1,9
172,2,23,0,716.1,1,19
173,2,24,0,847.85,1,23
174,3,0,0,353.4,1,10
175,3,2,0,480.5,1,13
176,3,6,0,554.9,1,15
177,3,9,0,685.1,1,18
178,3,10,0,995.1,1,26
179,3,11,0,477.4,1,13
180,3,15,0,1224.5,1,32
181,3,17,0,764.15,1,20
182,3,18,0,833.9,1,22
183,3,20,0,620,1,17
184,3,23,0,888.15,1,23
185,3,24,0,1108.25,1,29
186,4,0,0,285.2,1,9
187,4,2,0,409.2,1,12
188,4,6,0,494.45,1,14
189,4,7,0,75.95,1,3
190,4,8,0,142.6,1,5
191,4,9,0,624.65,1,17
192,4,10,0,838.55,1,22
193,4,11,0,406.1,1,12
194,4,12,0,331.7,1,9
195,4,13,0,427.8,1,12
196,4,14,0,410.75,1,12
197,4,15,0,970.3,1,26
198,4,16,0,147.25,1,5
199,4,17,0,503.75,1,14
200,4,18,0,624.65,1,17
201,4,19,0,390.6,1,11
202,4,20,0,413.85,1,12
203,4,21,0,263.5,1,8
204,4,22,0,204.6,1,7
205,4,23,0,646.35,1,18
206,4,24,0,861.8,1,23
207,5,0,0,474.3,1,13
208,5,2,0,257.3,1,8
209,5,6,0,161.2,1,5
210,5,9,0,198.4,1,6
211,5,11,0,320.85,1,9
212,5,18,0,660.3,1,16
213,5,20,0,178.25,1,6
214,5,23,0,720.75,1,19
215,6,0,0,246.45,1,8
216,6,2,0,110.05,1,4
217,6,3,0,554.9,1,15
218,6,4,0,494.45,1,14
219,6,5,0,161.2,1,5
220,6,8,0,637.05,1,17
221,6,9,0,141.05,1,5
222,6,10,0,939.3,1,25
223,6,11,0,165.85,1,5
224,6,12,0,623.1,1,17
225,6,14,0,840.1,1,22
226,6,15,0,982.7,1,26
227,6,16,0,576.6,1,16
228,6,17,0,615.35,1,17
229,6,18,0,685.1,1,18
230,6,19,0,824.6,1,22
231,6,20,0,243.35,1,7
232,6,21,0,593.65,1,16
233,6,22,0,446.4,1,13
234,6,23,0,761.05,1,20
235,6,24,0,877.3,1,23
236,7,3,0,246.45,1,8
237,7,4,0,75.95,1,3
238,8,0,0,427.8,1,12
239,8,2,0,412.3,1,12
240,8,4,0,142.6,1,5
241,8,6,0,637.05,1,17
242,8,9,0,767.25,1,21
243,8,10,0,714.55,1,19
244,8,11,0,545.6,1,15
245,8,12,0,460.35,1,13
246,8,14,0,328.6,1,10
247,8,15,0,883.5,1,23
248,8,17,0,427.8,1,12
249,8,18,0,542.5,1,15
250,8,19,0,240.25,1,7
251,8,20,0,444.85,1,13
252,8,22,0,203.05,1,7
253,8,23,0,536.3,1,15
254,8,24,0,801.35,1,21
255,9,0,0,379.75,1,11
256,9,2,0,229.4,1,7
257,9,3,0,685.1,1,18
258,9,4,0,624.65,1,17
259,9,5,0,198.4,1,6
260,9,6,0,141.05,1,5
261,9,8,0,767.25,1,21
262,9,10,0,1069.5,1,28
263,9,11,0,297.6,1,8
264,9,12,0,753.3,1,20
265,9,13,0,469.65,1,12
266,9,14,0,652.55,1,18
267,9,15,0,1112.9,1,29
268,9,16,0,706.8,1,19
269,9,17,0,646.35,1,18
270,9,18,0,711.45,1,18
271,9,19,0,954.8,1,25
272,9,20,0,279,1,8
273,9,21,0,723.85,1,19
274,9,22,0,576.6,1,16
275,9,23,0,891.25,1,24
276,9,24,0,1019.9,1,27
277,10,0,0,931.55,1,25
278,10,2,0,872.65,1,23
279,10,3,0,995.1,1,26
280,10,4,0,838.55,1,22
281,10,6,0,939.3,1,25
282,10,8,0,714.55,1,19
283,10,9,0,1069.5,1,28
284,10,11,0,1133.05,1,30
285,10,12,0,1086.55,1,28
286,10,13,0,483.6,1,12
287,10,14,0,970.3,1,26
288,10,15,0,224.75,1,7
289,10,16,0,872.65,1,23
290,10,17,0,334.8,1,9
291,10,18,0,306.9,1,9
292,10,19,0,909.85,1,24
293,10,20,0,714.55,1,19
294,10,21,0,623.1,1,16
295,10,22,0,623.1,1,17
296,10,24,0,286.75,1,8
297,11,0,0,158.1,1,5
298,11,2,0,182.9,1,6
299,11,3,0,477.4,1,13
300,11,4,0,406.1,1,12
301,11,5,0,320.85,1,9
302,11,6,0,165.85,1,5
303,11,8,0,545.6,1,15
304,11,9,0,297.6,1,9
305,11,10,0,1133.05,1,30
306,11,12,0,523.9,1,14
307,11,14,0,770.35,1,21
308,11,15,0,1112.9,1,29
309,11,16,0,488.25,1,14
310,11,17,0,798.25,1,21
311,11,18,0,832.35,1,21
312,11,19,0,748.65,1,20
313,11,20,0,406.1,1,11
314,11,21,0,649.45,1,18
315,11,22,0,499.1,1,14
316,11,23,0,852.5,1,23
317,11,24,0,1021.45,1,27
318,12,0,0,401.45,1,11
319,12,2,0,582.8,1,16
320,12,4,0,331.7,1,10
321,12,6,0,623.1,1,17
322,12,8,0,460.35,1,13
323,12,9,0,753.3,1,20
324,12,10,0,1086.55,1,28
325,12,11,0,523.9,1,14
326,12,13,0,776.55,1,20
327,12,14,0,550.25,1,15
328,12,15,0,1233.8,1,32
329,12,16,0,296.05,1,9
330,12,17,0,776.55,1,21
331,12,18,0,1038.5,1,27
332,12,19,0,523.9,1,14
333,12,20,0,637.05,1,17
334,12,21,0,554.9,1,15
335,12,22,0,556.45,1,15
336,12,23,0,919.15,1,24
337,12,24,0,1137.7,1,30
338,13,2,0,390.6,1,11
339,13,4,0,427.8,1,12
340,13,8,0,415.4,1,11
341,13,9,0,469.65,1,12
342,13,14,0,655.65,1,17
343,13,16,0,530.1,1,14
344,14,0,0,632.4,1,17
345,14,2,0,790.5,1,21
346,14,4,0,410.75,1,12
347,14,6,0,840.1,1,22
348,14,8,0,328.6,1,10
349,14,9,0,652.55,1,18
350,14,10,0,970.3,1,26
351,14,11,0,770.35,1,21
352,14,12,0,550.25,1,15
353,14,13,0,655.65,1,17
354,14,15,0,1106.7,1,28
355,14,16,0,272.8,1,8
356,14,17,0,671.15,1,18
357,14,18,0,798.25,1,20
358,14,20,0,852.5,1,23
359,14,22,0,527,1,15
360,14,23,0,818.4,1,20
361,14,24,0,995.1,1,26
362,15,0,0,1063.3,1,28
363,15,2,0,940.85,1,25
364,15,3,0,1224.5,1,32
365,15,4,0,970.3,1,26
366,15,6,0,982.7,1,26
367,15,8,0,883.5,1,23
368,15,9,0,1112.9,1,29
369,15,10,0,224.75,1,7
370,15,11,0,1112.9,1,29
371,15,12,0,1233.8,1,32
372,15,14,0,1106.7,1,28
373,15,16,0,1027.65,1,27
374,15,17,0,454.15,1,12
375,15,19,0,1023,1,27
376,15,20,0,757.95,1,19
377,15,22,0,733.15,1,19
378,15,24,0,110.05,1,4
379,16,0,0,367.35,1,11
380,16,2,0,475.85,1,13
381,16,4,0,147.25,1,5
382,16,6,0,576.6,1,16
383,16,7,0,155,1,5
384,16,9,0,706.8,1,19
385,16,10,0,872.65,1,23
386,16,11,0,488.25,1,14
387,16,12,0,296.05,1,8
388,16,14,0,272.8,1,8
389,16,15,0,1027.65,1,27
390,16,17,0,570.4,1,16
391,16,18,0,686.65,1,19
392,16,19,0,251.1,1,7
393,16,20,0,525.45,1,15
394,16,22,0,302.25,1,9
395,16,23,0,692.85,1,19
396,16,24,0,951.7,1,25
397,17,0,0,596.75,1,16
398,17,2,0,568.85,1,16
399,17,3,0,764.15,1,20
400,17,4,0,503.75,1,14
401,17,5,0,530.1,1,14
402,17,6,0,615.35,1,17
403,17,8,0,427.8,1,12
404,17,9,0,649.45,1,18
405,17,10,0,334.8,1,10
406,17,11,0,798.25,1,21
407,17,12,0,776.55,1,21
408,17,14,0,671.15,1,17
409,17,15,0,454.15,1,12
410,17,16,0,570.4,1,16
411,17,19,0,581.25,1,16
412,17,20,0,373.55,1,10
413,17,22,0,294.5,1,8
414,17,23,0,153.45,1,5
415,17,24,0,362.7,1,10
416,18,0,0,719.2,1,19
417,18,2,0,638.6,1,17
418,18,3,0,833.9,1,22
419,18,4,0,624.65,1,17
420,18,5,0,660.3,1,16
421,18,6,0,685.1,1,18
422,18,8,0,542.5,1,15
423,18,9,0,711.45,1,18
424,18,11,0,832.35,1,21
425,18,12,0,1038.5,1,27
426,18,14,0,798.25,1,21
427,18,16,0,686.65,1,19
428,18,20,0,438.65,1,12
429,19,0,0,615.35,1,17
430,19,2,0,643.25,1,17
431,19,4,0,390.6,1,11
432,19,6,0,824.6,1,22
433,19,9,0,954.8,1,25
434,19,10,0,909.85,1,24
435,19,11,0,748.65,1,20
436,19,12,0,523.9,1,14
437,19,13,0,565.75,1,14
438,19,15,0,1023,1,27
439,19,16,0,251.1,1,7
440,19,17,0,581.25,1,16
441,19,18,0,709.9,1,18
442,19,20,0,764.15,1,20
443,19,22,0,437.1,1,12
444,19,23,0,728.5,1,18
445,19,24,0,942.4,1,25
446,20,0,0,361.15,1,10
447,20,2,0,207.7,1,7
448,20,3,0,620,1,17
449,20,4,0,413.85,1,12
450,20,5,0,178.25,1,6
451,20,6,0,243.35,1,7
452,20,8,0,444.85,1,13
453,20,9,0,279,1,8
454,20,10,0,714.55,1,19
455,20,11,0,406.1,1,11
456,20,12,0,637.05,1,17
457,20,14,0,878.85,1,23
458,20,15,0,757.95,1,19
459,20,16,0,525.45,1,15
460,20,17,0,373.55,1,11
461,20,18,0,438.65,1,12
462,20,19,0,764.15,1,20
463,20,21,0,466.55,1,13
464,20,22,0,272.8,1,8
465,20,24,0,641.7,1,17
466,21,0,0,444.85,1,13
467,21,2,0,424.7,1,12
468,21,4,0,263.5,1,8
469,21,6,0,593.65,1,16
470,21,9,0,723.85,1,19
471,21,10,0,623.1,1,16
472,21,11,0,646.35,1,18
473,21,12,0,554.9,1,15
474,21,16,0,305.35,1,9
475,21,20,0,466.55,1,13
476,21,22,0,142.6,1,5
477,21,24,0,651,1,18
478,22,0,0,297.6,1,9
479,22,2,0,308.45,1,10
480,22,4,0,204.6,1,7
481,22,6,0,446.4,1,13
482,22,8,0,203.05,1,6
483,22,9,0,576.6,1,16
484,22,10,0,623.1,1,17
485,22,11,0,499.1,1,14
486,22,12,0,556.45,1,15
487,22,14,0,527,1,15
488,22,15,0,733.15,1,19
489,22,16,0,302.25,1,9
490,22,17,0,294.5,1,8
491,22,18,0,404.55,1,10
492,22,19,0,437.1,1,12
493,22,20,0,272.8,1,9
494,22,21,0,142.6,1,5
495,22,23,0,432.45,1,11
496,22,24,0,643.25,1,17
497,23,0,0,739.35,1,20
498,23,2,0,716.1,1,19
499,23,3,0,888.15,1,23
500,23,4,0,646.35,1,18
501,23,6,0,761.05,1,20
502,23,8,0,536.3,1,15
503,23,9,0,891.25,1,24
504,23,11,0,852.5,1,23
505,23,12,0,919.15,1,24
506,23,14,0,818.4,1,20
507,23,16,0,692.85,1,19
508,23,19,0,728.5,1,18
509,23,20,0,522.35,1,14
510,23,22,0,432.45,1,11
511,24,0,0,957.9,1,25
512,24,2,0,847.85,1,23
513,24,3,0,1108.25,1,29
514,24,4,0,861.8,1,23
515,24,6,0,877.3,1,23
516,24,8,0,801.35,1,21
517,24,9,0,1019.9,1,27
518,24,10,0,286.75,1,8
519,24,11,0,1021.45,1,27
520,24,12,0,1137.7,1,30
521,24,14,0,995.1,1,26
522,24,15,0,110.05,1,4
523,24,16,0,951.7,1,25
524,24,17,0,362.7,1,10
525,24,19,0,942.4,1,25
526,24,20,0,641.7,1,17
527,24,21,0,651,1,16
528,24,22,0,643.25,1,17
PATHS,600
Index,Shipment origin,Shipment destination,1st terminal on path,2nd terminal on path,.....,6th terminal on path
0,0,1,0,1
1,0,2,0,1,2
2,0,3,0,1,3
3,0,4,0,1,4
4,0,5,0,1,5
5,0,6,0,1,6
6,0,7,0,1,7
7,0,8,0,1,8
8,0,9,0,1,9
9,0,10,0,1,10
10,0,11,0,1,11
11,0,12,0,1,12
12,0,13,0,1,13
13,0,14,0,1,14
14,0,15,0,1,15
15,0,16,0,1,16
16,0,17,0,1,17
17,0,18,0,1,18
18,0,19,0,1,19
19,0,20,0,1,20
20,0,21,0,1,21
21,0,22,0,1,22
22,0,23,0,1,23
23,0,24,0,1,24
24,1,0,1,0
25,1,2,1,2
26,1,3,1,3
27,1,4,1,4
28,1,5,1,5
29,1,6,1,6
30,1,7,1,7
31,1,8,1,8
32,1,9,1,9
33,1,10,1,10
34,1,11,1,11
35,1,12,1,12
36,1,13,1,13
37,1,14,1,14
38,1,15,1,15
39,1,16,1,16
40,1,17,1,17
41,1,18,1,18
42,1,19,1,19
43,1,20,1,20
44,1,21,1,21
45,1,22,1,22
46,1,23,1,23
47,1,24,1,24
48,2,0,2,1,0
49,2,1,2,1
50,2,3,2,1,3
51,2,4,2,1,4
52,2,5,2,1,5
53,2,6,2,1,6
54,2,8,2,1,8
55,2,7,2,1,7
56,2,9,2,1,9
57,2,10,2,1,10
58,2,11,2,1,11
59,2,12,2,1,12
60,2,13,2,1,13
61,2,14,2,1,14
62,2,15,2,1,15
63,2,16,2,1,16
64,2,17,2,1,17
65,2,18,2,1,18
66,2,19,2,1,19
67,2,20,2,1,20
68,2,21,2,1,21
69,2,22,2,1,22
70,2,23,2,1,23
71,2,24,2,1,24
72,3,0,3,1,0
73,3,1,3,1
74,3,2,3,1,2
75,3,4,3,4
76,3,5,3,1,5
77,3,6,3,1,6
78,3,7,3,1,7
79,3,8,3,8
80,3,9,3,1,9
81,3,10,3,13,10
82,3,11,3,1,11
83,3,12,3,12
84,3,13,3,13
85,3,14,3,14
86,3,15,3,13,15
87,3,16,3,16
88,3,17,3,13,17
89,3,18,3,13,18
90,3,19,3,19
91,3,20,3,1,20
92,3,21,3,21
93,3,22,3,22
94,3,23,3,21,23
95,3,24,3,13,24
96,4,0,4,1,0
97,4,1,4,1
98,4,2,4,1,2
99,4,3,4,3
100,4,5,4,1,5
101,4,6,4,1,6
102,4,7,4,1,7
103,4,8,4,1,8
104,4,9,4,1,9
105,4,10,4,1,10
106,4,11,4,1,11
107,4,12,4,3,12
108,4,13,4,1,13
109,4,14,4,3,14
110,4,15,4,1,15
111,4,16,4,3,16
112,4,17,4,1,17
113,4,18,4,1,18
114,4,19,4,3,19
115,4,20,4,1,20
116,4,21,4,1,21
117,4,22,4,1,22
118,4,23,4,1,23
119,4,24,4,1,24
120,5,0,5,1,0
121,5,1,5,1
122,5,2,5,1,2
123,5,3,5,1,3
124,5,4,5,1,4
125,5,6,5,1,6
126,5,7,5,1,7
127,5,8,5,1,8
128,5,9,5,1,9
129,5,10,5,13,10
130,5,11,5,1,11
131,5,12,5,1,12
132,5,13,5,13
133,5,14,5,1,14
134,5,15,5,13,15
135,5,16,5,1,16
136,5,17,5,13,17
137,5,18,5,13,18
138,5,19,5,13,21,19
139,5,20,5,13,20
140,5,21,5,13,21
141,5,22,5,1,22
142,5,23,5,13,23
143,5,24,5,13,24
144,6,0,6,1,0
145,6,1,6,1
146,6,2,6,1,2
147,6,3,6,1,3
148,6,4,6,1,4
149,6,5,6,1,5
150,6,7,6,1,7
151,6,8,6,1,8
152,6,9,6,1,9
153,6,10,6,1,10
154,6,11,6,1,11
155,6,12,6,1,12
156,6,13,6,1,13
157,6,14,6,1,14
158,6,15,6,1,15
159,6,16,6,1,16
160,6,17,6,1,17
161,6,18,6,1,18
162,6,19,6,1,19
163,6,20,6,1,20
164,6,21,6,1,21
165,6,22,6,1,22
166,6,23,6,1,23
167,6,24,6,1,24
168,7,0,7,1,0
169,7,1,7,1
170,7,2,7,1,2
171,7,3,7,3
172,7,4,7,4
173,7,5,7,1,5
174,7,6,7,3,6
175,7,8,7,3,8
176,7,9,7,1,9
177,7,10,7,1,9
178,7,11,7,3,11
179,7,12,7,4,12
180,7,13,7,4,13
181,7,14,7,4,14
182,7,15,7,4,15
183,7,16,7,4,16
184,7,17,7,1,17
185,7,18,7,1,18
186,7,19,7,1,19
187,7,20,7,1,20
188,7,21,7,1,21
189,7,22,7,1,22
190,7,23,7,1,23
191,7,24,7,1,24
192,8,0,8,1,0
193,8,1,8,1
194,8,2,8,1,2
195,8,3,8,3
196,8,4,8,1,4
197,8,5,8,1,5
198,8,6,8,1,6
199,8,7,8,1,7
200,8,9,8,1,9
201,8,10,8,21,23,10
202,8,11,8,1,11
203,8,12,8,3,12
204,8,13,8,21,13
205,8,14,8,21,14
206,8,15,8,21,13,15
207,8,16,8,3,16
208,8,17,8,21,17
209,8,18,8,21,18
210,8,19,8,21,19
211,8,20,8,1,20
212,8,21,8,21
213,8,22,8,1,22
214,8,23,8,21,23
215,8,24,8,21,13,24
216,9,0,9,1,0
217,9,1,9,1
218,9,2,9,1,2
219,9,3,9,1,3
220,9,4,9,1,4
221,9,5,9,1,5
222,9,6,9,1,6
223,9,7,9,1,7
224,9,8,9,1,8
225,9,10,9,1,10
226,9,11,9,1,11
227,9,12,9,1,12
228,9,13,9,1,13
229,9,14,9,1,14
230,9,15,9,1,15
231,9,16,9,1,16
232,9,17,9,1,17
233,9,18,9,1,18
234,9,19,9,1,19
235,9,20,9,1,20
236,9,21,9,1,21
237,9,22,9,1,22
238,9,23,9,1,23
239,9,24,9,1,24
240,10,0,10,1,0
241,10,1,10,1
242,10,2,10,1,2
243,10,3,10,1,3
244,10,4,10,1,4
245,10,5,10,23,13,5
246,10,6,10,23,13,6
247,10,7,10,1,7
248,10,8,10,23,21,8
249,10,9,10,1,9
250,10,11,10,1,11
251,10,12,10,1,12
252,10,13,10,23,13
253,10,14,10,23,21,14
254,10,15,10,23,15
255,10,16,10,1,16
256,10,17,10,23,17
257,10,18,10,23,18
258,10,19,10,23,21,19
259,10,20,10,23,13,20
260,10,21,10,23,21
261,10,22,10,23,22
262,10,23,10,23
263,10,24,10,23,24
264,11,0,11,1,0
265,11,1,11,1
266,11,2,11,1,2
267,11,3,11,1,3
268,11,4,11,1,4
269,11,5,11,1,5
270,11,6,11,1,6
271,11,7,11,1,7
272,11,8,11,1,8
273,11,9,11,1,9
274,11,10,11,13,10
275,11,12,11,1,12
276,11,13,11,13
277,11,14,11,1,14
278,11,15,11,13,15
279,11,16,11,1,16
280,11,17,11,13,17
281,11,18,11,13,18
282,11,19,11,1,19
283,11,20,11,1,20
284,11,21,11,1,21
285,11,22,11,1,22
286,11,23,11,13,23
287,11,24,11,13,24
288,12,0,12,1,0
289,12,1,12,1
290,12,2,12,1,2
291,12,3,12,3
292,12,4,12,3,4
293,12,5,12,1,5
294,12,6,12,1,6
295,12,7,12,1,7
296,12,8,12,3,8
297,12,9,12,1,9
298,12,10,12,1,10
299,12,11,12,1,11
300,12,13,12,3,13
301,12,14,12,3,14
302,12,15,12,1,15
303,12,16,12,3,16
304,12,17,12,1,17
305,12,18,12,1,18
306,12,19,12,3,19
307,12,20,12,1,20
308,12,21,12,3,21
309,12,22,12,3,22
310,12,23,12,1,23
311,12,24,12,1,24
312,13,0,13,1,0
313,13,1,13,1
314,13,2,13,1,2
315,13,3,13,3
316,13,4,13,4
317,13,5,13,5
318,13,6,13,6
319,13,7,13,1,7
320,13,8,13,21,8
321,13,9,13,1,9
322,13,10,13,10
323,13,11,13,11
324,13,12,13,3,12
325,13,14,13,21,14
326,13,15,13,15
327,13,16,13,1,16
328,13,17,13,17
329,13,18,13,18
330,13,19,13,21,19
331,13,20,13,20
332,13,21,13,21
333,13,22,13,22
334,13,23,13,23
335,13,24,13,24
336,14,0,14,1,0
337,14,1,14,1
338,14,2,14,1,2
339,14,3,14,3
340,14,4,14,3,4
341,14,5,14,1,5
342,14,6,14,1,6
343,14,7,14,1,7
344,14,8,14,3,8
345,14,9,14,1,9
346,14,10,14,21,23,10
347,14,11,14,1,11
348,14,12,14,3,12
349,14,13,14,21,13
350,14,15,14,21,13,15
351,14,16,14,3,16
352,14,17,14,21,17
353,14,18,14,21,18
354,14,19,14,1,19
355,14,20,14,1,20
356,14,21,14,21
357,14,22,14,1,22
358,14,23,14,21,23
359,14,24,14,21,13,24
360,15,0,15,1,0
361,15,1,15,1
362,15,2,15,1,2
363,15,3,15,13,3
364,15,4,15,1,4
365,15,5,15,13,5
366,15,6,15,13,6
367,15,7,15,1,7
368,15,8,15,21,8
369,15,9,15,1,9
370,15,10,15,10
371,15,11,15,1,11
372,15,12,15,1,12
373,15,13,15,13
374,15,14,15,21,14
375,15,16,15,1,16
376,15,17,15,17
377,15,18,15,18
378,15,19,15,21,19
379,15,20,15,13,20
380,15,21,15,21
381,15,22,15,13,22
382,15,23,15,23
383,15,24,15,24
384,16,0,16,1,0
385,16,1,16,1
386,16,2,16,1,2
387,16,3,16,3
388,16,4,16,3,4
389,16,5,16,1,5
390,16,6,16,1,6
391,16,7,16,1,7
392,16,8,16,3,8
393,16,9,16,1,9
394,16,10,16,13,10
395,16,11,16,1,11
396,16,12,16,3,12
397,16,13,16,13
398,16,14,16,3,14
399,16,15,16,13,15
400,16,17,16,13,17
401,16,18,16,13,18
402,16,19,16,3,19
403,16,20,16,1,20
404,16,21,16,21
405,16,22,16,3,22
406,16,23,16,13,23
407,16,24,16,13,24
408,17,0,17,1,0
409,17,1,17,1
410,17,2,17,1,2
411,17,3,17,13,3
412,17,4,17,1,4
413,17,5,17,13,5
414,17,6,17,13,6
415,17,7,17,1,7
416,17,8,17,21,8
417,17,9,17,1,9
418,17,10,17,13,10
419,17,11,17,1,11
420,17,12,17,1,12
421,17,13,17,13
422,17,14,17,21,14
423,17,15,17,13,15
424,17,16,17,1,16
425,17,18,17,18
426,17,19,17,21,19
427,17,20,17,13,20
428,17,21,17,21
429,17,22,17,13,22
430,17,23,17,13,23
431,17,24,17,13,24
432,18,0,18,1,0
433,18,1,18,1
434,18,2,18,1,2
435,18,3,18,13,3
436,18,4,18,1,4
437,18,5,18,13,5
438,18,6,18,13,6
439,18,7,18,1,7
440,18,8,18,21,8
441,18,9,18,13,1,9
442,18,10,18,10
443,18,11,18,1,11
444,18,12,18,1,12
445,18,13,18,13
446,18,14,18,21,14
447,18,15,18,15
448,18,16,18,1,16
449,18,17,18,17
450,18,19,18,21,19
451,18,20,18,13,20
452,18,21,18,21
453,18,22,18,13,22
454,18,23,18,23
455,18,24,18,24
456,19,0,19,1,0
457,19,1,19,1
458,19,2,19,1,2
459,19,3,19,3
460,19,4,19,3,4
461,19,5,19,1,5
462,19,6,19,1,6
463,19,7,19,1,7
464,19,8,19,21,8
465,19,9,19,1,9
466,19,10,19,1,10
467,19,11,19,1,11
468,19,12,19,3,12
469,19,13,19,21,13
470,19,14,19,1,14
471,19,15,19,21,13,15
472,19,16,19,3,16
473,19,17,19,21,17
474,19,18,19,21,18
475,19,20,19,1,20
476,19,21,19,21
477,19,22,19,1,22
478,19,23,19,21,23
479,19,24,19,21,13,24
480,20,0,20,1,0
481,20,1,20,1
482,20,2,20,1,2
483,20,3,20,1,3
484,20,4,20,1,4
485,20,5,20,1,5
486,20,6,20,1,6
487,20,7,20,1,7
488,20,8,20,1,8
489,20,9,20,1,9
490,20,10,20,13,10
491,20,11,20,1,11
492,20,12,20,1,12
493,20,13,20,13
494,20,14,20,1,14
495,20,15,20,13,15
496,20,16,20,1,16
497,20,17,20,13,17
498,20,18,20,13,18
499,20,19,20,1,19
500,20,21,20,1,21
501,20,22,20,13,22
502,20,23,20,13,23
503,20,24,20,13,24
504,21,0,21,1,0
505,21,1,21,1
506,21,2,21,1,2
507,21,3,21,3
508,21,4,21,1,4
509,21,5,21,13,5
510,21,6,21,13,6
511,21,7,21,1,7
512,21,8,21,8
513,21,9,21,1,9
514,21,10,21,23,10
515,21,11,21,1,11
516,21,12,21,3,12
517,21,13,21,13
518,21,14,21,14
519,21,15,21,13,15
520,21,16,21,3,16
521,21,17,21,17
522,21,18,21,18
523,21,19,21,19
524,21,20,21,1,20
525,21,22,21,1,22
526,21,23,21,23
527,21,24,21,13,24
528,22,0,22,1,0
529,22,1,22,1
530,22,2,22,1,2
531,22,3,22,3
532,22,4,22,1,4
533,22,5,22,13,5
534,22,6,22,1,6
535,22,7,22,1,7
536,22,8,22,1,8
537,22,9,22,1,9
538,22,10,22,13,10
539,22,11,22,1,11
540,22,12,22,3,12
541,22,13,22,13
542,22,14,22,1,14
543,22,15,22,13,15
544,22,16,22,1,16
545,22,17,22,13,17
546,22,18,22,13,18
547,22,19,22,1,19
548,22,20,22,13,20
549,22,21,22,1,21
550,22,23,22,13,23
551,22,24,22,13,24
552,23,0,23,1,0
553,23,1,23,1
554,23,2,23,1,2
555,23,3,23,1,3
556,23,4,23,1,4
557,23,5,23,13,5
558,23,6,23,13,6
559,23,7,23,1,7
560,23,8,23,21,8
561,23,9,23,1,9
562,23,10,23,10
563,23,11,23,1,11
564,23,12,23,1,12
565,23,13,23,13
566,23,14,23,21,14
567,23,15,23,15
568,23,16,23,1,16
569,23,17,23,17
570,23,18,23,18
571,23,19,23,21,19
572,23,20,23,13,20
573,23,21,23,21
574,23,22,23,22
575,23,24,23,24
576,24,0,24,1,0
577,24,1,24,1
578,24,2,24,1,2
579,24,3,24,13,3
580,24,4,24,1,4
581,24,5,24,13,5
582,24,6,24,13,6
583,24,7,24,1,7
584,24,8,24,18,21,8
585,24,9,24,13,1,9
586,24,10,24,23,10
587,24,11,24,13,11
588,24,12,24,1,12
589,24,13,24,13
590,24,14,24,18,21,14
591,24,15,24,15
592,24,16,24,1,16
593,24,17,24,13,17
594,24,18,24,18
595,24,19,24,18,21,19
596,24,20,24,13,20
597,24,21,24,18,21
598,24,22,24,13,22
599,24,23,24,23
COMMODITIES,750
Index,Origin,Destination,Demand/Size,Earliest available time,Latest delivery time
0,19,12,0.0429279,230,258
1,23,21,0.65094,138,163
2,18,21,0.580495,88,111
3,12,18,0.133537,86,126
4,10,24,0.862548,42,69
5,22,13,0.740201,138,157
6,10,4,0.0150974,86,127
7,0,12,0.276882,42,69
8,23,12,0.360418,86,125
9,11,17,0.361063,234,268
10,22,18,0.862207,134,160
11,22,1,0.721389,40,60
12,11,4,0.112097,182,208
13,22,23,0.527209,230,258
14,18,22,0.0550258,232,258
15,24,20,0.186749,42,71
16,8,9,0.252968,234,267
17,22,15,0.132528,38,71
18,1,20,0.593709,42,64
19,3,6,0.248729,138,167
20,0,19,0.280147,86,116
21,14,11,0.70589,232,268
22,18,24,0.517258,40,59
23,0,11,0.949665,88,113
24,20,2,0.252364,40,69
25,0,23,0.0169136,40,75
26,1,22,0.74377,40,60
27,17,15,0.322389,186,218
28,12,6,0.142636,230,261
29,1,15,0.384873,186,222
30,17,18,0.39689,88,105
31,18,0,0.231041,90,124
32,17,19,0.7022,136,164
33,18,2,0.466907,230,266
34,6,14,0.0161201,136,173
35,17,14,0.00676313,182,212
36,23,12,0.344581,184,223
37,13,19,0.911685,232,260
38,24,1,0.965788,230,266
39,2,13,0.115072,138,171
40,3,12,0.42593,38,55
41,11,3,0.588761,134,162
42,24,19,0.846503,234,272
43,10,9,0.389332,86,133
44,16,14,0.968111,90,118
45,19,9,0.192147,234,271
46,4,12,0.195961,230,255
47,0,14,0.273292,38,71
48,18,23,0.873059,230,246
49,15,23,0.809382,86,109
50,14,11,0.757756,230,266
51,23,10,0.735665,232,250
52,1,3,0.233761,136,156
53,17,11,0.114942,182,216
54,0,22,0.23746,134,159
55,3,18,0.483032,230,269
56,15,23,0.779952,182,205
57,21,18,0.206704,42,67
58,18,24,0.555824,86,105
59,3,15,0.291177,234,280
60,18,20,0.111655,42,67
61,12,18,0.136709,234,274
62,17,21,0.30727,230,250
63,8,4,0.00807726,40,67
64,19,24,0.469845,86,125
65,4,23,0.0715185,88,124
66,6,18,0.0327937,182,221
67,8,1,0.379608,136,157
68,21,18,0.207309,90,115
69,11,3,0.774485,86,114
70,1,15,0.164388,88,124
71,0,21,0.438788,186,214
72,16,20,0.21021,136,166
73,15,19,0.748865,184,224
74,16,3,0.211549,136,153
75,19,10,0.251245,88,139
76,11,22,0.79571,186,214
77,5,12,0.0155117,186,223
78,23,21,0.579414,86,111
79,8,16,0.0110583,136,162
80,18,20,0.235835,90,115
81,19,10,0.240451,184,235
82,24,16,0.0202255,138,182
83,23,24,0.0133699,86,107
84,14,2,0.094079,42,77
85,15,2,0.0111055,136,179
86,10,9,0.383476,230,277
87,15,22,0.618179,234,269
88,14,23,0.396566,234,267
89,2,4,0.928821,40,65
90,19,15,0.563262,38,80
91,3,15,0.307711,186,232
92,17,2,0.0373223,230,263
93,5,1,0.72281,230,257
94,19,16,0.117541,134,162
95,10,11,0.0502302,86,129
96,5,1,0.0546032,88,115
97,18,19,0.743697,90,121
98,12,1,0.721628,42,64
99,19,8,0.424849,90,115
100,23,0,0.694903,42,76
101,18,24,0.507501,184,203
102,23,11,0.412649,234,271
103,14,0,0.830197,184,217
104,14,4,0.237816,88,119
105,13,16,0.0804754,182,215
106,22,21,0.524022,186,217
107,8,19,0.0866039,88,113
108,20,0,0.068858,134,161
109,11,16,0.368699,186,214
110,10,6,0.0965708,42,81
111,17,22,0.137332,88,113
112,23,17,0.0934234,38,55
113,3,19,0.718702,136,159
114,3,19,0.803478,234,257
115,2,13,0.112548,88,121
116,21,11,0.0541361,136,167
117,10,5,0.0282077,134,171
118,24,14,0.176661,138,178
119,20,23,0.0960669,88,115
120,1,9,0.603504,232,256
121,8,13,0.292455,134,159
122,5,12,0.0152412,136,173
123,20,23,0.101664,186,213
124,2,14,0.636263,134,169
125,1,2,0.991443,40,59
126,5,12,0.0158984,234,271
127,12,13,0.174958,134,171
128,20,16,0.0150688,182,212
129,6,14,0.0192922,186,223
130,6,4,0.0182944,88,115
131,21,20,0.00746185,134,167
132,20,2,0.217547,186,215
133,12,9,0.205572,138,172
134,12,14,0.0390523,138,166
135,1,4,0.77695,182,200
136,1,16,0.700213,234,254
137,12,19,0.0458022,38,66
138,10,15,0.352894,40,69
139,23,9,0.583378,186,227
140,12,6,0.134704,90,121
141,19,2,0.0192438,234,266
142,0,22,0.255559,230,255
143,24,17,0.719355,186,215
144,23,14,0.362384,184,219
145,6,3,0.277835,184,213
146,12,17,0.00577642,86,124
147,24,8,0.0593346,42,77
148,2,14,0.619597,184,219
149,0,9,0.147523,86,115
150,11,4,0.152563,234,260
151,19,20,0.340944,186,221
152,18,17,0.267593,88,105
153,15,23,0.121537,186,209
154,17,1,0.909907,234,260
155,14,5,0.365155,38,81
156,0,1,0.100869,184,201
157,12,22,0.222596,42,72
158,10,2,0.0210958,40,82
159,3,13,0.639005,138,170
160,11,14,0.427195,230,266
161,2,20,0.939172,184,213
162,10,4,0.0152289,230,271
163,18,2,0.391246,138,174
164,22,5,0.382464,42,71
165,18,4,0.785651,186,221
166,22,21,0.518748,138,169
167,5,4,0.182912,184,217
168,22,19,0.141159,134,167
169,21,17,0.407467,230,250
170,16,22,0.178612,138,168
171,21,17,0.353336,86,106
172,23,19,0.916612,184,217
173,3,14,0.367841,138,161
174,3,21,0.186837,38,64
175,23,8,0.313014,90,120
176,14,20,0.0950899,186,224
177,23,22,0.252523,184,207
178,17,5,0.225379,134,162
179,3,12,0.550539,88,105
180,14,23,0.384881,134,167
181,10,17,0.167996,86,109
182,5,24,0.0656674,138,171
183,18,2,0.437466,186,222
184,12,17,0.00582976,186,224
185,11,17,0.360882,38,72
186,15,1,0.495193,38,74
187,8,1,0.944521,38,59
188,16,2,0.339856,232,259
189,20,18,0.291723,88,113
190,6,22,0.0257112,42,71
191,19,20,0.304883,184,219
192,2,15,0.257015,136,179
193,21,20,0.00708443,88,121
194,18,3,0.986293,230,271
195,10,17,0.164081,136,159
196,14,18,0.806131,230,265
197,10,14,0.108048,42,83
198,13,16,0.090887,186,219
199,14,0,0.833447,230,263
200,3,4,0.930514,86,106
201,2,21,0.00485665,232,262
202,15,1,0.954128,88,124
203,23,11,0.193669,232,269
204,14,17,0.0767777,40,70
205,22,12,0.490259,42,71
206,24,13,0.965852,42,65
207,4,3,0.0645511,40,60
208,4,14,0.442234,42,73
209,13,18,0.291223,88,107
210,19,2,0.0210084,134,166
211,1,19,0.875081,38,63
212,16,4,0.83542,38,63
213,1,14,0.0316457,138,166
214,17,10,0.557846,230,260
215,4,13,0.332168,182,214
216,23,19,0.0680258,38,71
217,15,10,0.77528,138,157
218,4,13,0.322209,38,70
219,9,3,0.636706,182,214
220,1,19,0.385721,184,209
221,22,11,0.439873,40,68
222,4,11,0.24559,184,210
223,3,19,0.0321373,138,161
224,8,13,0.276629,42,67
225,10,15,0.722322,184,213
226,2,17,0.108874,186,221
227,21,14,0.00837068,88,110
228,24,6,0.365061,40,75
229,8,9,0.268962,134,167
230,11,23,0.531355,136,173
231,19,8,0.455627,136,161
232,24,5,0.039026,42,75
233,16,0,0.675794,138,163
234,23,0,0.624677,40,74
235,6,1,0.807148,40,61
236,15,10,0.655835,86,105
237,2,3,0.349962,182,209
238,8,13,0.296504,38,63
239,4,14,0.503581,186,217
240,13,14,0.130622,86,116
241,10,5,0.0280844,138,175
242,20,2,0.219358,38,67
243,22,14,0.257642,88,124
244,22,9,0.183514,90,122
245,1,4,0.396876,234,252
246,10,11,0.0435157,184,227
247,14,8,0.359978,42,74
248,12,21,0.340665,88,119
249,5,4,0.209384,40,73
250,5,3,0.568353,136,171
251,11,22,0.92199,134,162
252,23,11,0.447862,186,223
253,16,19,0.630822,136,164
254,3,8,0.225463,136,157
255,10,16,0.113267,40,83
256,4,1,0.234699,138,156
257,16,18,0.158633,86,122
258,21,18,0.216095,134,159
259,14,1,0.576473,184,212
260,19,2,0.0203186,40,72
261,6,22,0.0242502,184,213
262,17,15,0.478792,86,118
263,23,11,0.0931946,90,127
264,19,5,0.507173,90,130
265,18,5,0.0875252,138,167
266,23,9,0.439196,138,179
267,20,1,0.220801,88,110
268,11,19,0.336306,136,169
269,8,3,0.604701,86,107
270,2,1,0.583866,138,157
271,23,10,0.850281,38,56
272,8,15,0.0428006,88,127
273,3,24,0.978694,40,83
274,1,3,0.69804,230,250
275,3,9,0.584666,38,70
276,16,2,0.338761,136,163
277,3,15,0.201305,138,184
278,10,3,0.0548125,230,273
279,13,20,0.516988,186,204
280,5,16,0.400614,134,169
281,3,9,0.765037,90,122
282,14,0,0.732437,38,71
283,20,22,0.246902,86,111
284,4,10,0.0549355,88,132
285,1,12,0.948067,86,108
286,17,15,0.241715,182,214
287,4,14,0.464627,88,119
288,15,6,0.205501,40,80
289,15,18,0.497993,90,112
290,12,6,0.15984,182,213
291,16,4,0.841831,138,163
292,4,1,0.14347,182,200
293,10,22,0.0705647,186,215
294,23,18,0.586133,184,200
295,22,5,0.395354,134,163
296,16,21,0.614856,134,155
297,11,16,0.372487,88,116
298,3,16,0.180946,230,247
299,12,10,0.822421,134,182
300,8,19,0.0946806,186,211
301,0,20,0.677266,136,163
302,0,19,0.236086,42,72
303,24,11,0.648394,90,130
304,17,15,0.228724,230,262
305,17,10,0.492631,38,68
306,23,0,0.685821,234,268
307,19,8,0.442237,40,65
308,8,14,0.0173259,136,163
309,5,1,0.093231,90,117
310,21,8,0.492047,40,57
311,1,21,0.482238,230,253
312,10,12,0.0769582,136,181
313,10,17,0.186506,38,61
314,17,20,0.264589,88,112
315,13,22,0.110467,230,249
316,11,18,0.6267,136,171
317,21,13,0.907434,86,106
318,15,19,0.585516,136,176
319,8,3,0.316741,232,253
320,11,16,0.380497,138,166
321,1,20,0.936188,230,252
322,18,3,0.762161,88,129
323,20,3,0.371083,42,72
324,16,4,0.771054,232,257
325,8,19,0.0830573,182,207
326,2,3,0.347642,40,67
327,2,8,0.45442,40,68
328,12,17,0.00661169,134,172
329,16,14,0.00570291,230,258
330,15,17,0.667521,90,114
331,13,0,0.567336,90,120
332,10,5,0.0268287,184,221
333,23,14,0.580606,42,77
334,14,21,0.889566,234,256
335,19,15,0.519807,40,82
336,14,2,0.0860391,38,73
337,3,19,0.646698,186,209
338,21,8,0.507428,42,59
339,11,21,0.300067,186,217
340,4,12,0.173544,38,63
341,19,18,0.228533,90,123
342,3,17,0.132341,134,172
343,15,19,0.455799,234,274
344,14,1,0.434775,186,214
345,15,10,0.26884,186,205
346,17,23,0.68685,230,257
347,19,8,0.391626,230,255
348,13,6,0.916137,42,66
349,3,16,0.470645,40,57
350,10,9,0.332312,136,183
351,1,8,0.0299559,42,63
352,2,4,0.932827,90,115
353,3,5,0.88045,134,169
354,11,13,0.0767599,186,214
355,1,12,0.6221,38,60
356,18,12,0.435345,184,223
357,14,0,0.897681,90,123
358,2,18,0.038136,182,219
359,20,2,0.230758,232,261
360,15,6,0.218158,234,274
361,14,23,0.439649,90,123
362,10,14,0.115765,40,81
363,14,4,0.22493,134,165
364,24,6,0.381154,88,123
365,4,15,0.231203,182,224
366,18,10,0.433979,136,158
367,19,16,0.106152,90,118
368,5,12,0.0157537,40,77
369,17,8,0.191262,138,163
370,14,21,0.869814,136,158
371,15,13,0.338335,38,66
372,15,22,0.627375,230,265
373,19,24,0.459987,88,127
374,3,16,0.540947,42,59
375,21,20,0.0079165,230,263
376,4,6,0.0658256,232,259
377,11,22,0.876148,184,212
378,13,12,0.133072,42,81
379,2,21,0.00491154,234,264
380,18,23,0.262381,42,58
381,23,24,0.264356,40,61
382,0,8,0.386022,232,258
383,6,3,0.240179,138,167
384,1,21,0.61085,234,257
385,5,16,0.407574,230,265
386,15,19,0.924204,90,130
387,17,8,0.183414,86,111
388,8,5,0.0382181,182,218
389,23,3,0.661908,42,79
390,23,18,0.963014,86,102
391,3,14,0.926519,86,109
392,19,5,0.441657,136,176
393,20,22,0.259794,230,255
394,20,19,0.446877,184,219
395,22,21,0.494533,90,121
396,0,11,0.926403,40,65
397,22,6,0.337862,230,259
398,22,11,0.411522,182,210
399,10,18,0.365034,90,112
400,8,1,0.938817,234,255
401,24,10,0.0435099,40,67
402,12,3,0.348815,186,203
403,15,22,0.622227,86,121
404,10,4,0.016537,136,177
405,12,15,0.474236,184,230
406,15,23,0.328527,42,65
407,8,16,0.012418,232,258
408,23,19,0.508517,88,121
409,12,10,0.830778,86,134
410,24,10,0.0817905,134,161
411,16,20,0.20168,232,262
412,0,5,0.189972,86,118
413,13,16,0.0791877,234,267
414,17,1,0.410575,38,64
415,15,23,0.0637581,134,157
416,12,22,0.208866,134,164
417,22,11,0.448821,136,164
418,14,23,0.406953,230,263
419,23,10,0.00658698,182,200
420,19,20,0.333439,234,269
421,24,19,0.768905,134,172
422,20,22,0.255488,134,159
423,1,2,0.755962,138,157
424,19,15,0.514203,42,84
425,24,20,0.124204,136,165
426,14,2,0.0984734,234,269
427,15,2,0.0121194,230,273
428,14,4,0.235152,182,213
429,14,16,0.97221,86,114
430,19,15,0.483319,138,180
431,17,18,0.268113,184,201
432,18,10,0.206505,230,252
433,15,24,0.801428,232,248
434,8,17,0.505197,86,111
435,22,19,0.135398,186,219
436,4,21,0.011625,230,259
437,21,23,0.345178,136,159
438,18,24,0.327288,232,251
439,14,9,0.531969,182,222
440,11,4,0.219049,230,256
441,3,19,0.765305,38,61
442,0,2,0.108106,134,158
443,22,20,0.542879,42,67
444,11,16,0.413523,136,164
445,1,9,0.33438,38,62
446,1,18,0.151269,90,120
447,19,5,0.510753,232,272
448,0,13,0.326953,42,73
449,2,19,0.295804,38,70
450,23,18,0.159525,136,152
451,20,2,0.240249,42,71
452,1,18,0.875581,182,212
453,14,16,0.00594503,136,164
454,16,10,0.02794,234,275
455,17,9,0.338169,88,126
456,11,14,0.466877,182,218
457,10,9,0.40076,42,89
458,0,22,0.261469,86,111
459,23,17,0.345277,184,201
460,10,19,0.422086,136,175
461,19,12,0.0411935,42,70
462,1,21,0.75148,184,207
463,19,15,0.574305,186,228
464,10,5,0.0263761,230,267
465,10,17,0.174865,90,113
466,0,4,0.0366322,138,161
467,21,13,0.89491,232,252
468,9,1,0.939035,88,112
469,6,22,0.0267161,138,167
470,12,21,0.350605,86,117
471,10,20,0.0951462,138,171
472,2,3,0.339356,86,113
473,4,19,0.00882947,90,121
474,15,6,0.221449,134,174
475,22,17,0.344701,86,111
476,17,19,0.745551,134,162
477,19,21,0.65697,186,206
478,4,14,0.449064,232,263
479,9,3,0.473757,90,122
480,18,8,0.411279,134,162
481,12,6,0.145804,88,119
482,21,20,0.0077384,184,217
483,10,22,0.0696416,88,117
484,14,1,0.156043,182,210
485,4,15,0.230849,88,130
486,13,12,0.13132,38,77
487,15,0,0.403604,182,223
488,15,24,0.885101,90,106
489,1,20,0.0200532,134,156
490,14,17,0.0829805,90,120
491,1,10,0.331147,230,268
492,15,0,0.399715,186,227
493,16,22,0.33956,38,68
494,3,15,0.378847,232,278
495,2,1,0.316563,136,155
496,17,13,0.115526,38,56
497,17,8,0.194156,42,67
498,19,1,0.579005,138,163
499,24,19,0.7788,138,176
500,15,2,0.0110559,182,225
501,16,20,0.196544,138,168
502,8,17,0.443555,38,63
503,18,16,0.49933,138,175
504,16,15,0.516735,134,177
505,22,9,0.182629,134,166
506,19,16,0.116798,138,166
507,16,4,0.826188,86,111
508,2,0,0.0515749,138,162
509,8,24,0.0294413,90,126
510,17,10,0.577727,234,264
511,14,4,0.256958,86,117
512,24,20,0.149962,40,69
513,18,16,0.497533,234,271
514,19,24,0.482089,230,269
515,3,18,0.475428,40,79
516,18,10,0.321187,182,204
517,15,1,0.797193,230,266
518,3,9,0.810157,136,168
519,22,9,0.199056,182,214
520,3,21,0.253166,134,160
521,21,15,0.0784158,88,122
522,19,4,0.0661226,86,117
523,3,13,0.515335,42,74
524,17,16,0.0685325,182,216
525,8,16,0.0121959,38,64
526,0,10,0.491361,38,81
527,19,12,0.0389715,232,260
528,24,16,0.0224438,90,134
529,12,14,0.0364178,232,260
530,0,4,0.0344423,182,205
531,16,23,0.0785465,134,172
532,4,0,0.140667,138,161
533,6,1,0.0347117,42,63
534,18,20,0.852838,40,65
535,17,13,0.0732516,230,248
536,14,1,0.368798,232,260
537,24,2,0.393178,90,133
538,22,11,0.40586,138,166
539,10,20,0.105666,232,265
540,14,0,0.630517,86,119
541,15,2,0.013213,138,181
542,19,10,0.225866,186,237
543,22,13,0.741199,38,57
544,11,14,0.422463,138,174
545,8,2,0.0308955,230,258
546,13,16,0.0747136,230,263
547,19,4,0.0637316,138,169
548,4,18,0.390492,90,126
549,1,2,0.41378,90,109
550,5,1,0.341346,138,165
551,14,23,0.45454,40,73
552,3,13,0.543188,134,166
553,10,19,0.438997,134,173
554,15,6,0.18412,42,82
555,19,15,0.496646,90,132
556,12,18,0.138449,184,224
557,8,24,0.0275446,184,220
558,5,15,0.456738,134,170
559,18,13,0.953435,184,203
560,21,17,0.404949,42,62
561,8,5,0.0410682,232,268
562,5,16,0.428367,138,173
563,11,3,0.898213,38,66
564,17,9,0.336922,230,268
565,0,11,0.018265,138,163
566,19,9,0.196742,42,79
567,16,0,0.729251,42,67
568,3,5,0.917761,88,123
569,0,5,0.17964,186,218
570,14,4,0.22322,136,167
571,23,16,0.196423,40,77
572,12,15,0.406238,230,276
573,15,16,0.376052,182,226
574,13,5,0.312828,42,64
575,4,0,0.158328,136,159
576,20,2,0.227239,184,213
577,16,1,0.536163,230,250
578,15,3,0.410868,138,188
579,12,10,0.85446,42,90
580,10,22,0.0676986,232,261
581,24,20,0.0570904,38,67
582,4,23,0.114043,42,78
583,19,21,0.683592,86,106
584,8,9,0.253062,90,123
585,8,17,0.341508,42,67
586,10,11,0.0468747,40,83
587,22,9,0.186784,232,264
588,5,4,0.195951,136,169
589,5,3,0.641467,40,75
590,19,3,0.164589,90,113
591,3,4,0.448759,136,156
592,18,13,0.11504,90,109
593,13,23,0.500883,234,255
594,16,23,0.079516,38,76
595,24,2,0.366101,40,83
596,21,24,0.269274,184,215
597,17,5,0.228244,234,262
598,22,1,0.505621,86,106
599,3,6,0.125832,42,71
600,24,15,0.841732,230,246
601,20,19,0.493106,90,125
602,11,19,0.315841,232,265
603,21,20,0.00669651,138,171
604,1,20,0.449981,182,204
605,22,14,0.222952,90,126
606,2,4,0.949645,42,67
607,14,15,0.197351,134,178
608,1,3,0.728207,232,252
609,10,6,0.0918613,232,271
610,3,9,0.553539,232,264
611,1,19,0.141822,86,111
612,24,20,0.0826175,234,263
613,10,24,0.761575,86,113
614,23,21,0.7597,38,63
615,11,23,0.0390081,90,127
616,5,15,0.473119,182,218
617,18,20,0.23789,182,207
618,23,0,0.612057,90,124
619,20,23,0.0924871,40,67
620,1,17,0.536176,138,166
621,19,8,0.394908,186,211
622,24,6,0.360242,186,221
623,13,17,0.675422,134,152
624,23,15,0.232808,38,61
625,12,1,0.585395,136,158
626,3,15,0.320325,230,276
627,15,21,0.106013,86,118
628,0,5,0.210576,134,166
629,24,8,0.0608373,186,221
630,22,9,0.195243,138,170
631,10,11,0.0417953,182,225
632,16,22,0.420137,86,116
633,6,16,0.35789,38,67
634,22,17,0.327424,184,209
635,17,9,0.312101,42,80
636,19,2,0.0198407,136,168
637,24,15,0.85017,86,102
638,18,13,0.207559,234,253
639,23,2,0.0888784,138,174
640,22,23,0.549621,184,212
641,19,5,0.446413,42,82
642,6,4,0.017899,184,211
643,22,24,0.445,88,118
644,11,23,0.7907,184,221
645,9,3,0.423876,40,72
646,1,20,0.405188,186,208
647,18,1,0.86182,230,259
648,13,18,0.183232,138,157
649,4,1,0.669117,184,202
650,10,20,0.103943,182,215
651,22,20,0.497971,232,257
652,3,20,0.944675,42,72
653,12,2,0.121863,138,167
654,24,14,0.156226,186,226
655,10,18,0.590738,186,208
656,5,12,0.0151575,90,127
657,21,14,0.00962113,234,256
658,21,23,0.328786,184,207
659,12,6,0.136285,184,215
660,18,16,0.487267,40,77
661,6,14,0.0164576,38,75
662,1,4,0.53377,40,58
663,10,20,0.102575,90,123
664,15,24,0.130599,88,104
665,6,14,0.017862,134,171
666,10,19,0.400862,234,273
667,4,19,0.00778739,138,169
668,23,0,0.669666,184,218
669,16,10,0.0310654,42,83
670,22,10,0.0682749,230,261
671,10,16,0.100558,38,81
672,19,21,0.638165,234,254
673,12,14,0.0403084,186,214
674,22,1,0.0500317,232,252
675,13,11,0.128335,88,117
676,24,3,0.0170092,186,231
677,16,2,0.314797,230,257
678,4,15,0.269237,38,80
679,10,20,0.101105,88,121
680,5,15,0.447266,136,172
681,24,14,0.163062,40,80
682,22,21,0.454984,234,265
683,19,13,0.514403,40,68
684,11,18,0.268462,88,123
685,14,5,0.383628,184,227
686,20,15,0.481694,182,214
687,21,20,0.00676287,86,119
688,22,18,0.760726,86,112
689,15,17,0.461793,136,160
690,3,21,0.625222,90,116
691,3,8,0.14672,88,109
692,20,22,0.268695,38,63
693,10,13,0.00620706,138,165
694,18,10,0.593962,40,62
695,0,4,0.0366165,134,157
696,10,19,0.432114,42,81
697,17,19,0.730208,182,210
698,24,6,0.416786,230,265
699,3,4,0.865988,232,252
700,16,10,0.0297571,136,177
701,5,13,0.345902,40,62
702,18,20,0.287156,230,255
703,5,16,0.437685,38,73
704,17,19,0.716995,38,66
705,17,22,0.146208,134,159
706,23,12,0.366224,88,127
707,13,24,0.315655,90,113
708,18,20,0.187592,136,161
709,0,9,0.132202,42,71
710,13,5,0.309108,134,156
711,22,1,0.166474,88,108
712,2,17,0.116082,184,219
713,10,13,0.768548,88,115
714,15,8,0.0837138,86,123
715,11,4,0.207335,88,114
716,8,12,0.218498,40,66
717,17,9,0.324668,134,172
718,5,13,0.302853,86,108
719,14,0,0.809303,40,73
720,18,1,0.481575,42,71
721,13,4,0.0871521,42,66
722,9,12,0.00454545,38,72
723,3,17,0.151294,40,78
724,0,4,0.0342556,186,209
725,3,4,0.0652998,184,204
726,8,1,0.468672,40,61
727,23,10,0.580702,186,204
728,3,8,0.21816,230,251
729,11,1,0.133228,232,252
730,9,16,0.855234,230,262
731,18,24,0.208773,136,155
732,10,19,0.43082,184,223
733,22,21,0.507532,86,117
734,2,17,0.120837,230,265
735,10,9,0.391751,232,279
736,15,17,0.139295,40,64
737,1,10,0.599797,138,176
738,24,14,0.150878,230,270
739,21,15,0.0774786,40,74
740,15,19,0.849639,230,270
741,13,23,0.300027,90,111
742,5,18,0.535597,234,263
743,10,18,0.432506,42,64
744,14,5,0.380651,182,225
745,3,9,0.592593,40,72
746,0,16,0.703546,234,259
747,22,1,0.289519,138,158
748,4,1,0.875924,88,106
749,17,20,0.28003,40,64
