NODES,25
INDEX,Name,X-coordinate,Y-coordinate
0,0,-,-
1,1,-,-
2,2,-,-
3,3,-,-
4,4,-,-
5,5,-,-
6,6,-,-
7,7,-,-
8,8,-,-
9,9,-,-
10,10,-,-
11,11,-,-
12,12,-,-
13,13,-,-
14,14,-,-
15,15,-,-
16,16,-,-
17,17,-,-
18,18,-,-
19,19,-,-
20,20,-,-
21,21,-,-
22,22,-,-
23,23,-,-
24,24,-,-
ARCS,529
Index,Origin,Destination,Variable Cost,Fixed Cost,Capacity,Travel time
0,0,1,0,117.8,1,5
1,1,0,0,117.8,1,5
2,1,2,0,234.05,1,7
3,1,3,0,260.4,1,8
4,1,4,0,175.15,1,6
5,1,5,0,486.7,1,15
6,1,6,0,323.95,1,9
7,1,8,0,323.95,1,9
8,1,9,0,447.95,1,12
9,1,10,0,883.5,1,26
10,1,11,0,255.75,1,8
11,1,12,0,387.5,1,10
12,1,13,0,489.8,1,14
13,1,14,0,525.45,1,16
14,1,15,0,1002.85,1,24
15,1,16,0,252.65,1,8
16,1,17,0,545.6,1,16
17,1,18,0,680.45,1,18
18,1,19,0,503.75,1,13
19,1,20,0,358.05,1,10
20,1,21,0,409.2,1,11
21,1,22,0,266.6,1,8
22,1,23,0,699.05,1,18
23,1,24,0,903.65,1,24
24,2,1,0,234.05,1,7
25,3,1,0,260.4,1,8
26,3,4,0,230.95,1,8
27,3,8,0,311.55,1,9
28,3,12,0,144.15,1,5
29,3,13,0,661.85,1,20
30,3,14,0,418.5,1,11
31,3,16,0,151.9,1,5
32,3,19,0,396.8,1,11
33,3,21,0,469.65,1,14
34,3,22,0,429.35,1,13
35,4,1,0,175.15,1,6
36,4,3,0,230.95,1,8
37,5,1,0,486.7,1,15
38,5,13,0,367.35,1,10
39,6,1,0,323.95,1,9
40,6,13,0,430.9,1,11
41,7,1,0,103.85,1,4
42,8,1,0,323.95,1,9
43,8,3,0,311.55,1,9
44,8,13,0,415.4,1,11
45,8,16,0,161.2,1,6
46,8,21,0,158.1,1,5
47,9,1,0,447.95,1,12
48,10,1,0,891.25,1,23
49,10,23,0,192.2,1,6
50,11,1,0,255.75,1,8
51,11,13,0,592.1,1,16
52,12,1,0,387.5,1,10
53,12,3,0,144.15,1,5
54,13,1,0,489.8,1,13
55,13,3,0,669.6,1,22
56,13,5,0,367.35,1,10
57,13,6,0,430.9,1,12
58,13,10,0,483.6,1,12
59,13,11,0,596.75,1,17
60,13,15,0,553.35,1,14
61,13,17,0,176.7,1,6
62,13,18,0,248,1,7
63,13,19,0,573.5,1,16
64,13,20,0,198.4,1,6
65,13,21,0,275.9,1,8
66,13,22,0,232.5,1,7
67,13,23,0,323.95,1,9
68,13,24,0,449.5,1,11
69,14,1,0,525.45,1,16
70,14,3,0,418.5,1,11
71,14,19,0,111.6,1,4
72,14,21,0,384.4,1,10
73,15,1,0,1002.85,1,24
74,15,13,0,553.35,1,16
75,15,18,0,350.3,1,10
76,15,21,0,747.1,1,20
77,15,23,0,412.3,1,11
78,16,1,0,252.65,1,8
79,16,3,0,151.9,1,5
80,16,8,0,161.2,1,6
81,16,13,0,581.25,1,17
82,16,21,0,305.35,1,9
83,17,1,0,544.05,1,14
84,17,13,0,176.7,1,6
85,17,18,0,127.1,1,5
86,17,21,0,292.95,1,8
87,18,1,0,666.5,1,17
88,18,10,0,308.45,1,10
89,18,13,0,248,1,7
90,18,15,0,350.3,1,10
91,18,17,0,127.1,1,5
92,18,19,0,719.2,1,19
93,18,21,0,421.6,1,11
94,18,22,0,421.6,1,13
95,18,23,0,116.25,1,4
96,18,24,0,237.15,1,7
97,19,1,0,503.75,1,13
98,19,3,0,396.8,1,11
99,19,8,0,240.25,1,7
100,19,14,0,111.6,1,4
101,19,21,0,297.6,1,8
102,20,1,0,358.05,1,10
103,20,13,0,198.4,1,6
104,20,23,0,522.35,1,15
105,21,1,0,409.2,1,11
106,21,3,0,458.8,1,13
107,21,8,0,158.1,1,5
108,21,13,0,275.9,1,8
109,21,14,0,384.4,1,10
110,21,15,0,829.25,1,22
111,21,17,0,292.95,1,8
112,21,18,0,420.05,1,13
113,21,19,0,297.6,1,8
114,21,23,0,440.2,1,11
115,22,1,0,266.6,1,8
116,22,3,0,429.35,1,12
117,22,13,0,232.5,1,7
118,23,1,0,699.05,1,17
119,23,10,0,192.2,1,6
120,23,13,0,323.95,1,9
121,23,15,0,412.3,1,11
122,23,17,0,153.45,1,5
123,23,18,0,116.25,1,4
124,23,21,0,446.4,1,13
125,23,24,0,305.35,1,9
126,24,1,0,903.65,1,24
127,24,13,0,449.5,1,11
128,24,18,0,237.15,1,7
129,24,23,0,305.35,1,9
130,0,2,0,161.2,1,6
131,0,3,0,353.4,1,10
132,0,4,0,285.2,1,9
133,0,5,0,474.3,1,13
134,0,6,0,246.45,1,8
135,0,8,0,427.8,1,12
136,0,9,0,379.75,1,11
137,0,10,0,931.55,1,25
138,0,11,0,158.1,1,5
139,0,12,0,401.45,1,11
140,0,14,0,632.4,1,17
141,0,15,0,1063.3,1,28
142,0,16,0,367.35,1,11
143,0,17,0,596.75,1,16
144,0,18,0,717.65,1,19
145,0,19,0,615.35,1,17
146,0,20,0,361.15,1,10
147,0,21,0,444.85,1,13
148,0,22,0,297.6,1,9
149,0,23,0,739.35,1,20
150,0,24,0,957.9,1,25
151,1,7,0,103.85,1,4
152,2,0,0,161.2,1,6
153,2,3,0,480.5,1,13
154,2,4,0,409.2,1,12
155,2,5,0,257.3,1,8
156,2,6,0,110.05,1,4
157,2,8,0,412.3,1,12
158,2,9,0,229.4,1,7
159,2,10,0,872.65,1,23
160,2,11,0,182.9,1,6
161,2,12,0,582.8,1,16
162,2,13,0,390.6,1,11
163,2,14,0,790.5,1,21
164,2,15,0,940.85,1,25
165,2,16,0,475.85,1,13
166,2,17,0,568.85,1,16
167,2,18,0,638.6,1,17
168,2,19,0,643.25,1,17
169,2,20,0,207.7,1,7
170,2,21,0,424.7,1,12
171,2,22,0,308.45,1,9
172,2,23,0,716.1,1,19
173,2,24,0,847.85,1,23
174,3,0,0,353.4,1,10
175,3,2,0,480.5,1,13
176,3,6,0,554.9,1,15
177,3,9,0,685.1,1,18
178,3,10,0,995.1,1,26
179,3,11,0,477.4,1,13
180,3,15,0,1224.5,1,32
181,3,17,0,764.15,1,20
182,3,18,0,833.9,1,22
183,3,20,0,620,1,17
184,3,23,0,888.15,1,23
185,3,24,0,1108.25,1,29
186,4,0,0,285.2,1,9
187,4,2,0,409.2,1,12
188,4,6,0,494.45,1,14
189,4,7,0,75.95,1,3
190,4,8,0,142.6,1,5
191,4,9,0,624.65,1,17
192,4,10,0,838.55,1,22
193,4,11,0,406.1,1,12
194,4,12,0,331.7,1,9
195,4,13,0,427.8,1,12
196,4,14,0,410.75,1,12
197,4,15,0,970.3,1,26
198,4,16,0,147.25,1,5
199,4,17,0,503.75,1,14
200,4,18,0,624.65,1,17
201,4,19,0,390.6,1,11
202,4,20,0,413.85,1,12
203,4,21,0,263.5,1,8
204,4,22,0,204.6,1,7
205,4,23,0,646.35,1,18
206,4,24,0,861.8,1,23
207,5,0,0,474.3,1,13
208,5,2,0,257.3,1,8
209,5,6,0,161.2,1,5
210,5,9,0,198.4,1,6
211,5,11,0,320.85,1,9
212,5,18,0,660.3,1,16
213,5,20,0,178.25,1,6
214,5,23,0,720.75,1,19
215,6,0,0,246.45,1,8
216,6,2,0,110.05,1,4
217,6,3,0,554.9,1,15
218,6,4,0,494.45,1,14
219,6,5,0,161.2,1,5
220,6,8,0,637.05,1,17
221,6,9,0,141.05,1,5
222,6,10,0,939.3,1,25
223,6,11,0,165.85,1,5
224,6,12,0,623.1,1,17
225,6,14,0,840.1,1,22
226,6,15,0,982.7,1,26
227,6,16,0,576.6,1,16
228,6,17,0,615.35,1,17
229,6,18,0,685.1,1,18
230,6,19,0,824.6,1,22
231,6,20,0,243.35,1,7
232,6,21,0,593.65,1,16
233,6,22,0,446.4,1,13
234,6,23,0,761.05,1,20
235,6,24,0,877.3,1,23
236,7,3,0,246.45,1,8
237,7,4,0,75.95,1,3
238,8,0,0,427.8,1,12
239,8,2,0,412.3,1,12
240,8,4,0,142.6,1,5
241,8,6,0,637.05,1,17
242,8,9,0,767.25,1,21
243,8,10,0,714.55,1,19
244,8,11,0,545.6,1,15
245,8,12,0,460.35,1,13
246,8,14,0,328.6,1,10
247,8,15,0,883.5,1,23
248,8,17,0,427.8,1,12
249,8,18,0,542.5,1,15
250,8,19,0,240.25,1,7
251,8,20,0,444.85,1,13
252,8,22,0,203.05,1,7
253,8,23,0,536.3,1,15
254,8,24,0,801.35,1,21
255,9,0,0,379.75,1,11
256,9,2,0,229.4,1,7
257,9,3,0,685.1,1,18
258,9,4,0,624.65,1,17
259,9,5,0,198.4,1,6
260,9,6,0,141.05,1,5
261,9,8,0,767.25,1,21
262,9,10,0,1069.5,1,28
263,9,11,0,297.6,1,8
264,9,12,0,753.3,1,20
265,9,13,0,469.65,1,12
266,9,14,0,652.55,1,18
267,9,15,0,1112.9,1,29
268,9,16,0,706.8,1,19
269,9,17,0,646.35,1,18
270,9,18,0,711.45,1,18
271,9,19,0,954.8,1,25
272,9,20,0,279,1,8
273,9,21,0,723.85,1,19
274,9,22,0,576.6,1,16
275,9,23,0,891.25,1,24
276,9,24,0,1019.9,1,27
277,10,0,0,931.55,1,25
278,10,2,0,872.65,1,23
279,10,3,0,995.1,1,26
280,10,4,0,838.55,1,22
281,10,6,0,939.3,1,25
282,10,8,0,714.55,1,19
283,10,9,0,1069.5,1,28
284,10,11,0,1133.05,1,30
285,10,12,0,1086.55,1,28
286,10,13,0,483.6,1,12
287,10,14,0,970.3,1,26
288,10,15,0,224.75,1,7
289,10,16,0,872.65,1,23
290,10,17,0,334.8,1,9
291,10,18,0,306.9,1,9
292,10,19,0,909.85,1,24
293,10,20,0,714.55,1,19
294,10,21,0,623.1,1,16
295,10,22,0,623.1,1,17
296,10,24,0,286.75,1,8
297,11,0,0,158.1,1,5
298,11,2,0,182.9,1,6
299,11,3,0,477.4,1,13
300,11,4,0,406.1,1,12
301,11,5,0,320.85,1,9
302,11,6,0,165.85,1,5
303,11,8,0,545.6,1,15
304,11,9,0,297.6,1,9
305,11,10,0,1133.05,1,30
306,11,12,0,523.9,1,14
307,11,14,0,770.35,1,21
308,11,15,0,1112.9,1,29
309,11,16,0,488.25,1,14
310,11,17,0,798.25,1,21
311,11,18,0,832.35,1,21
312,11,19,0,748.65,1,20
313,11,20,0,406.1,1,11
314,11,21,0,649.45,1,18
315,11,22,0,499.1,1,14
316,11,23,0,852.5,1,23
317,11,24,0,1021.45,1,27
318,12,0,0,401.45,1,11
319,12,2,0,582.8,1,16
320,12,4,0,331.7,1,10
321,12,6,0,623.1,1,17
322,12,8,0,460.35,1,13
323,12,9,0,753.3,1,20
324,12,10,0,1086.55,1,28
325,12,11,0,523.9,1,14
326,12,13,0,776.55,1,20
327,12,14,0,550.25,1,15
328,12,15,0,1233.8,1,32
329,12,16,0,296.05,1,9
330,12,17,0,776.55,1,21
331,12,18,0,1038.5,1,27
332,12,19,0,523.9,1,14
333,12,20,0,637.05,1,17
334,12,21,0,554.9,1,15
335,12,22,0,556.45,1,15
336,12,23,0,919.15,1,24
337,12,24,0,1137.7,1,30
338,13,2,0,390.6,1,11
339,13,4,0,427.8,1,12
340,13,8,0,415.4,1,11
341,13,9,0,469.65,1,12
342,13,14,0,655.65,1,17
343,13,16,0,530.1,1,14
344,14,0,0,632.4,1,17
345,14,2,0,790.5,1,21
346,14,4,0,410.75,1,12
347,14,6,0,840.1,1,22
348,14,8,0,328.6,1,10
349,14,9,0,652.55,1,18
350,14,10,0,970.3,1,26
351,14,11,0,770.35,1,21
352,14,12,0,550.25,1,15
353,14,13,0,655.65,1,17
354,14,15,0,1106.7,1,28
355,14,16,0,272.8,1,8
356,14,17,0,671.15,1,18
357,14,18,0,798.25,1,20
358,14,20,0,852.5,1,23
359,14,22,0,527,1,15
360,14,23,0,818.4,1,20
361,14,24,0,995.1,1,26
362,15,0,0,1063.3,1,28
363,15,2,0,940.85,1,25
364,15,3,0,1224.5,1,32
365,15,4,0,970.3,1,26
366,15,6,0,982.7,1,26
367,15,8,0,883.5,1,23
368,15,9,0,1112.9,1,29
369,15,10,0,224.75,1,7
370,15,11,0,1112.9,1,29
371,15,12,0,1233.8,1,32
372,15,14,0,1106.7,1,28
373,15,16,0,1027.65,1,27
374,15,17,0,454.15,1,12
375,15,19,0,1023,1,27
376,15,20,0,757.95,1,19
377,15,22,0,733.15,1,19
378,15,24,0,110.05,1,4
379,16,0,0,367.35,1,11
380,16,2,0,475.85,1,13
381,16,4,0,147.25,1,5
382,16,6,0,576.6,1,16
383,16,7,0,155,1,5
384,16,9,0,706.8,1,19
385,16,10,0,872.65,1,23
386,16,11,0,488.25,1,14
387,16,12,0,296.05,1,8
388,16,14,0,272.8,1,8
389,16,15,0,1027.65,1,27
390,16,17,0,570.4,1,16
391,16,18,0,686.65,1,19
392,16,19,0,251.1,1,7
393,16,20,0,525.45,1,15
394,16,22,0,302.25,1,9
395,16,23,0,692.85,1,19
396,16,24,0,951.7,1,25
397,17,0,0,596.75,1,16
398,17,2,0,568.85,1,16
399,17,3,0,764.15,1,20
400,17,4,0,503.75,1,14
401,17,5,0,530.1,1,14
402,17,6,0,615.35,1,17
403,17,8,0,427.8,1,12
404,17,9,0,649.45,1,18
405,17,10,0,334.8,1,10
406,17,11,0,798.25,1,21
407,17,12,0,776.55,1,21
408,17,14,0,671.15,1,17
409,17,15,0,454.15,1,12
410,17,16,0,570.4,1,16
411,17,19,0,581.25,1,16
412,17,20,0,373.55,1,10
413,17,22,0,294.5,1,8
414,17,23,0,153.45,1,5
415,17,24,0,362.7,1,10
416,18,0,0,719.2,1,19
417,18,2,0,638.6,1,17
418,18,3,0,833.9,1,22
419,18,4,0,624.65,1,17
420,18,5,0,660.3,1,16
421,18,6,0,685.1,1,18
422,18,8,0,542.5,1,15
423,18,9,0,711.45,1,18
424,18,11,0,832.35,1,21
425,18,12,0,1038.5,1,27
426,18,14,0,798.25,1,21
427,18,16,0,686.65,1,19
428,18,20,0,438.65,1,12
429,19,0,0,615.35,1,17
430,19,2,0,643.25,1,17
431,19,4,0,390.6,1,11
432,19,6,0,824.6,1,22
433,19,9,0,954.8,1,25
434,19,10,0,909.85,1,24
435,19,11,0,748.65,1,20
436,19,12,0,523.9,1,14
437,19,13,0,565.75,1,14
438,19,15,0,1023,1,27
439,19,16,0,251.1,1,7
440,19,17,0,581.25,1,16
441,19,18,0,709.9,1,18
442,19,20,0,764.15,1,20
443,19,22,0,437.1,1,12
444,19,23,0,728.5,1,18
445,19,24,0,942.4,1,25
446,20,0,0,361.15,1,10
447,20,2,0,207.7,1,7
448,20,3,0,620,1,17
449,20,4,0,413.85,1,12
450,20,5,0,178.25,1,6
451,20,6,0,243.35,1,7
452,20,8,0,444.85,1,13
453,20,9,0,279,1,8
454,20,10,0,714.55,1,19
455,20,11,0,406.1,1,11
456,20,12,0,637.05,1,17
457,20,14,0,878.85,1,23
458,20,15,0,757.95,1,19
459,20,16,0,525.45,1,15
460,20,17,0,373.55,1,11
461,20,18,0,438.65,1,12
462,20,19,0,764.15,1,20
463,20,21,0,466.55,1,13
464,20,22,0,272.8,1,8
465,20,24,0,641.7,1,17
466,21,0,0,444.85,1,13
467,21,2,0,424.7,1,12
468,21,4,0,263.5,1,8
469,21,6,0,593.65,1,16
470,21,9,0,723.85,1,19
471,21,10,0,623.1,1,16
472,21,11,0,646.35,1,18
473,21,12,0,554.9,1,15
474,21,16,0,305.35,1,9
475,21,20,0,466.55,1,13
476,21,22,0,142.6,1,5
477,21,24,0,651,1,18
478,22,0,0,297.6,1,9
479,22,2,0,308.45,1,10
480,22,4,0,204.6,1,7
481,22,6,0,446.4,1,13
482,22,8,0,203.05,1,6
483,22,9,0,576.6,1,16
484,22,10,0,623.1,1,17
485,22,11,0,499.1,1,14
486,22,12,0,556.45,1,15
487,22,14,0,527,1,15
488,22,15,0,733.15,1,19
489,22,16,0,302.25,1,9
490,22,17,0,294.5,1,8
491,22,18,0,404.55,1,10
492,22,19,0,437.1,1,12
493,22,20,0,272.8,1,9
494,22,21,0,142.6,1,5
495,22,23,0,432.45,1,11
496,22,24,0,643.25,1,17
497,23,0,0,739.35,1,20
498,23,2,0,716.1,1,19
499,23,3,0,888.15,1,23
500,23,4,0,646.35,1,18
501,23,6,0,761.05,1,20
502,23,8,0,536.3,1,15
503,23,9,0,891.25,1,24
504,23,11,0,852.5,1,23
505,23,12,0,919.15,1,24
506,23,14,0,818.4,1,20
507,23,16,0,692.85,1,19
508,23,19,0,728.5,1,18
509,23,20,0,522.35,1,14
510,23,22,0,432.45,1,11
511,24,0,0,957.9,1,25
512,24,2,0,847.85,1,23
513,24,3,0,1108.25,1,29
514,24,4,0,861.8,1,23
515,24,6,0,877.3,1,23
516,24,8,0,801.35,1,21
517,24,9,0,1019.9,1,27
518,24,10,0,286.75,1,8
519,24,11,0,1021.45,1,27
520,24,12,0,1137.7,1,30
521,24,14,0,995.1,1,26
522,24,15,0,110.05,1,4
523,24,16,0,951.7,1,25
524,24,17,0,362.7,1,10
525,24,19,0,942.4,1,25
526,24,20,0,641.7,1,17
527,24,21,0,651,1,16
528,24,22,0,643.25,1,17
PATHS,600
Index,Shipment origin,Shipment destination,1st terminal on path,2nd terminal on path,.....,6th terminal on path
0,0,1,0,1
1,0,2,0,1,2
2,0,3,0,1,3
3,0,4,0,1,4
4,0,5,0,1,5
5,0,6,0,1,6
6,0,7,0,1,7
7,0,8,0,1,8
8,0,9,0,1,9
9,0,10,0,1,10
10,0,11,0,1,11
11,0,12,0,1,12
12,0,13,0,1,13
13,0,14,0,1,14
14,0,15,0,1,15
15,0,16,0,1,16
16,0,17,0,1,17
17,0,18,0,1,18
18,0,19,0,1,19
19,0,20,0,1,20
20,0,21,0,1,21
21,0,22,0,1,22
22,0,23,0,1,23
23,0,24,0,1,24
24,1,0,1,0
25,1,2,1,2
26,1,3,1,3
27,1,4,1,4
28,1,5,1,5
29,1,6,1,6
30,1,7,1,7
31,1,8,1,8
32,1,9,1,9
33,1,10,1,10
34,1,11,1,11
35,1,12,1,12
36,1,13,1,13
37,1,14,1,14
38,1,15,1,15
39,1,16,1,16
40,1,17,1,17
41,1,18,1,18
42,1,19,1,19
43,1,20,1,20
44,1,21,1,21
45,1,22,1,22
46,1,23,1,23
47,1,24,1,24
48,2,0,2,1,0
49,2,1,2,1
50,2,3,2,1,3
51,2,4,2,1,4
52,2,5,2,1,5
53,2,6,2,1,6
54,2,8,2,1,8
55,2,7,2,1,7
56,2,9,2,1,9
57,2,10,2,1,10
58,2,11,2,1,11
59,2,12,2,1,12
60,2,13,2,1,13
61,2,14,2,1,14
62,2,15,2,1,15
63,2,16,2,1,16
64,2,17,2,1,17
65,2,18,2,1,18
66,2,19,2,1,19
67,2,20,2,1,20
68,2,21,2,1,21
69,2,22,2,1,22
70,2,23,2,1,23
71,2,24,2,1,24
72,3,0,3,1,0
73,3,1,3,1
74,3,2,3,1,2
75,3,4,3,4
76,3,5,3,1,5
77,3,6,3,1,6
78,3,7,3,1,7
79,3,8,3,8
80,3,9,3,1,9
81,3,10,3,13,10
82,3,11,3,1,11
83,3,12,3,12
84,3,13,3,13
85,3,14,3,14
86,3,15,3,13,15
87,3,16,3,16
88,3,17,3,13,17
89,3,18,3,13,18
90,3,19,3,19
91,3,20,3,1,20
92,3,21,3,21
93,3,22,3,22
94,3,23,3,21,23
95,3,24,3,13,24
96,4,0,4,1,0
97,4,1,4,1
98,4,2,4,1,2
99,4,3,4,3
100,4,5,4,1,5
101,4,6,4,1,6
102,4,7,4,1,7
103,4,8,4,1,8
104,4,9,4,1,9
105,4,10,4,1,10
106,4,11,4,1,11
107,4,12,4,3,12
108,4,13,4,1,13
109,4,14,4,3,14
110,4,15,4,1,15
111,4,16,4,3,16
112,4,17,4,1,17
113,4,18,4,1,18
114,4,19,4,3,19
115,4,20,4,1,20
116,4,21,4,1,21
117,4,22,4,1,22
118,4,23,4,1,23
119,4,24,4,1,24
120,5,0,5,1,0
121,5,1,5,1
122,5,2,5,1,2
123,5,3,5,1,3
124,5,4,5,1,4
125,5,6,5,1,6
126,5,7,5,1,7
127,5,8,5,1,8
128,5,9,5,1,9
129,5,10,5,13,10
130,5,11,5,1,11
131,5,12,5,1,12
132,5,13,5,13
133,5,14,5,1,14
134,5,15,5,13,15
135,5,16,5,1,16
136,5,17,5,13,17
137,5,18,5,13,18
138,5,19,5,13,21,19
139,5,20,5,13,20
140,5,21,5,13,21
141,5,22,5,1,22
142,5,23,5,13,23
143,5,24,5,13,24
144,6,0,6,1,0
145,6,1,6,1
146,6,2,6,1,2
147,6,3,6,1,3
148,6,4,6,1,4
149,6,5,6,1,5
150,6,7,6,1,7
151,6,8,6,1,8
152,6,9,6,1,9
153,6,10,6,1,10
154,6,11,6,1,11
155,6,12,6,1,12
156,6,13,6,1,13
157,6,14,6,1,14
158,6,15,6,1,15
159,6,16,6,1,16
160,6,17,6,1,17
161,6,18,6,1,18
162,6,19,6,1,19
163,6,20,6,1,20
164,6,21,6,1,21
165,6,22,6,1,22
166,6,23,6,1,23
167,6,24,6,1,24
168,7,0,7,1,0
169,7,1,7,1
170,7,2,7,1,2
171,7,3,7,3
172,7,4,7,4
173,7,5,7,1,5
174,7,6,7,3,6
175,7,8,7,3,8
176,7,9,7,1,9
177,7,10,7,1,9
178,7,11,7,3,11
179,7,12,7,4,12
180,7,13,7,4,13
181,7,14,7,4,14
182,7,15,7,4,15
183,7,16,7,4,16
184,7,17,7,1,17
185,7,18,7,1,18
186,7,19,7,1,19
187,7,20,7,1,20
188,7,21,7,1,21
189,7,22,7,1,22
190,7,23,7,1,23
191,7,24,7,1,24
192,8,0,8,1,0
193,8,1,8,1
194,8,2,8,1,2
195,8,3,8,3
196,8,4,8,1,4
197,8,5,8,1,5
198,8,6,8,1,6
199,8,7,8,1,7
200,8,9,8,1,9
201,8,10,8,21,23,10
202,8,11,8,1,11
203,8,12,8,3,12
204,8,13,8,21,13
205,8,14,8,21,14
206,8,15,8,21,13,15
207,8,16,8,3,16
208,8,17,8,21,17
209,8,18,8,21,18
210,8,19,8,21,19
211,8,20,8,1,20
212,8,21,8,21
213,8,22,8,1,22
214,8,23,8,21,23
215,8,24,8,21,13,24
216,9,0,9,1,0
217,9,1,9,1
218,9,2,9,1,2
219,9,3,9,1,3
220,9,4,9,1,4
221,9,5,9,1,5
222,9,6,9,1,6
223,9,7,9,1,7
224,9,8,9,1,8
225,9,10,9,1,10
226,9,11,9,1,11
227,9,12,9,1,12
228,9,13,9,1,13
229,9,14,9,1,14
230,9,15,9,1,15
231,9,16,9,1,16
232,9,17,9,1,17
233,9,18,9,1,18
234,9,19,9,1,19
235,9,20,9,1,20
236,9,21,9,1,21
237,9,22,9,1,22
238,9,23,9,1,23
239,9,24,9,1,24
240,10,0,10,1,0
241,10,1,10,1
242,10,2,10,1,2
243,10,3,10,1,3
244,10,4,10,1,4
245,10,5,10,23,13,5
246,10,6,10,23,13,6
247,10,7,10,1,7
248,10,8,10,23,21,8
249,10,9,10,1,9
250,10,11,10,1,11
251,10,12,10,1,12
252,10,13,10,23,13
253,10,14,10,23,21,14
254,10,15,10,23,15
255,10,16,10,1,16
256,10,17,10,23,17
257,10,18,10,23,18
258,10,19,10,23,21,19
259,10,20,10,23,13,20
260,10,21,10,23,21
261,10,22,10,23,22
262,10,23,10,23
263,10,24,10,23,24
264,11,0,11,1,0
265,11,1,11,1
266,11,2,11,1,2
267,11,3,11,1,3
268,11,4,11,1,4
269,11,5,11,1,5
270,11,6,11,1,6
271,11,7,11,1,7
272,11,8,11,1,8
273,11,9,11,1,9
274,11,10,11,13,10
275,11,12,11,1,12
276,11,13,11,13
277,11,14,11,1,14
278,11,15,11,13,15
279,11,16,11,1,16
280,11,17,11,13,17
281,11,18,11,13,18
282,11,19,11,1,19
283,11,20,11,1,20
284,11,21,11,1,21
285,11,22,11,1,22
286,11,23,11,13,23
287,11,24,11,13,24
288,12,0,12,1,0
289,12,1,12,1
290,12,2,12,1,2
291,12,3,12,3
292,12,4,12,3,4
293,12,5,12,1,5
294,12,6,12,1,6
295,12,7,12,1,7
296,12,8,12,3,8
297,12,9,12,1,9
298,12,10,12,1,10
299,12,11,12,1,11
300,12,13,12,3,13
301,12,14,12,3,14
302,12,15,12,1,15
303,12,16,12,3,16
304,12,17,12,1,17
305,12,18,12,1,18
306,12,19,12,3,19
307,12,20,12,1,20
308,12,21,12,3,21
309,12,22,12,3,22
310,12,23,12,1,23
311,12,24,12,1,24
312,13,0,13,1,0
313,13,1,13,1
314,13,2,13,1,2
315,13,3,13,3
316,13,4,13,4
317,13,5,13,5
318,13,6,13,6
319,13,7,13,1,7
320,13,8,13,21,8
321,13,9,13,1,9
322,13,10,13,10
323,13,11,13,11
324,13,12,13,3,12
325,13,14,13,21,14
326,13,15,13,15
327,13,16,13,1,16
328,13,17,13,17
329,13,18,13,18
330,13,19,13,21,19
331,13,20,13,20
332,13,21,13,21
333,13,22,13,22
334,13,23,13,23
335,13,24,13,24
336,14,0,14,1,0
337,14,1,14,1
338,14,2,14,1,2
339,14,3,14,3
340,14,4,14,3,4
341,14,5,14,1,5
342,14,6,14,1,6
343,14,7,14,1,7
344,14,8,14,3,8
345,14,9,14,1,9
346,14,10,14,21,23,10
347,14,11,14,1,11
348,14,12,14,3,12
349,14,13,14,21,13
350,14,15,14,21,13,15
351,14,16,14,3,16
352,14,17,14,21,17
353,14,18,14,21,18
354,14,19,14,1,19
355,14,20,14,1,20
356,14,21,14,21
357,14,22,14,1,22
358,14,23,14,21,23
359,14,24,14,21,13,24
360,15,0,15,1,0
361,15,1,15,1
362,15,2,15,1,2
363,15,3,15,13,3
364,15,4,15,1,4
365,15,5,15,13,5
366,15,6,15,13,6
367,15,7,15,1,7
368,15,8,15,21,8
369,15,9,15,1,9
370,15,10,15,10
371,15,11,15,1,11
372,15,12,15,1,12
373,15,13,15,13
374,15,14,15,21,14
375,15,16,15,1,16
376,15,17,15,17
377,15,18,15,18
378,15,19,15,21,19
379,15,20,15,13,20
380,15,21,15,21
381,15,22,15,13,22
382,15,23,15,23
383,15,24,15,24
384,16,0,16,1,0
385,16,1,16,1
386,16,2,16,1,2
387,16,3,16,3
388,16,4,16,3,4
389,16,5,16,1,5
390,16,6,16,1,6
391,16,7,16,1,7
392,16,8,16,3,8
393,16,9,16,1,9
394,16,10,16,13,10
395,16,11,16,1,11
396,16,12,16,3,12
397,16,13,16,13
398,16,14,16,3,14
399,16,15,16,13,15
400,16,17,16,13,17
401,16,18,16,13,18
402,16,19,16,3,19
403,16,20,16,1,20
404,16,21,16,21
405,16,22,16,3,22
406,16,23,16,13,23
407,16,24,16,13,24
408,17,0,17,1,0
409,17,1,17,1
410,17,2,17,1,2
411,17,3,17,13,3
412,17,4,17,1,4
413,17,5,17,13,5
414,17,6,17,13,6
415,17,7,17,1,7
416,17,8,17,21,8
417,17,9,17,1,9
418,17,10,17,13,10
419,17,11,17,1,11
420,17,12,17,1,12
421,17,13,17,13
422,17,14,17,21,14
423,17,15,17,13,15
424,17,16,17,1,16
425,17,18,17,18
426,17,19,17,21,19
427,17,20,17,13,20
428,17,21,17,21
429,17,22,17,13,22
430,17,23,17,13,23
431,17,24,17,13,24
432,18,0,18,1,0
433,18,1,18,1
434,18,2,18,1,2
435,18,3,18,13,3
436,18,4,18,1,4
437,18,5,18,13,5
438,18,6,18,13,6
439,18,7,18,1,7
440,18,8,18,21,8
441,18,9,18,13,1,9
442,18,10,18,10
443,18,11,18,1,11
444,18,12,18,1,12
445,18,13,18,13
446,18,14,18,21,14
447,18,15,18,15
448,18,16,18,1,16
449,18,17,18,17
450,18,19,18,21,19
451,18,20,18,13,20
452,18,21,18,21
453,18,22,18,13,22
454,18,23,18,23
455,18,24,18,24
456,19,0,19,1,0
457,19,1,19,1
458,19,2,19,1,2
459,19,3,19,3
460,19,4,19,3,4
461,19,5,19,1,5
462,19,6,19,1,6
463,19,7,19,1,7
464,19,8,19,21,8
465,19,9,19,1,9
466,19,10,19,1,10
467,19,11,19,1,11
468,19,12,19,3,12
469,19,13,19,21,13
470,19,14,19,1,14
471,19,15,19,21,13,15
472,19,16,19,3,16
473,19,17,19,21,17
474,19,18,19,21,18
475,19,20,19,1,20
476,19,21,19,21
477,19,22,19,1,22
478,19,23,19,21,23
479,19,24,19,21,13,24
480,20,0,20,1,0
481,20,1,20,1
482,20,2,20,1,2
483,20,3,20,1,3
484,20,4,20,1,4
485,20,5,20,1,5
486,20,6,20,1,6
487,20,7,20,1,7
488,20,8,20,1,8
489,20,9,20,1,9
490,20,10,20,13,10
491,20,11,20,1,11
492,20,12,20,1,12
493,20,13,20,13
494,20,14,20,1,14
495,20,15,20,13,15
496,20,16,20,1,16
497,20,17,20,13,17
498,20,18,20,13,18
499,20,19,20,1,19
500,20,21,20,1,21
501,20,22,20,13,22
502,20,23,20,13,23
503,20,24,20,13,24
504,21,0,21,1,0
505,21,1,21,1
506,21,2,21,1,2
507,21,3,21,3
508,21,4,21,1,4
509,21,5,21,13,5
510,21,6,21,13,6
511,21,7,21,1,7
512,21,8,21,8
513,21,9,21,1,9
514,21,10,21,23,10
515,21,11,21,1,11
516,21,12,21,3,12
517,21,13,21,13
518,21,14,21,14
519,21,15,21,13,15
520,21,16,21,3,16
521,21,17,21,17
522,21,18,21,18
523,21,19,21,19
524,21,20,21,1,20
525,21,22,21,1,22
526,21,23,21,23
527,21,24,21,13,24
528,22,0,22,1,0
529,22,1,22,1
530,22,2,22,1,2
531,22,3,22,3
532,22,4,22,1,4
533,22,5,22,13,5
534,22,6,22,1,6
535,22,7,22,1,7
536,22,8,22,1,8
537,22,9,22,1,9
538,22,10,22,13,10
539,22,11,22,1,11
540,22,12,22,3,12
541,22,13,22,13
542,22,14,22,1,14
543,22,15,22,13,15
544,22,16,22,1,16
545,22,17,22,13,17
546,22,18,22,13,18
547,22,19,22,1,19
548,22,20,22,13,20
549,22,21,22,1,21
550,22,23,22,13,23
551,22,24,22,13,24
552,23,0,23,1,0
553,23,1,23,1
554,23,2,23,1,2
555,23,3,23,1,3
556,23,4,23,1,4
557,23,5,23,13,5
558,23,6,23,13,6
559,23,7,23,1,7
560,23,8,23,21,8
561,23,9,23,1,9
562,23,10,23,10
563,23,11,23,1,11
564,23,12,23,1,12
565,23,13,23,13
566,23,14,23,21,14
567,23,15,23,15
568,23,16,23,1,16
569,23,17,23,17
570,23,18,23,18
571,23,19,23,21,19
572,23,20,23,13,20
573,23,21,23,21
574,23,22,23,22
575,23,24,23,24
576,24,0,24,1,0
577,24,1,24,1
578,24,2,24,1,2
579,24,3,24,13,3
580,24,4,24,1,4
581,24,5,24,13,5
582,24,6,24,13,6
583,24,7,24,1,7
584,24,8,24,18,21,8
585,24,9,24,13,1,9
586,24,10,24,23,10
587,24,11,24,13,11
588,24,12,24,1,12
589,24,13,24,13
590,24,14,24,18,21,14
591,24,15,24,15
592,24,16,24,1,16
593,24,17,24,13,17
594,24,18,24,18
595,24,19,24,18,21,19
596,24,20,24,13,20
597,24,21,24,18,21
598,24,22,24,13,22
599,24,23,24,23
COMMODITIES,550
Index,Origin,Destination,Demand/Size,Earliest available time,Latest delivery time
0,24,19,0.842913,182,280
1,5,23,0.761396,182,273
2,15,16,0.394438,40,144
3,13,3,0.09358,134,228
4,15,12,0.815734,86,192
5,16,23,0.08725,38,136
6,16,21,0.697339,138,219
7,1,10,0.991941,134,232
8,20,23,0.0998457,184,271
9,3,23,0.466855,184,281
10,15,5,0.434268,86,184
11,21,14,0.00878887,186,268
12,24,3,0.0150543,40,145
13,0,3,0.329563,134,219
14,13,1,0.392277,88,173
15,13,16,0.0873547,88,181
16,16,21,0.685325,90,171
17,16,19,0.643668,88,176
18,3,20,0.0322175,90,180
19,19,12,0.0395184,86,174
20,21,23,0.328917,136,219
21,23,2,0.0844834,88,184
22,4,14,0.436549,136,227
23,2,19,0.321323,40,132
24,18,16,0.497475,86,183
25,0,15,0.428226,88,189
26,19,16,0.101148,182,270
27,24,0,0.0463139,90,191
28,20,13,0.868218,90,168
29,15,0,0.415065,182,283
30,1,13,0.110501,186,272
31,1,11,0.547395,86,166
32,22,2,0.691139,182,269
33,21,15,0.0720165,136,230
34,19,11,0.733342,182,275
35,20,18,0.27707,86,171
36,14,8,0.314111,38,130
37,8,3,0.460701,86,167
38,22,12,0.445267,90,179
39,13,21,0.547653,38,118
40,13,15,0.814538,90,176
41,18,14,0.305998,88,181
42,11,4,0.10617,134,220
43,4,11,0.251823,136,222
44,1,3,0.515367,38,118
45,17,24,0.687343,42,131
46,19,23,0.65079,88,179
47,23,9,0.660813,138,239
48,3,14,0.0991608,186,269
49,1,4,0.429712,88,166
50,9,1,0.407006,136,220
51,21,24,0.262888,38,129
52,14,10,0.169201,38,137
53,19,24,0.484403,136,235
54,0,21,0.476761,136,224
55,20,1,0.265987,38,120
56,20,22,0.259385,86,171
57,0,6,0.127326,90,176
58,14,10,0.177228,90,189
59,2,15,0.406275,182,285
60,21,24,0.271039,88,179
61,0,5,0.20805,38,130
62,9,3,0.49022,40,132
63,19,15,0.551114,138,240
64,1,10,0.822899,184,282
65,3,18,0.535898,86,185
66,11,14,0.430382,138,234
67,19,8,0.39879,90,175
68,13,22,0.943379,138,217
69,24,14,0.163306,88,188
70,16,22,0.383857,86,176
71,10,3,0.0560564,86,189
72,0,9,0.132365,86,175
73,2,1,0.465432,88,167
74,16,15,0.583235,86,189
75,10,23,0.611965,90,168
76,5,13,0.33593,86,168
77,1,5,0.0631795,42,129
78,15,17,0.0413415,134,218
79,24,20,0.169702,138,227
80,10,4,0.0141442,182,283
81,10,22,0.0662614,90,179
82,12,13,0.197545,182,279
83,8,16,0.0112781,134,220
84,18,1,0.431117,134,223
85,8,15,0.0462461,90,189
86,14,4,0.220568,184,275
87,16,5,0.169711,184,279
88,2,15,0.332101,86,189
89,18,17,0.930067,136,213
90,12,23,0.0732074,42,142
91,10,5,0.0271277,90,187
92,0,4,0.0377857,40,123
93,3,20,0.0967703,40,130
94,15,12,0.862965,88,194
95,20,16,0.0133093,90,180
96,4,0,0.143311,38,121
97,23,0,0.698504,40,134
98,24,13,0.0108982,42,125
99,2,3,0.31687,40,127
100,0,4,0.0369794,88,171
101,13,21,0.380337,88,168
102,8,3,0.415019,186,267
103,13,19,0.605981,186,274
104,1,19,0.77336,134,219
105,23,16,0.203949,90,187
106,13,3,0.0611934,86,180
107,24,1,0.442371,38,134
108,10,1,0.360677,86,181
109,10,4,0.0148346,186,287
110,16,14,0.932803,186,274
111,6,1,0.544099,40,121
112,12,1,0.697938,38,120
113,17,18,0.387078,86,163
114,21,17,0.38759,186,266
115,14,11,0.704838,138,234
116,3,6,0.990106,38,127
117,17,22,0.135528,90,175
118,11,3,0.673565,138,226
119,23,9,0.487303,38,139
120,3,19,0.414086,88,171
121,13,22,0.917614,40,119
122,10,17,0.183062,134,217
123,15,24,0.629364,38,114
124,9,1,0.193188,138,222
125,1,6,0.434119,186,267
126,14,8,0.442733,88,180
127,18,21,0.0472661,136,219
128,15,0,0.451571,42,143
129,9,16,0.855208,40,132
130,22,23,0.566426,42,130
131,13,2,0.327558,184,276
132,15,21,0.153335,182,274
133,0,3,0.355821,138,223
134,17,24,0.607296,134,223
135,23,0,0.65357,42,136
136,21,9,0.224696,186,281
137,17,16,0.0695637,38,132
138,2,23,0.105356,42,139
139,12,16,0.674012,86,168
140,19,4,0.0614147,88,179
141,14,4,0.21825,138,229
142,8,16,0.0109234,186,272
143,5,20,0.293564,134,222
144,10,18,0.574578,86,168
145,19,4,0.0616907,38,129
146,2,22,0.1998,40,127
147,2,8,0.468004,136,224
148,24,14,0.148194,182,282
149,4,0,0.1319,90,173
150,19,20,0.305592,42,137
151,24,5,0.0352959,138,231
152,21,14,0.00852217,42,124
153,15,22,0.643445,86,181
154,1,23,0.199732,38,128
155,14,1,0.981132,182,270
156,22,16,0.121882,138,226
157,8,13,0.291438,38,123
158,16,4,0.887026,38,123
159,17,23,0.708574,40,127
160,22,21,0.500511,40,131
161,12,13,0.171984,186,283
162,0,18,0.788896,38,133
163,11,17,0.341962,136,230
164,12,19,0.0412371,184,272
165,20,0,0.0644377,86,173
166,14,2,0.096992,40,135
167,4,13,0.351008,182,274
168,3,16,0.394918,42,119
169,11,10,0.271477,90,190
170,11,14,0.453561,134,230
171,11,4,0.22174,182,268
172,20,0,0.0615648,182,269
173,5,19,0.122933,136,234
174,20,3,0.382356,134,224
175,14,21,0.798578,40,122
176,11,4,0.116426,42,128
177,17,19,0.658274,134,222
178,11,13,0.642619,184,272
179,0,15,0.507116,42,143
180,17,22,0.151246,134,219
181,5,12,0.015444,40,137
182,15,20,0.0407446,88,182
183,23,10,0.417063,138,216
184,15,12,0.790008,38,144
185,20,14,0.345831,38,136
186,0,17,0.216235,38,131
187,2,22,0.196419,86,173
188,13,16,0.0807233,182,275
189,24,8,0.0590791,186,281
190,20,2,0.237486,184,273
191,24,21,0.101905,184,274
192,22,19,0.119336,40,133
193,11,4,0.130701,86,172
194,22,9,0.177073,134,226
195,18,21,0.456979,184,267
196,3,13,0.232459,134,226
197,8,5,0.0408282,182,278
198,22,13,0.794096,134,213
199,11,17,0.352414,182,276
200,19,12,0.0435221,38,126
201,22,18,0.827638,38,124
202,11,24,0.00663317,88,187
203,0,15,0.479855,40,141
204,3,23,0.382067,38,135
205,5,12,0.0172331,86,183
206,16,23,0.0791652,86,184
207,8,17,0.355374,86,171
208,11,1,0.912007,182,262
209,18,2,0.420885,182,278
210,11,22,0.898997,86,174
211,23,5,0.89702,138,229
212,0,1,0.470782,38,115
213,18,21,0.982079,186,269
214,20,19,0.493963,184,279
215,6,1,0.169261,136,217
216,22,13,0.716991,184,263
217,0,8,0.35581,88,174
218,13,14,0.2422,40,130
219,6,22,0.0291277,88,177
220,23,0,0.610348,86,180
221,24,19,0.883026,40,138
222,8,14,0.0189871,134,221
223,22,19,0.128605,136,229
224,12,17,0.00657339,88,186
225,17,2,0.0383723,90,183
226,20,14,0.350609,186,284
227,24,5,0.0412153,88,181
228,15,24,0.78907,90,166
229,11,4,0.0402003,184,270
230,22,3,0.0954039,184,268
231,15,4,0.204203,42,144
232,5,15,0.426108,134,230
233,22,13,0.833121,182,261
234,14,8,0.440551,138,230
235,15,10,0.727154,138,217
236,20,17,0.41562,86,170
237,5,1,0.708271,86,173
238,0,8,0.367068,90,176
239,6,3,0.255466,138,227
240,6,17,0.0532662,42,139
241,14,8,0.291041,86,178
242,14,9,0.578637,186,286
243,13,14,0.206951,136,226
244,24,21,0.112405,134,224
245,11,22,0.898121,138,226
246,14,12,0.163169,86,174
247,24,12,0.0380016,88,194
248,18,0,0.240108,136,230
249,20,13,0.385155,134,212
250,19,16,0.117313,138,226
251,14,2,0.0940116,184,279
252,13,6,0.818673,42,126
253,21,24,0.268229,134,225
254,3,9,0.7284,88,180
255,16,23,0.0744719,184,282
256,3,11,0.528653,184,272
257,20,8,0.23476,40,131
258,15,8,0.177831,136,233
259,22,3,0.155835,90,174
260,12,18,0.124944,86,186
261,24,6,0.415661,138,233
262,17,22,0.150975,38,123
263,14,1,0.539049,136,224
264,16,8,0.712693,42,128
265,22,15,0.114302,138,231
266,3,6,0.272878,136,225
267,20,8,0.251731,86,177
268,12,9,0.224056,90,184
269,12,1,0.292898,184,266
270,20,22,0.249253,138,223
271,1,2,0.735902,40,119
272,3,19,0.347797,184,267
273,11,17,0.32909,42,136
274,4,15,0.247934,138,240
275,15,4,0.207961,184,286
276,11,12,0.270016,90,180
277,18,16,0.470117,136,233
278,13,1,0.234669,136,221
279,10,8,0.30323,136,232
280,0,22,0.265025,134,219
281,23,15,0.0100245,40,123
282,8,1,0.662898,182,263
283,18,17,0.880441,40,117
284,23,10,0.507732,40,118
285,10,18,0.586639,138,220
286,0,9,0.151539,182,271
287,23,10,0.0687792,134,212
288,2,13,0.118106,184,277
289,16,13,0.972276,138,227
290,16,8,0.98002,90,176
291,2,15,0.304011,90,193
292,5,18,0.590952,136,225
293,14,0,0.755996,40,133
294,17,8,0.174354,182,267
295,21,17,0.403599,136,216
296,24,21,0.101243,86,176
297,23,21,0.759702,138,223
298,0,3,0.30763,136,221
299,22,23,0.529211,40,128
300,1,5,0.470687,138,225
301,23,0,0.657167,90,184
302,3,13,0.186355,186,278
303,8,2,0.0329174,38,126
304,15,22,0.620178,134,229
305,10,22,0.0645875,184,273
306,11,15,0.877373,136,238
307,20,16,0.0140769,40,130
308,10,21,0.047763,90,181
309,12,13,0.197543,42,139
310,23,9,0.618237,42,143
311,8,4,0.00901718,186,273
312,11,16,0.369657,184,272
313,15,21,0.195476,88,180
314,20,22,0.241442,42,127
315,23,2,0.0899219,38,134
316,0,9,0.146904,88,177
317,15,22,0.674844,42,137
318,14,10,0.192212,186,285
319,22,24,0.42896,138,228
320,2,12,0.0525506,186,275
321,24,8,0.0593353,38,133
322,15,5,0.4946,88,186
323,19,17,0.259574,182,270
324,21,18,0.217993,90,175
325,19,13,0.505316,38,126
326,0,4,0.0325566,136,219
327,2,1,0.762528,182,261
328,21,11,0.04997,90,181
329,8,14,0.0186917,186,273
330,15,10,0.597808,88,167
331,0,5,0.205962,138,230
332,14,24,0.0393105,182,283
333,17,14,0.00788597,42,132
334,16,3,0.314065,184,261
335,18,11,0.999108,184,281
336,19,20,0.339562,86,181
337,22,17,0.291725,134,219
338,14,0,0.710334,88,181
339,3,12,0.0573843,182,259
340,18,8,0.457913,184,272
341,24,14,0.170909,42,142
342,3,18,0.464447,138,237
343,8,17,0.387684,88,173
344,19,23,0.889168,86,177
345,23,16,0.219116,184,281
346,20,4,0.00795463,86,174
347,11,14,0.428962,90,186
348,20,8,0.255895,186,277
349,23,16,0.204107,40,137
350,19,15,0.481214,90,192
351,1,14,0.75153,134,222
352,24,14,0.161162,38,138
353,17,16,0.0654253,86,180
354,11,16,0.35341,186,274
355,3,11,0.39859,38,126
356,0,2,0.0956645,182,266
357,6,18,0.0295854,134,233
358,1,3,0.647662,86,166
359,17,14,0.00763758,40,130
360,21,24,0.284048,90,181
361,0,22,0.245964,38,123
362,9,1,0.709399,42,126
363,20,14,0.356603,90,188
364,16,5,0.16557,136,231
365,21,8,0.520339,90,167
366,13,8,0.935575,136,221
367,1,24,0.136825,182,278
368,14,2,0.0851836,90,185
369,0,18,0.822035,184,279
370,16,4,0.745137,86,171
371,2,8,0.467052,42,130
372,13,19,0.652898,184,272
373,10,23,0.789776,138,216
374,11,15,0.872949,134,236
375,1,3,0.842012,88,168
376,12,19,0.0471652,136,224
377,0,22,0.242156,86,171
378,0,23,0.0142452,40,135
379,13,2,0.300762,38,130
380,17,0,0.00900956,186,277
381,16,18,0.16993,86,182
382,18,15,0.660018,88,170
383,16,4,0.822273,138,223
384,18,17,0.0512767,90,167
385,10,13,0.683018,86,173
386,20,17,0.406834,184,268
387,12,1,0.331433,90,172
388,10,4,0.0153053,38,139
389,21,13,0.912422,182,262
390,4,17,0.00552405,42,136
391,24,6,0.359522,88,183
392,16,10,0.0291676,88,189
393,15,1,0.404651,182,278
394,13,24,0.566715,184,267
395,1,4,0.445308,186,264
396,15,14,0.332838,182,284
397,20,3,0.383922,186,276
398,12,6,0.136616,90,181
399,16,10,0.0307629,136,237
400,1,19,0.425303,90,175
401,19,16,0.11377,42,130
402,15,17,0.569424,40,124
403,12,11,0.193237,186,276
404,16,20,0.227017,134,224
405,20,15,0.476193,42,134
406,21,17,0.415557,88,168
407,24,17,0.780175,186,275
408,19,9,0.183204,88,185
409,18,8,0.656926,182,270
410,20,10,0.423776,186,276
411,22,9,0.173013,184,276
412,14,2,0.0949477,88,183
413,8,1,0.0646051,88,169
414,12,23,0.077055,184,284
415,23,9,0.557648,88,189
416,10,18,0.419262,134,216
417,24,10,0.0543498,182,269
418,8,19,0.0876318,138,223
419,10,22,0.0625129,134,223
420,19,12,0.0423521,42,130
421,21,18,0.223696,38,123
422,15,10,0.439749,134,213
423,18,4,0.71599,136,231
424,19,20,0.323533,184,279
425,16,1,0.199277,42,122
426,3,14,0.685094,182,265
427,22,12,0.504002,138,227
428,5,1,0.330219,186,273
429,15,14,0.376517,90,192
430,13,2,0.268766,86,178
431,24,11,0.709415,134,234
432,4,13,0.335858,136,228
433,10,9,0.338623,138,245
434,21,15,0.0742069,138,232
435,11,4,0.208829,138,224
436,12,11,0.182768,184,274
437,18,16,0.530659,186,283
438,22,21,0.44056,38,129
439,8,9,0.278769,42,135
440,13,11,0.0683455,182,271
441,8,12,0.221193,134,220
442,12,18,0.124462,136,236
443,2,19,0.281907,86,178
444,24,20,0.153826,38,127
445,19,8,0.472045,184,269
446,0,2,0.0941652,134,218
447,15,13,0.729155,186,274
448,0,6,0.111718,182,268
449,17,15,0.216124,182,274
450,14,3,0.255046,186,269
451,15,20,0.00963949,134,228
452,20,16,0.0147267,42,132
453,1,8,0.996022,182,263
454,8,17,0.425344,38,123
455,19,3,0.925179,186,269
456,3,22,0.854871,184,269
457,24,6,0.395208,38,133
458,19,13,0.577441,186,274
459,20,8,0.277303,42,133
460,8,18,0.173765,90,180
461,15,3,0.379092,88,198
462,2,3,0.34301,134,221
463,22,16,0.119037,42,130
464,3,11,0.630652,186,274
465,18,19,0.542617,134,225
466,21,24,0.297502,86,177
467,12,11,0.207481,182,272
468,3,6,0.265287,90,179
469,20,2,0.223592,88,177
470,22,17,0.332919,40,125
471,17,11,0.111972,138,232
472,21,9,0.20025,182,277
473,5,18,0.520455,86,175
474,24,12,0.0444277,90,196
475,2,15,0.240042,138,241
476,14,12,0.189993,40,128
477,16,20,0.211399,184,274
478,22,19,0.129116,182,275
479,23,10,0.0961788,90,168
480,22,19,0.129411,38,131
481,13,14,0.0872591,182,272
482,11,24,0.174215,40,139
483,14,22,0.729965,40,136
484,3,11,0.534902,136,224
485,21,24,0.302469,182,273
486,19,24,0.446029,182,281
487,24,3,0.0154672,182,287
488,20,19,0.464951,182,277
489,1,11,0.202134,184,264
490,5,23,0.857424,184,275
491,16,11,0.759679,90,178
492,21,24,0.288944,138,229
493,18,21,0.994033,86,169
494,0,5,0.189284,184,276
495,16,4,0.862884,90,175
496,3,9,0.680988,40,132
497,4,24,0.322462,42,144
498,20,15,0.429817,182,274
499,6,3,0.234568,86,175
500,5,8,0.044585,136,232
501,1,15,0.830459,90,186
502,20,17,0.447683,90,174
503,19,13,0.487589,86,174
504,21,0,0.0955222,38,126
505,21,5,0.00454545,184,274
506,5,22,0.332377,136,231
507,20,2,0.223036,138,227
508,2,14,0.646874,88,183
509,18,20,0.800719,88,173
510,2,23,0.102561,184,281
511,10,11,0.041531,42,145
512,1,15,0.753632,88,184
513,20,15,0.445059,38,130
514,23,0,0.726634,88,182
515,5,17,0.403888,186,274
516,18,23,0.523375,182,258
517,24,8,0.0559909,86,181
518,5,8,0.0510716,184,280
519,15,20,0.0868613,182,276
520,0,24,0.555773,184,285
521,24,12,0.0381735,182,288
522,24,11,0.656567,184,284
523,4,18,0.38063,136,232
524,16,18,0.165744,136,232
525,2,3,0.343071,184,271
526,24,5,0.0343698,184,277
527,21,8,0.532361,38,115
528,21,12,0.0151104,90,180
529,1,15,0.219642,134,230
530,5,16,0.435102,90,185
531,10,23,0.59577,40,118
532,11,21,0.325597,38,129
533,18,13,0.593381,136,215
534,14,11,0.671907,182,278
535,17,9,0.349878,134,232
536,2,20,0.928393,42,131
537,23,15,0.602392,184,267
538,10,21,0.0451375,186,277
539,15,19,0.552067,138,238
540,14,2,0.0818358,38,133
541,5,23,0.779549,42,133
542,21,17,0.386568,38,118
543,8,16,0.0108944,138,224
544,17,20,0.282713,42,126
545,4,18,0.374059,186,282
546,19,8,0.395738,38,123
547,17,2,0.0370898,86,179
548,11,24,0.0515527,42,141
549,21,8,0.466816,40,117
