NODES,25
INDEX,Name,X-coordinate,Y-coordinate
0,0,-,-
1,1,-,-
2,2,-,-
3,3,-,-
4,4,-,-
5,5,-,-
6,6,-,-
7,7,-,-
8,8,-,-
9,9,-,-
10,10,-,-
11,11,-,-
12,12,-,-
13,13,-,-
14,14,-,-
15,15,-,-
16,16,-,-
17,17,-,-
18,18,-,-
19,19,-,-
20,20,-,-
21,21,-,-
22,22,-,-
23,23,-,-
24,24,-,-
ARCS,529
Index,Origin,Destination,Variable Cost,Fixed Cost,Capacity,Travel time
0,0,1,0,117.8,1,5
1,1,0,0,117.8,1,5
2,1,2,0,234.05,1,7
3,1,3,0,260.4,1,8
4,1,4,0,175.15,1,6
5,1,5,0,486.7,1,15
6,1,6,0,323.95,1,9
7,1,8,0,323.95,1,9
8,1,9,0,447.95,1,12
9,1,10,0,883.5,1,26
10,1,11,0,255.75,1,8
11,1,12,0,387.5,1,10
12,1,13,0,489.8,1,14
13,1,14,0,525.45,1,16
14,1,15,0,1002.85,1,24
15,1,16,0,252.65,1,8
16,1,17,0,545.6,1,16
17,1,18,0,680.45,1,18
18,1,19,0,503.75,1,13
19,1,20,0,358.05,1,10
20,1,21,0,409.2,1,11
21,1,22,0,266.6,1,8
22,1,23,0,699.05,1,18
23,1,24,0,903.65,1,24
24,2,1,0,234.05,1,7
25,3,1,0,260.4,1,8
26,3,4,0,230.95,1,8
27,3,8,0,311.55,1,9
28,3,12,0,144.15,1,5
29,3,13,0,661.85,1,20
30,3,14,0,418.5,1,11
31,3,16,0,151.9,1,5
32,3,19,0,396.8,1,11
33,3,21,0,469.65,1,14
34,3,22,0,429.35,1,13
35,4,1,0,175.15,1,6
36,4,3,0,230.95,1,8
37,5,1,0,486.7,1,15
38,5,13,0,367.35,1,10
39,6,1,0,323.95,1,9
40,6,13,0,430.9,1,11
41,7,1,0,103.85,1,4
42,8,1,0,323.95,1,9
43,8,3,0,311.55,1,9
44,8,13,0,415.4,1,11
45,8,16,0,161.2,1,6
46,8,21,0,158.1,1,5
47,9,1,0,447.95,1,12
48,10,1,0,891.25,1,23
49,10,23,0,192.2,1,6
50,11,1,0,255.75,1,8
51,11,13,0,592.1,1,16
52,12,1,0,387.5,1,10
53,12,3,0,144.15,1,5
54,13,1,0,489.8,1,13
55,13,3,0,669.6,1,22
56,13,5,0,367.35,1,10
57,13,6,0,430.9,1,12
58,13,10,0,483.6,1,12
59,13,11,0,596.75,1,17
60,13,15,0,553.35,1,14
61,13,17,0,176.7,1,6
62,13,18,0,248,1,7
63,13,19,0,573.5,1,16
64,13,20,0,198.4,1,6
65,13,21,0,275.9,1,8
66,13,22,0,232.5,1,7
67,13,23,0,323.95,1,9
68,13,24,0,449.5,1,11
69,14,1,0,525.45,1,16
70,14,3,0,418.5,1,11
71,14,19,0,111.6,1,4
72,14,21,0,384.4,1,10
73,15,1,0,1002.85,1,24
74,15,13,0,553.35,1,16
75,15,18,0,350.3,1,10
76,15,21,0,747.1,1,20
77,15,23,0,412.3,1,11
78,16,1,0,252.65,1,8
79,16,3,0,151.9,1,5
80,16,8,0,161.2,1,6
81,16,13,0,581.25,1,17
82,16,21,0,305.35,1,9
83,17,1,0,544.05,1,14
84,17,13,0,176.7,1,6
85,17,18,0,127.1,1,5
86,17,21,0,292.95,1,8
87,18,1,0,666.5,1,17
88,18,10,0,308.45,1,10
89,18,13,0,248,1,7
90,18,15,0,350.3,1,10
91,18,17,0,127.1,1,5
92,18,19,0,719.2,1,19
93,18,21,0,421.6,1,11
94,18,22,0,421.6,1,13
95,18,23,0,116.25,1,4
96,18,24,0,237.15,1,7
97,19,1,0,503.75,1,13
98,19,3,0,396.8,1,11
99,19,8,0,240.25,1,7
100,19,14,0,111.6,1,4
101,19,21,0,297.6,1,8
102,20,1,0,358.05,1,10
103,20,13,0,198.4,1,6
104,20,23,0,522.35,1,15
105,21,1,0,409.2,1,11
106,21,3,0,458.8,1,13
107,21,8,0,158.1,1,5
108,21,13,0,275.9,1,8
109,21,14,0,384.4,1,10
110,21,15,0,829.25,1,22
111,21,17,0,292.95,1,8
112,21,18,0,420.05,1,13
113,21,19,0,297.6,1,8
114,21,23,0,440.2,1,11
115,22,1,0,266.6,1,8
116,22,3,0,429.35,1,12
117,22,13,0,232.5,1,7
118,23,1,0,699.05,1,17
119,23,10,0,192.2,1,6
120,23,13,0,323.95,1,9
121,23,15,0,412.3,1,11
122,23,17,0,153.45,1,5
123,23,18,0,116.25,1,4
124,23,21,0,446.4,1,13
125,23,24,0,305.35,1,9
126,24,1,0,903.65,1,24
127,24,13,0,449.5,1,11
128,24,18,0,237.15,1,7
129,24,23,0,305.35,1,9
130,0,2,0,161.2,1,6
131,0,3,0,353.4,1,10
132,0,4,0,285.2,1,9
133,0,5,0,474.3,1,13
134,0,6,0,246.45,1,8
135,0,8,0,427.8,1,12
136,0,9,0,379.75,1,11
137,0,10,0,931.55,1,25
138,0,11,0,158.1,1,5
139,0,12,0,401.45,1,11
140,0,14,0,632.4,1,17
141,0,15,0,1063.3,1,28
142,0,16,0,367.35,1,11
143,0,17,0,596.75,1,16
144,0,18,0,717.65,1,19
145,0,19,0,615.35,1,17
146,0,20,0,361.15,1,10
147,0,21,0,444.85,1,13
148,0,22,0,297.6,1,9
149,0,23,0,739.35,1,20
150,0,24,0,957.9,1,25
151,1,7,0,103.85,1,4
152,2,0,0,161.2,1,6
153,2,3,0,480.5,1,13
154,2,4,0,409.2,1,12
155,2,5,0,257.3,1,8
156,2,6,0,110.05,1,4
157,2,8,0,412.3,1,12
158,2,9,0,229.4,1,7
159,2,10,0,872.65,1,23
160,2,11,0,182.9,1,6
161,2,12,0,582.8,1,16
162,2,13,0,390.6,1,11
163,2,14,0,790.5,1,21
164,2,15,0,940.85,1,25
165,2,16,0,475.85,1,13
166,2,17,0,568.85,1,16
167,2,18,0,638.6,1,17
168,2,19,0,643.25,1,17
169,2,20,0,207.7,1,7
170,2,21,0,424.7,1,12
171,2,22,0,308.45,1,9
172,2,23,0,716.1,1,19
173,2,24,0,847.85,1,23
174,3,0,0,353.4,1,10
175,3,2,0,480.5,1,13
176,3,6,0,554.9,1,15
177,3,9,0,685.1,1,18
178,3,10,0,995.1,1,26
179,3,11,0,477.4,1,13
180,3,15,0,1224.5,1,32
181,3,17,0,764.15,1,20
182,3,18,0,833.9,1,22
183,3,20,0,620,1,17
184,3,23,0,888.15,1,23
185,3,24,0,1108.25,1,29
186,4,0,0,285.2,1,9
187,4,2,0,409.2,1,12
188,4,6,0,494.45,1,14
189,4,7,0,75.95,1,3
190,4,8,0,142.6,1,5
191,4,9,0,624.65,1,17
192,4,10,0,838.55,1,22
193,4,11,0,406.1,1,12
194,4,12,0,331.7,1,9
195,4,13,0,427.8,1,12
196,4,14,0,410.75,1,12
197,4,15,0,970.3,1,26
198,4,16,0,147.25,1,5
199,4,17,0,503.75,1,14
200,4,18,0,624.65,1,17
201,4,19,0,390.6,1,11
202,4,20,0,413.85,1,12
203,4,21,0,263.5,1,8
204,4,22,0,204.6,1,7
205,4,23,0,646.35,1,18
206,4,24,0,861.8,1,23
207,5,0,0,474.3,1,13
208,5,2,0,257.3,1,8
209,5,6,0,161.2,1,5
210,5,9,0,198.4,1,6
211,5,11,0,320.85,1,9
212,5,18,0,660.3,1,16
213,5,20,0,178.25,1,6
214,5,23,0,720.75,1,19
215,6,0,0,246.45,1,8
216,6,2,0,110.05,1,4
217,6,3,0,554.9,1,15
218,6,4,0,494.45,1,14
219,6,5,0,161.2,1,5
220,6,8,0,637.05,1,17
221,6,9,0,141.05,1,5
222,6,10,0,939.3,1,25
223,6,11,0,165.85,1,5
224,6,12,0,623.1,1,17
225,6,14,0,840.1,1,22
226,6,15,0,982.7,1,26
227,6,16,0,576.6,1,16
228,6,17,0,615.35,1,17
229,6,18,0,685.1,1,18
230,6,19,0,824.6,1,22
231,6,20,0,243.35,1,7
232,6,21,0,593.65,1,16
233,6,22,0,446.4,1,13
234,6,23,0,761.05,1,20
235,6,24,0,877.3,1,23
236,7,3,0,246.45,1,8
237,7,4,0,75.95,1,3
238,8,0,0,427.8,1,12
239,8,2,0,412.3,1,12
240,8,4,0,142.6,1,5
241,8,6,0,637.05,1,17
242,8,9,0,767.25,1,21
243,8,10,0,714.55,1,19
244,8,11,0,545.6,1,15
245,8,12,0,460.35,1,13
246,8,14,0,328.6,1,10
247,8,15,0,883.5,1,23
248,8,17,0,427.8,1,12
249,8,18,0,542.5,1,15
250,8,19,0,240.25,1,7
251,8,20,0,444.85,1,13
252,8,22,0,203.05,1,7
253,8,23,0,536.3,1,15
254,8,24,0,801.35,1,21
255,9,0,0,379.75,1,11
256,9,2,0,229.4,1,7
257,9,3,0,685.1,1,18
258,9,4,0,624.65,1,17
259,9,5,0,198.4,1,6
260,9,6,0,141.05,1,5
261,9,8,0,767.25,1,21
262,9,10,0,1069.5,1,28
263,9,11,0,297.6,1,8
264,9,12,0,753.3,1,20
265,9,13,0,469.65,1,12
266,9,14,0,652.55,1,18
267,9,15,0,1112.9,1,29
268,9,16,0,706.8,1,19
269,9,17,0,646.35,1,18
270,9,18,0,711.45,1,18
271,9,19,0,954.8,1,25
272,9,20,0,279,1,8
273,9,21,0,723.85,1,19
274,9,22,0,576.6,1,16
275,9,23,0,891.25,1,24
276,9,24,0,1019.9,1,27
277,10,0,0,931.55,1,25
278,10,2,0,872.65,1,23
279,10,3,0,995.1,1,26
280,10,4,0,838.55,1,22
281,10,6,0,939.3,1,25
282,10,8,0,714.55,1,19
283,10,9,0,1069.5,1,28
284,10,11,0,1133.05,1,30
285,10,12,0,1086.55,1,28
286,10,13,0,483.6,1,12
287,10,14,0,970.3,1,26
288,10,15,0,224.75,1,7
289,10,16,0,872.65,1,23
290,10,17,0,334.8,1,9
291,10,18,0,306.9,1,9
292,10,19,0,909.85,1,24
293,10,20,0,714.55,1,19
294,10,21,0,623.1,1,16
295,10,22,0,623.1,1,17
296,10,24,0,286.75,1,8
297,11,0,0,158.1,1,5
298,11,2,0,182.9,1,6
299,11,3,0,477.4,1,13
300,11,4,0,406.1,1,12
301,11,5,0,320.85,1,9
302,11,6,0,165.85,1,5
303,11,8,0,545.6,1,15
304,11,9,0,297.6,1,9
305,11,10,0,1133.05,1,30
306,11,12,0,523.9,1,14
307,11,14,0,770.35,1,21
308,11,15,0,1112.9,1,29
309,11,16,0,488.25,1,14
310,11,17,0,798.25,1,21
311,11,18,0,832.35,1,21
312,11,19,0,748.65,1,20
313,11,20,0,406.1,1,11
314,11,21,0,649.45,1,18
315,11,22,0,499.1,1,14
316,11,23,0,852.5,1,23
317,11,24,0,1021.45,1,27
318,12,0,0,401.45,1,11
319,12,2,0,582.8,1,16
320,12,4,0,331.7,1,10
321,12,6,0,623.1,1,17
322,12,8,0,460.35,1,13
323,12,9,0,753.3,1,20
324,12,10,0,1086.55,1,28
325,12,11,0,523.9,1,14
326,12,13,0,776.55,1,20
327,12,14,0,550.25,1,15
328,12,15,0,1233.8,1,32
329,12,16,0,296.05,1,9
330,12,17,0,776.55,1,21
331,12,18,0,1038.5,1,27
332,12,19,0,523.9,1,14
333,12,20,0,637.05,1,17
334,12,21,0,554.9,1,15
335,12,22,0,556.45,1,15
336,12,23,0,919.15,1,24
337,12,24,0,1137.7,1,30
338,13,2,0,390.6,1,11
339,13,4,0,427.8,1,12
340,13,8,0,415.4,1,11
341,13,9,0,469.65,1,12
342,13,14,0,655.65,1,17
343,13,16,0,530.1,1,14
344,14,0,0,632.4,1,17
345,14,2,0,790.5,1,21
346,14,4,0,410.75,1,12
347,14,6,0,840.1,1,22
348,14,8,0,328.6,1,10
349,14,9,0,652.55,1,18
350,14,10,0,970.3,1,26
351,14,11,0,770.35,1,21
352,14,12,0,550.25,1,15
353,14,13,0,655.65,1,17
354,14,15,0,1106.7,1,28
355,14,16,0,272.8,1,8
356,14,17,0,671.15,1,18
357,14,18,0,798.25,1,20
358,14,20,0,852.5,1,23
359,14,22,0,527,1,15
360,14,23,0,818.4,1,20
361,14,24,0,995.1,1,26
362,15,0,0,1063.3,1,28
363,15,2,0,940.85,1,25
364,15,3,0,1224.5,1,32
365,15,4,0,970.3,1,26
366,15,6,0,982.7,1,26
367,15,8,0,883.5,1,23
368,15,9,0,1112.9,1,29
369,15,10,0,224.75,1,7
370,15,11,0,1112.9,1,29
371,15,12,0,1233.8,1,32
372,15,14,0,1106.7,1,28
373,15,16,0,1027.65,1,27
374,15,17,0,454.15,1,12
375,15,19,0,1023,1,27
376,15,20,0,757.95,1,19
377,15,22,0,733.15,1,19
378,15,24,0,110.05,1,4
379,16,0,0,367.35,1,11
380,16,2,0,475.85,1,13
381,16,4,0,147.25,1,5
382,16,6,0,576.6,1,16
383,16,7,0,155,1,5
384,16,9,0,706.8,1,19
385,16,10,0,872.65,1,23
386,16,11,0,488.25,1,14
387,16,12,0,296.05,1,8
388,16,14,0,272.8,1,8
389,16,15,0,1027.65,1,27
390,16,17,0,570.4,1,16
391,16,18,0,686.65,1,19
392,16,19,0,251.1,1,7
393,16,20,0,525.45,1,15
394,16,22,0,302.25,1,9
395,16,23,0,692.85,1,19
396,16,24,0,951.7,1,25
397,17,0,0,596.75,1,16
398,17,2,0,568.85,1,16
399,17,3,0,764.15,1,20
400,17,4,0,503.75,1,14
401,17,5,0,530.1,1,14
402,17,6,0,615.35,1,17
403,17,8,0,427.8,1,12
404,17,9,0,649.45,1,18
405,17,10,0,334.8,1,10
406,17,11,0,798.25,1,21
407,17,12,0,776.55,1,21
408,17,14,0,671.15,1,17
409,17,15,0,454.15,1,12
410,17,16,0,570.4,1,16
411,17,19,0,581.25,1,16
412,17,20,0,373.55,1,10
413,17,22,0,294.5,1,8
414,17,23,0,153.45,1,5
415,17,24,0,362.7,1,10
416,18,0,0,719.2,1,19
417,18,2,0,638.6,1,17
418,18,3,0,833.9,1,22
419,18,4,0,624.65,1,17
420,18,5,0,660.3,1,16
421,18,6,0,685.1,1,18
422,18,8,0,542.5,1,15
423,18,9,0,711.45,1,18
424,18,11,0,832.35,1,21
425,18,12,0,1038.5,1,27
426,18,14,0,798.25,1,21
427,18,16,0,686.65,1,19
428,18,20,0,438.65,1,12
429,19,0,0,615.35,1,17
430,19,2,0,643.25,1,17
431,19,4,0,390.6,1,11
432,19,6,0,824.6,1,22
433,19,9,0,954.8,1,25
434,19,10,0,909.85,1,24
435,19,11,0,748.65,1,20
436,19,12,0,523.9,1,14
437,19,13,0,565.75,1,14
438,19,15,0,1023,1,27
439,19,16,0,251.1,1,7
440,19,17,0,581.25,1,16
441,19,18,0,709.9,1,18
442,19,20,0,764.15,1,20
443,19,22,0,437.1,1,12
444,19,23,0,728.5,1,18
445,19,24,0,942.4,1,25
446,20,0,0,361.15,1,10
447,20,2,0,207.7,1,7
448,20,3,0,620,1,17
449,20,4,0,413.85,1,12
450,20,5,0,178.25,1,6
451,20,6,0,243.35,1,7
452,20,8,0,444.85,1,13
453,20,9,0,279,1,8
454,20,10,0,714.55,1,19
455,20,11,0,406.1,1,11
456,20,12,0,637.05,1,17
457,20,14,0,878.85,1,23
458,20,15,0,757.95,1,19
459,20,16,0,525.45,1,15
460,20,17,0,373.55,1,11
461,20,18,0,438.65,1,12
462,20,19,0,764.15,1,20
463,20,21,0,466.55,1,13
464,20,22,0,272.8,1,8
465,20,24,0,641.7,1,17
466,21,0,0,444.85,1,13
467,21,2,0,424.7,1,12
468,21,4,0,263.5,1,8
469,21,6,0,593.65,1,16
470,21,9,0,723.85,1,19
471,21,10,0,623.1,1,16
472,21,11,0,646.35,1,18
473,21,12,0,554.9,1,15
474,21,16,0,305.35,1,9
475,21,20,0,466.55,1,13
476,21,22,0,142.6,1,5
477,21,24,0,651,1,18
478,22,0,0,297.6,1,9
479,22,2,0,308.45,1,10
480,22,4,0,204.6,1,7
481,22,6,0,446.4,1,13
482,22,8,0,203.05,1,6
483,22,9,0,576.6,1,16
484,22,10,0,623.1,1,17
485,22,11,0,499.1,1,14
486,22,12,0,556.45,1,15
487,22,14,0,527,1,15
488,22,15,0,733.15,1,19
489,22,16,0,302.25,1,9
490,22,17,0,294.5,1,8
491,22,18,0,404.55,1,10
492,22,19,0,437.1,1,12
493,22,20,0,272.8,1,9
494,22,21,0,142.6,1,5
495,22,23,0,432.45,1,11
496,22,24,0,643.25,1,17
497,23,0,0,739.35,1,20
498,23,2,0,716.1,1,19
499,23,3,0,888.15,1,23
500,23,4,0,646.35,1,18
501,23,6,0,761.05,1,20
502,23,8,0,536.3,1,15
503,23,9,0,891.25,1,24
504,23,11,0,852.5,1,23
505,23,12,0,919.15,1,24
506,23,14,0,818.4,1,20
507,23,16,0,692.85,1,19
508,23,19,0,728.5,1,18
509,23,20,0,522.35,1,14
510,23,22,0,432.45,1,11
511,24,0,0,957.9,1,25
512,24,2,0,847.85,1,23
513,24,3,0,1108.25,1,29
514,24,4,0,861.8,1,23
515,24,6,0,877.3,1,23
516,24,8,0,801.35,1,21
517,24,9,0,1019.9,1,27
518,24,10,0,286.75,1,8
519,24,11,0,1021.45,1,27
520,24,12,0,1137.7,1,30
521,24,14,0,995.1,1,26
522,24,15,0,110.05,1,4
523,24,16,0,951.7,1,25
524,24,17,0,362.7,1,10
525,24,19,0,942.4,1,25
526,24,20,0,641.7,1,17
527,24,21,0,651,1,16
528,24,22,0,643.25,1,17
PATHS,600
Index,Shipment origin,Shipment destination,1st terminal on path,2nd terminal on path,.....,6th terminal on path
0,0,1,0,1
1,0,2,0,1,2
2,0,3,0,1,3
3,0,4,0,1,4
4,0,5,0,1,5
5,0,6,0,1,6
6,0,7,0,1,7
7,0,8,0,1,8
8,0,9,0,1,9
9,0,10,0,1,10
10,0,11,0,1,11
11,0,12,0,1,12
12,0,13,0,1,13
13,0,14,0,1,14
14,0,15,0,1,15
15,0,16,0,1,16
16,0,17,0,1,17
17,0,18,0,1,18
18,0,19,0,1,19
19,0,20,0,1,20
20,0,21,0,1,21
21,0,22,0,1,22
22,0,23,0,1,23
23,0,24,0,1,24
24,1,0,1,0
25,1,2,1,2
26,1,3,1,3
27,1,4,1,4
28,1,5,1,5
29,1,6,1,6
30,1,7,1,7
31,1,8,1,8
32,1,9,1,9
33,1,10,1,10
34,1,11,1,11
35,1,12,1,12
36,1,13,1,13
37,1,14,1,14
38,1,15,1,15
39,1,16,1,16
40,1,17,1,17
41,1,18,1,18
42,1,19,1,19
43,1,20,1,20
44,1,21,1,21
45,1,22,1,22
46,1,23,1,23
47,1,24,1,24
48,2,0,2,1,0
49,2,1,2,1
50,2,3,2,1,3
51,2,4,2,1,4
52,2,5,2,1,5
53,2,6,2,1,6
54,2,8,2,1,8
55,2,7,2,1,7
56,2,9,2,1,9
57,2,10,2,1,10
58,2,11,2,1,11
59,2,12,2,1,12
60,2,13,2,1,13
61,2,14,2,1,14
62,2,15,2,1,15
63,2,16,2,1,16
64,2,17,2,1,17
65,2,18,2,1,18
66,2,19,2,1,19
67,2,20,2,1,20
68,2,21,2,1,21
69,2,22,2,1,22
70,2,23,2,1,23
71,2,24,2,1,24
72,3,0,3,1,0
73,3,1,3,1
74,3,2,3,1,2
75,3,4,3,4
76,3,5,3,1,5
77,3,6,3,1,6
78,3,7,3,1,7
79,3,8,3,8
80,3,9,3,1,9
81,3,10,3,13,10
82,3,11,3,1,11
83,3,12,3,12
84,3,13,3,13
85,3,14,3,14
86,3,15,3,13,15
87,3,16,3,16
88,3,17,3,13,17
89,3,18,3,13,18
90,3,19,3,19
91,3,20,3,1,20
92,3,21,3,21
93,3,22,3,22
94,3,23,3,21,23
95,3,24,3,13,24
96,4,0,4,1,0
97,4,1,4,1
98,4,2,4,1,2
99,4,3,4,3
100,4,5,4,1,5
101,4,6,4,1,6
102,4,7,4,1,7
103,4,8,4,1,8
104,4,9,4,1,9
105,4,10,4,1,10
106,4,11,4,1,11
107,4,12,4,3,12
108,4,13,4,1,13
109,4,14,4,3,14
110,4,15,4,1,15
111,4,16,4,3,16
112,4,17,4,1,17
113,4,18,4,1,18
114,4,19,4,3,19
115,4,20,4,1,20
116,4,21,4,1,21
117,4,22,4,1,22
118,4,23,4,1,23
119,4,24,4,1,24
120,5,0,5,1,0
121,5,1,5,1
122,5,2,5,1,2
123,5,3,5,1,3
124,5,4,5,1,4
125,5,6,5,1,6
126,5,7,5,1,7
127,5,8,5,1,8
128,5,9,5,1,9
129,5,10,5,13,10
130,5,11,5,1,11
131,5,12,5,1,12
132,5,13,5,13
133,5,14,5,1,14
134,5,15,5,13,15
135,5,16,5,1,16
136,5,17,5,13,17
137,5,18,5,13,18
138,5,19,5,13,21,19
139,5,20,5,13,20
140,5,21,5,13,21
141,5,22,5,1,22
142,5,23,5,13,23
143,5,24,5,13,24
144,6,0,6,1,0
145,6,1,6,1
146,6,2,6,1,2
147,6,3,6,1,3
148,6,4,6,1,4
149,6,5,6,1,5
150,6,7,6,1,7
151,6,8,6,1,8
152,6,9,6,1,9
153,6,10,6,1,10
154,6,11,6,1,11
155,6,12,6,1,12
156,6,13,6,1,13
157,6,14,6,1,14
158,6,15,6,1,15
159,6,16,6,1,16
160,6,17,6,1,17
161,6,18,6,1,18
162,6,19,6,1,19
163,6,20,6,1,20
164,6,21,6,1,21
165,6,22,6,1,22
166,6,23,6,1,23
167,6,24,6,1,24
168,7,0,7,1,0
169,7,1,7,1
170,7,2,7,1,2
171,7,3,7,3
172,7,4,7,4
173,7,5,7,1,5
174,7,6,7,3,6
175,7,8,7,3,8
176,7,9,7,1,9
177,7,10,7,1,9
178,7,11,7,3,11
179,7,12,7,4,12
180,7,13,7,4,13
181,7,14,7,4,14
182,7,15,7,4,15
183,7,16,7,4,16
184,7,17,7,1,17
185,7,18,7,1,18
186,7,19,7,1,19
187,7,20,7,1,20
188,7,21,7,1,21
189,7,22,7,1,22
190,7,23,7,1,23
191,7,24,7,1,24
192,8,0,8,1,0
193,8,1,8,1
194,8,2,8,1,2
195,8,3,8,3
196,8,4,8,1,4
197,8,5,8,1,5
198,8,6,8,1,6
199,8,7,8,1,7
200,8,9,8,1,9
201,8,10,8,21,23,10
202,8,11,8,1,11
203,8,12,8,3,12
204,8,13,8,21,13
205,8,14,8,21,14
206,8,15,8,21,13,15
207,8,16,8,3,16
208,8,17,8,21,17
209,8,18,8,21,18
210,8,19,8,21,19
211,8,20,8,1,20
212,8,21,8,21
213,8,22,8,1,22
214,8,23,8,21,23
215,8,24,8,21,13,24
216,9,0,9,1,0
217,9,1,9,1
218,9,2,9,1,2
219,9,3,9,1,3
220,9,4,9,1,4
221,9,5,9,1,5
222,9,6,9,1,6
223,9,7,9,1,7
224,9,8,9,1,8
225,9,10,9,1,10
226,9,11,9,1,11
227,9,12,9,1,12
228,9,13,9,1,13
229,9,14,9,1,14
230,9,15,9,1,15
231,9,16,9,1,16
232,9,17,9,1,17
233,9,18,9,1,18
234,9,19,9,1,19
235,9,20,9,1,20
236,9,21,9,1,21
237,9,22,9,1,22
238,9,23,9,1,23
239,9,24,9,1,24
240,10,0,10,1,0
241,10,1,10,1
242,10,2,10,1,2
243,10,3,10,1,3
244,10,4,10,1,4
245,10,5,10,23,13,5
246,10,6,10,23,13,6
247,10,7,10,1,7
248,10,8,10,23,21,8
249,10,9,10,1,9
250,10,11,10,1,11
251,10,12,10,1,12
252,10,13,10,23,13
253,10,14,10,23,21,14
254,10,15,10,23,15
255,10,16,10,1,16
256,10,17,10,23,17
257,10,18,10,23,18
258,10,19,10,23,21,19
259,10,20,10,23,13,20
260,10,21,10,23,21
261,10,22,10,23,22
262,10,23,10,23
263,10,24,10,23,24
264,11,0,11,1,0
265,11,1,11,1
266,11,2,11,1,2
267,11,3,11,1,3
268,11,4,11,1,4
269,11,5,11,1,5
270,11,6,11,1,6
271,11,7,11,1,7
272,11,8,11,1,8
273,11,9,11,1,9
274,11,10,11,13,10
275,11,12,11,1,12
276,11,13,11,13
277,11,14,11,1,14
278,11,15,11,13,15
279,11,16,11,1,16
280,11,17,11,13,17
281,11,18,11,13,18
282,11,19,11,1,19
283,11,20,11,1,20
284,11,21,11,1,21
285,11,22,11,1,22
286,11,23,11,13,23
287,11,24,11,13,24
288,12,0,12,1,0
289,12,1,12,1
290,12,2,12,1,2
291,12,3,12,3
292,12,4,12,3,4
293,12,5,12,1,5
294,12,6,12,1,6
295,12,7,12,1,7
296,12,8,12,3,8
297,12,9,12,1,9
298,12,10,12,1,10
299,12,11,12,1,11
300,12,13,12,3,13
301,12,14,12,3,14
302,12,15,12,1,15
303,12,16,12,3,16
304,12,17,12,1,17
305,12,18,12,1,18
306,12,19,12,3,19
307,12,20,12,1,20
308,12,21,12,3,21
309,12,22,12,3,22
310,12,23,12,1,23
311,12,24,12,1,24
312,13,0,13,1,0
313,13,1,13,1
314,13,2,13,1,2
315,13,3,13,3
316,13,4,13,4
317,13,5,13,5
318,13,6,13,6
319,13,7,13,1,7
320,13,8,13,21,8
321,13,9,13,1,9
322,13,10,13,10
323,13,11,13,11
324,13,12,13,3,12
325,13,14,13,21,14
326,13,15,13,15
327,13,16,13,1,16
328,13,17,13,17
329,13,18,13,18
330,13,19,13,21,19
331,13,20,13,20
332,13,21,13,21
333,13,22,13,22
334,13,23,13,23
335,13,24,13,24
336,14,0,14,1,0
337,14,1,14,1
338,14,2,14,1,2
339,14,3,14,3
340,14,4,14,3,4
341,14,5,14,1,5
342,14,6,14,1,6
343,14,7,14,1,7
344,14,8,14,3,8
345,14,9,14,1,9
346,14,10,14,21,23,10
347,14,11,14,1,11
348,14,12,14,3,12
349,14,13,14,21,13
350,14,15,14,21,13,15
351,14,16,14,3,16
352,14,17,14,21,17
353,14,18,14,21,18
354,14,19,14,1,19
355,14,20,14,1,20
356,14,21,14,21
357,14,22,14,1,22
358,14,23,14,21,23
359,14,24,14,21,13,24
360,15,0,15,1,0
361,15,1,15,1
362,15,2,15,1,2
363,15,3,15,13,3
364,15,4,15,1,4
365,15,5,15,13,5
366,15,6,15,13,6
367,15,7,15,1,7
368,15,8,15,21,8
369,15,9,15,1,9
370,15,10,15,10
371,15,11,15,1,11
372,15,12,15,1,12
373,15,13,15,13
374,15,14,15,21,14
375,15,16,15,1,16
376,15,17,15,17
377,15,18,15,18
378,15,19,15,21,19
379,15,20,15,13,20
380,15,21,15,21
381,15,22,15,13,22
382,15,23,15,23
383,15,24,15,24
384,16,0,16,1,0
385,16,1,16,1
386,16,2,16,1,2
387,16,3,16,3
388,16,4,16,3,4
389,16,5,16,1,5
390,16,6,16,1,6
391,16,7,16,1,7
392,16,8,16,3,8
393,16,9,16,1,9
394,16,10,16,13,10
395,16,11,16,1,11
396,16,12,16,3,12
397,16,13,16,13
398,16,14,16,3,14
399,16,15,16,13,15
400,16,17,16,13,17
401,16,18,16,13,18
402,16,19,16,3,19
403,16,20,16,1,20
404,16,21,16,21
405,16,22,16,3,22
406,16,23,16,13,23
407,16,24,16,13,24
408,17,0,17,1,0
409,17,1,17,1
410,17,2,17,1,2
411,17,3,17,13,3
412,17,4,17,1,4
413,17,5,17,13,5
414,17,6,17,13,6
415,17,7,17,1,7
416,17,8,17,21,8
417,17,9,17,1,9
418,17,10,17,13,10
419,17,11,17,1,11
420,17,12,17,1,12
421,17,13,17,13
422,17,14,17,21,14
423,17,15,17,13,15
424,17,16,17,1,16
425,17,18,17,18
426,17,19,17,21,19
427,17,20,17,13,20
428,17,21,17,21
429,17,22,17,13,22
430,17,23,17,13,23
431,17,24,17,13,24
432,18,0,18,1,0
433,18,1,18,1
434,18,2,18,1,2
435,18,3,18,13,3
436,18,4,18,1,4
437,18,5,18,13,5
438,18,6,18,13,6
439,18,7,18,1,7
440,18,8,18,21,8
441,18,9,18,13,1,9
442,18,10,18,10
443,18,11,18,1,11
444,18,12,18,1,12
445,18,13,18,13
446,18,14,18,21,14
447,18,15,18,15
448,18,16,18,1,16
449,18,17,18,17
450,18,19,18,21,19
451,18,20,18,13,20
452,18,21,18,21
453,18,22,18,13,22
454,18,23,18,23
455,18,24,18,24
456,19,0,19,1,0
457,19,1,19,1
458,19,2,19,1,2
459,19,3,19,3
460,19,4,19,3,4
461,19,5,19,1,5
462,19,6,19,1,6
463,19,7,19,1,7
464,19,8,19,21,8
465,19,9,19,1,9
466,19,10,19,1,10
467,19,11,19,1,11
468,19,12,19,3,12
469,19,13,19,21,13
470,19,14,19,1,14
471,19,15,19,21,13,15
472,19,16,19,3,16
473,19,17,19,21,17
474,19,18,19,21,18
475,19,20,19,1,20
476,19,21,19,21
477,19,22,19,1,22
478,19,23,19,21,23
479,19,24,19,21,13,24
480,20,0,20,1,0
481,20,1,20,1
482,20,2,20,1,2
483,20,3,20,1,3
484,20,4,20,1,4
485,20,5,20,1,5
486,20,6,20,1,6
487,20,7,20,1,7
488,20,8,20,1,8
489,20,9,20,1,9
490,20,10,20,13,10
491,20,11,20,1,11
492,20,12,20,1,12
493,20,13,20,13
494,20,14,20,1,14
495,20,15,20,13,15
496,20,16,20,1,16
497,20,17,20,13,17
498,20,18,20,13,18
499,20,19,20,1,19
500,20,21,20,1,21
501,20,22,20,13,22
502,20,23,20,13,23
503,20,24,20,13,24
504,21,0,21,1,0
505,21,1,21,1
506,21,2,21,1,2
507,21,3,21,3
508,21,4,21,1,4
509,21,5,21,13,5
510,21,6,21,13,6
511,21,7,21,1,7
512,21,8,21,8
513,21,9,21,1,9
514,21,10,21,23,10
515,21,11,21,1,11
516,21,12,21,3,12
517,21,13,21,13
518,21,14,21,14
519,21,15,21,13,15
520,21,16,21,3,16
521,21,17,21,17
522,21,18,21,18
523,21,19,21,19
524,21,20,21,1,20
525,21,22,21,1,22
526,21,23,21,23
527,21,24,21,13,24
528,22,0,22,1,0
529,22,1,22,1
530,22,2,22,1,2
531,22,3,22,3
532,22,4,22,1,4
533,22,5,22,13,5
534,22,6,22,1,6
535,22,7,22,1,7
536,22,8,22,1,8
537,22,9,22,1,9
538,22,10,22,13,10
539,22,11,22,1,11
540,22,12,22,3,12
541,22,13,22,13
542,22,14,22,1,14
543,22,15,22,13,15
544,22,16,22,1,16
545,22,17,22,13,17
546,22,18,22,13,18
547,22,19,22,1,19
548,22,20,22,13,20
549,22,21,22,1,21
550,22,23,22,13,23
551,22,24,22,13,24
552,23,0,23,1,0
553,23,1,23,1
554,23,2,23,1,2
555,23,3,23,1,3
556,23,4,23,1,4
557,23,5,23,13,5
558,23,6,23,13,6
559,23,7,23,1,7
560,23,8,23,21,8
561,23,9,23,1,9
562,23,10,23,10
563,23,11,23,1,11
564,23,12,23,1,12
565,23,13,23,13
566,23,14,23,21,14
567,23,15,23,15
568,23,16,23,1,16
569,23,17,23,17
570,23,18,23,18
571,23,19,23,21,19
572,23,20,23,13,20
573,23,21,23,21
574,23,22,23,22
575,23,24,23,24
576,24,0,24,1,0
577,24,1,24,1
578,24,2,24,1,2
579,24,3,24,13,3
580,24,4,24,1,4
581,24,5,24,13,5
582,24,6,24,13,6
583,24,7,24,1,7
584,24,8,24,18,21,8
585,24,9,24,13,1,9
586,24,10,24,23,10
587,24,11,24,13,11
588,24,12,24,1,12
589,24,13,24,13
590,24,14,24,18,21,14
591,24,15,24,15
592,24,16,24,1,16
593,24,17,24,13,17
594,24,18,24,18
595,24,19,24,18,21,19
596,24,20,24,13,20
597,24,21,24,18,21
598,24,22,24,13,22
599,24,23,24,23
COMMODITIES,550
Index,Origin,Destination,Demand/Size,Earliest available time,Latest delivery time
0,22,14,0.251631,182,266
1,23,15,0.532474,88,159
2,3,12,0.815729,88,153
3,3,23,0.477331,182,267
4,1,16,0.586821,184,252
5,11,3,0.888715,38,114
6,3,6,0.229427,136,213
7,12,10,0.707127,42,138
8,22,0,0.203327,138,211
9,2,1,0.785634,88,155
10,1,3,0.217439,182,250
11,18,21,0.756795,138,209
12,19,24,0.446218,136,223
13,18,19,0.178201,86,165
14,19,15,0.48743,184,274
15,18,14,0.318175,40,121
16,5,3,0.655575,182,265
17,0,19,0.244555,138,216
18,18,10,0.684185,88,158
19,3,21,0.106528,86,160
20,17,23,0.646554,88,163
21,13,23,0.0951498,182,251
22,19,22,0.448247,86,167
23,3,8,0.196577,182,251
24,16,19,0.688733,186,262
25,8,1,0.0808705,136,205
26,5,3,0.57701,186,269
27,18,1,0.2494,90,167
28,23,18,0.896441,186,250
29,9,16,0.925002,90,170
30,10,18,0.630205,42,112
31,15,5,0.445086,40,126
32,3,19,0.424344,88,159
33,2,17,0.105001,184,267
34,11,4,0.0532093,86,160
35,18,4,0.827483,182,265
36,16,4,0.751985,186,259
37,0,8,0.36893,90,164
38,11,24,0.0460363,182,269
39,15,24,0.692605,184,248
40,3,2,0.978882,42,117
41,18,1,0.828881,38,115
42,23,20,0.747567,88,163
43,16,3,0.280586,38,103
44,15,5,0.410864,88,174
45,13,23,0.754944,136,205
46,10,12,0.0761963,184,277
47,16,3,0.224305,136,201
48,9,3,0.49169,182,262
49,19,2,0.0203319,138,218
50,18,11,0.108873,184,269
51,8,23,0.286609,42,118
52,12,11,0.19833,40,118
53,24,14,0.160723,90,178
54,13,6,0.903295,134,206
55,23,3,0.805771,184,269
56,14,23,0.403081,182,263
57,12,10,0.706783,186,282
58,16,13,0.00701745,182,259
59,22,20,0.513782,42,115
60,3,14,0.497184,136,207
61,24,10,0.165549,86,161
62,22,3,0.184064,182,254
63,13,6,0.896341,38,110
64,23,14,0.57058,88,171
65,15,3,0.42508,136,234
66,8,3,0.214527,136,205
67,1,23,0.765694,88,166
68,10,2,0.0221803,138,228
69,22,1,0.187536,38,106
70,6,1,0.261167,88,157
71,15,23,0.575357,42,113
72,18,19,0.972114,38,117
73,21,3,0.129344,38,111
74,1,9,0.842759,138,210
75,16,1,0.0692866,38,106
76,24,13,0.436513,186,257
77,14,3,0.734229,90,161
78,22,5,0.431001,90,167
79,1,14,0.44321,86,162
80,17,13,0.154151,134,200
81,4,24,0.317521,38,128
82,13,14,0.0658106,138,216
83,1,2,0.457834,88,155
84,13,20,0.417204,134,200
85,3,20,0.0695503,88,166
86,1,3,0.45979,42,110
87,10,22,0.0653004,136,213
88,2,3,0.340185,90,165
89,23,5,0.820337,86,165
90,19,22,0.35196,40,121
91,22,17,0.305631,184,257
92,2,14,0.73554,136,219
93,21,15,0.0795025,88,170
94,18,5,0.0860691,88,165
95,15,24,0.456337,38,102
96,1,13,0.961426,38,112
97,24,11,0.76226,40,128
98,14,4,0.228801,186,265
99,12,1,0.313166,88,158
100,19,21,0.690268,134,202
101,15,1,0.390688,138,222
102,12,18,0.123303,184,272
103,1,2,0.366788,136,203
104,24,8,0.0588874,88,171
105,15,8,0.160112,90,175
106,10,24,0.83826,134,209
107,1,14,0.00118887,186,262
108,18,23,0.213206,182,246
109,3,19,0.605544,90,161
110,16,5,0.159537,38,121
111,17,15,0.126171,38,118
112,18,23,0.279326,88,152
113,17,24,0.596023,88,165
114,22,21,0.474745,42,121
115,14,5,0.349528,38,129
116,1,19,0.440135,40,113
117,19,3,0.0552548,182,253
118,23,19,0.755695,138,219
119,19,18,0.995868,186,267
120,6,16,0.349769,90,167
121,12,2,0.0808015,38,115
122,23,6,0.701602,136,217
123,13,15,0.178624,138,212
124,5,14,0.25634,182,273
125,11,12,0.447827,38,116
126,3,1,0.477144,134,202
127,17,20,0.284685,134,206
128,14,18,0.737043,86,169
129,11,12,0.323226,136,214
130,3,16,0.954178,186,251
131,0,1,0.125537,136,201
132,15,0,0.402178,186,275
133,1,14,0.248937,90,166
134,18,23,0.935819,42,106
135,23,17,0.298984,40,105
136,1,10,0.376744,186,272
137,8,17,0.378573,90,163
138,3,17,0.15027,88,174
139,0,16,0.75401,134,207
140,12,3,0.469557,138,203
141,18,14,0.159813,86,167
142,14,8,0.491543,86,166
143,13,14,0.174815,86,164
144,0,14,0.291196,186,267
145,12,16,0.690232,136,206
146,5,1,0.367869,138,213
147,8,17,0.322208,184,257
148,24,23,0.288463,38,107
149,10,15,0.722577,186,263
150,18,8,0.762704,184,260
151,21,3,0.175005,90,163
152,18,21,0.412329,42,113
153,18,1,0.750304,184,261
154,21,23,0.326517,138,209
155,15,12,0.885456,42,136
156,15,18,0.352435,38,108
157,1,24,0.284868,138,222
158,21,18,0.217458,88,161
159,8,3,0.691132,184,253
160,20,19,0.419431,134,217
161,22,1,0.803874,86,154
162,1,14,0.451025,134,210
163,16,14,0.927693,184,260
164,5,13,0.38992,138,208
165,21,8,0.517973,86,151
166,20,19,0.455713,90,173
167,19,17,0.259465,136,212
168,14,11,0.715789,90,174
169,13,15,0.315268,88,162
170,11,18,0.595737,40,123
171,0,23,0.0517293,88,171
172,15,8,0.159923,86,171
173,3,8,0.783955,42,111
174,1,13,0.530388,90,164
175,13,2,0.286709,184,264
176,18,3,0.0314333,38,127
177,2,19,0.30584,134,214
178,15,18,0.353318,186,256
179,3,15,0.293241,86,180
180,23,8,0.134855,42,120
181,18,6,0.884539,184,263
182,15,14,0.405091,136,226
183,5,8,0.0488502,138,222
184,18,10,0.539118,138,208
185,13,15,0.747129,136,210
186,1,3,0.0211781,86,154
187,19,3,0.181249,138,209
188,17,5,0.246866,136,212
189,1,2,0.669649,42,109
190,17,2,0.0381662,42,123
191,22,0,0.205018,86,159
192,10,13,0.697086,40,115
193,24,21,0.115035,138,216
194,1,0,0.114644,138,203
195,13,6,0.861659,86,158
196,18,11,0.127675,42,127
197,19,22,0.316297,184,265
198,11,19,0.370074,186,267
199,3,9,0.690029,88,168
200,0,23,0.957985,138,221
201,2,22,0.21482,134,209
202,1,16,0.92127,90,158
203,13,14,0.247662,90,168
204,15,12,0.898837,184,278
205,6,3,0.234956,86,163
206,9,1,0.48337,88,160
207,13,17,0.57942,42,108
208,15,22,0.610059,88,171
209,1,0,0.193754,38,103
210,13,1,0.641435,90,163
211,14,4,0.244373,88,167
212,13,18,0.865927,38,105
213,1,24,0.579217,182,266
214,24,15,0.39082,42,106
215,16,11,0.691411,138,214
216,1,9,0.264395,88,160
217,13,20,0.372588,138,204
218,11,18,0.805693,42,125
219,15,17,0.999727,88,160
220,21,3,0.195983,42,115
221,8,3,0.48464,40,109
222,18,2,0.472248,134,218
223,3,16,0.81323,184,249
224,19,3,0.80147,136,207
225,15,14,0.405864,90,180
226,12,22,0.224213,42,120
227,23,13,0.991737,134,203
228,24,2,0.341468,88,179
229,21,1,0.2227,42,113
230,19,23,0.787396,40,119
231,14,0,0.687957,38,119
232,16,19,0.600098,184,260
233,5,23,0.780225,138,217
234,2,15,0.29859,184,275
235,1,19,0.302526,38,111
236,18,1,0.775572,186,263
237,14,22,0.722579,184,268
238,0,17,0.210751,86,167
239,17,13,0.659052,138,204
240,3,16,0.431423,86,151
241,17,18,0.362891,138,203
242,12,16,0.663031,184,254
243,1,10,0.852214,184,270
244,24,10,0.0818994,88,163
245,18,22,0.0585871,182,256
246,12,3,0.304203,136,201
247,23,15,0.676564,184,255
248,18,6,0.842025,134,213
249,12,1,0.94462,182,252
250,16,1,0.732686,134,202
251,19,23,0.891826,90,169
252,1,23,0.653916,90,168
253,1,22,0.638518,184,252
254,12,15,0.435567,182,276
255,11,1,0.0481588,184,252
256,23,5,0.927228,42,121
257,1,2,0.837707,90,157
258,23,6,0.593203,86,167
259,18,23,0.136857,40,104
260,15,17,0.113396,86,158
261,18,6,0.858441,182,261
262,2,0,0.0518035,134,206
263,24,2,0.35373,134,225
264,15,6,0.198144,90,178
265,18,8,0.357683,134,210
266,16,22,0.347533,88,166
267,22,13,0.776518,136,203
268,17,19,0.752584,182,258
269,18,17,0.377713,182,247
270,19,1,0.71204,86,159
271,23,16,0.209727,184,269
272,10,16,0.110579,42,133
273,24,17,0.711877,184,261
274,5,14,0.181861,86,177
275,15,14,0.301652,88,178
276,0,1,0.563769,88,153
277,10,24,0.914866,42,117
278,5,22,0.314376,40,123
279,8,17,0.441434,134,207
280,10,15,0.549198,90,167
281,20,13,0.034552,86,152
282,23,9,0.636485,184,273
283,14,23,0.457565,38,119
284,3,2,0.953129,88,163
285,22,23,0.564362,138,214
286,15,20,0.0452976,86,168
287,15,24,0.0156566,40,104
288,3,12,0.764145,138,203
289,11,19,0.305085,136,217
290,20,3,0.350215,86,164
291,10,15,0.798188,40,117
292,5,1,0.796477,86,161
293,1,3,0.55208,184,252
294,5,1,0.946614,186,261
295,13,20,0.284649,136,202
296,22,17,0.294761,42,115
297,1,5,0.956871,40,115
298,17,1,0.0946651,40,114
299,16,21,0.666315,182,251
300,17,20,0.308964,40,112
301,5,23,0.900799,136,215
302,13,2,0.269198,40,120
303,23,10,0.992927,38,104
304,5,17,0.422482,38,114
305,18,23,0.895387,138,202
306,19,9,0.183728,186,271
307,3,18,0.480996,88,175
308,23,18,0.30991,86,150
309,0,10,0.472591,42,133
310,14,18,0.726123,42,125
311,15,24,0.701643,134,198
312,15,10,0.228598,134,201
313,10,1,0.225305,186,269
314,13,15,0.569522,42,116
315,3,13,0.627451,182,262
316,18,16,0.446394,86,171
317,18,1,0.710014,40,117
318,0,8,0.415976,134,208
319,24,17,0.767353,38,115
320,14,18,0.892407,136,219
321,13,10,0.24737,90,162
322,11,12,0.506973,42,120
323,19,3,0.515281,40,111
324,18,24,0.209659,88,155
325,23,13,0.407391,38,107
326,1,22,0.0102537,134,202
327,18,11,0.973827,86,171
328,1,18,0.295261,184,262
329,19,1,0.843062,182,255
330,22,20,0.50361,186,259
331,13,23,0.608436,88,157
332,5,15,0.423808,186,270
333,8,1,0.096052,40,109
334,17,1,0.718052,136,210
335,21,17,0.380338,134,202
336,18,17,0.388498,88,153
337,23,20,0.815039,38,113
338,23,0,0.684397,186,268
339,14,3,0.841695,86,157
340,1,14,0.721885,136,212
341,24,6,0.432935,90,173
342,1,10,0.23298,138,224
343,21,24,0.268278,88,167
344,20,10,0.453628,184,262
345,17,20,0.28611,42,114
346,2,15,0.353213,86,177
347,22,21,0.434892,138,217
348,16,4,0.745487,138,211
349,1,18,0.841057,138,216
350,16,6,0.120796,38,115
351,0,4,0.0341133,186,257
352,2,22,0.209752,184,259
353,16,6,0.109808,134,211
354,0,1,0.570033,138,203
355,20,19,0.462324,138,221
356,12,2,0.277364,136,213
357,0,17,0.224552,90,171
358,14,16,0.0622071,138,214
359,24,20,0.0928069,86,163
360,3,12,0.850869,90,155
361,11,18,0.923672,136,219
362,3,5,0.862556,38,121
363,23,13,0.847255,136,205
364,17,10,0.581818,90,168
365,24,23,0.732606,86,155
366,5,8,0.0531496,88,172
367,18,10,0.203633,90,160
368,16,22,0.368202,42,120
369,0,24,0.575345,138,227
370,1,21,0.0441326,186,257
371,19,11,0.734018,40,121
372,23,20,0.93935,90,165
373,10,1,0.2772,90,173
374,22,15,0.130783,184,265
375,18,6,0.835447,42,121
376,22,15,0.11944,38,119
377,10,15,0.282795,134,211
378,1,17,0.683689,38,114
379,11,16,0.387106,38,114
380,3,23,0.478157,136,221
381,24,11,0.721878,182,270
382,5,13,0.399746,136,206
383,11,18,0.913485,86,169
384,15,21,0.199248,184,264
385,24,11,0.710195,134,222
386,17,2,0.0372079,186,267
387,18,4,0.755784,40,123
388,24,18,0.913829,184,251
389,0,16,0.78919,184,257
390,15,10,0.823524,184,251
391,14,5,0.382239,136,227
392,11,14,0.406996,42,126
393,23,1,0.428512,186,263
394,21,18,0.215197,182,255
395,8,12,0.245772,136,210
396,4,15,0.247798,90,180
397,11,19,0.33499,138,219
398,14,9,0.567917,90,178
399,16,20,0.207571,138,216
400,1,10,0.0929739,136,222
401,18,3,0.103609,186,275
402,17,24,0.647836,90,167
403,0,13,0.359028,136,215
404,16,11,0.686394,134,210
405,16,2,0.315337,88,163
406,11,22,0.813395,90,166
407,0,23,0.927788,40,123
408,14,15,0.666134,88,180
409,23,17,0.936241,86,151
410,5,16,0.41426,138,221
411,11,16,0.38953,42,118
412,13,14,0.199283,88,166
413,23,11,0.187379,42,127
414,14,15,0.188441,186,278
415,23,9,0.55389,136,225
416,20,10,0.469806,134,212
417,23,19,0.776639,134,215
418,16,8,0.188975,88,162
419,21,1,0.398908,184,255
420,18,24,0.512841,134,201
421,17,15,0.179694,138,218
422,8,9,0.251996,182,263
423,15,12,0.868936,182,276
424,13,16,0.0777474,186,267
425,3,9,0.811569,86,166
426,5,1,0.996545,90,165
427,21,19,0.384751,136,204
428,2,20,0.0146867,136,213
429,16,3,0.57006,40,105
430,8,3,0.523837,138,207
431,22,21,0.508349,38,117
432,4,3,0.194868,86,154
433,18,16,0.492138,182,267
434,24,20,0.0381562,134,211
435,3,9,0.66105,184,264
436,20,13,0.120034,136,202
437,22,20,0.541269,86,159
438,24,1,0.782748,86,170
439,1,8,0.259333,184,253
440,20,18,0.290871,182,255
441,3,12,0.27479,136,201
442,23,1,0.675751,136,213
443,24,19,0.830291,42,128
444,13,20,0.332752,182,248
445,11,14,0.478046,38,122
446,18,24,0.884276,136,203
447,15,23,0.689102,90,161
448,12,21,0.320285,136,215
449,0,15,0.453354,90,179
450,3,9,0.648466,134,214
451,24,13,0.375745,90,161
452,3,14,0.904276,182,253
453,18,19,0.0920609,40,119
454,12,3,0.520805,42,107
455,5,14,0.248102,42,133
456,1,9,0.992345,40,112
457,17,9,0.345321,42,128
458,23,11,0.0587935,182,267
459,3,24,0.876815,88,179
460,18,6,0.809293,40,119
461,11,13,0.304032,40,116
462,11,22,0.864423,38,114
463,13,14,0.234394,42,120
464,19,5,0.443818,90,178
465,15,12,0.897693,86,180
466,14,9,0.499891,184,272
467,23,6,0.70419,38,119
468,20,1,0.995036,90,160
469,11,13,0.0384123,42,118
470,13,10,0.0761663,136,208
471,23,16,0.208178,90,175
472,3,2,0.906436,136,211
473,14,21,0.856695,42,112
474,13,1,0.195197,138,211
475,18,14,0.186744,134,215
476,1,23,0.502174,136,214
477,17,22,0.158552,182,255
478,13,23,0.918048,42,111
479,16,22,0.276883,138,216
480,8,17,0.384832,136,209
481,19,1,0.909862,38,111
482,0,8,0.350944,136,210
483,2,1,0.0947561,138,205
484,4,23,0.163975,86,170
485,22,20,0.491885,90,163
486,8,23,0.294293,38,114
487,17,10,0.553153,184,262
488,15,13,0.366429,186,262
489,14,15,0.205863,90,182
490,2,4,0.947614,90,163
491,0,13,0.340234,42,121
492,12,16,0.705242,90,160
493,19,16,0.105519,138,214
494,4,1,0.36112,184,250
495,5,23,0.769266,134,213
496,23,1,0.0221114,90,167
497,12,20,0.766621,186,266
498,18,21,0.655356,136,207
499,1,11,0.0784158,136,204
500,12,13,0.175782,138,223
501,17,5,0.226563,86,162
502,19,18,0.186333,90,171
503,16,3,0.396874,42,107
504,18,6,0.73296,136,215
505,15,14,0.532903,182,272
506,17,9,0.327169,88,174
507,12,14,0.0396579,86,162
508,13,20,0.397828,184,250
509,4,13,0.321914,182,262
510,15,0,0.417371,182,271
511,24,17,0.818555,40,117
512,19,24,0.497692,184,271
513,23,14,0.595118,42,125
514,4,3,0.945999,184,252
515,3,14,0.170226,42,113
516,23,13,0.991436,40,109
517,14,3,0.671226,136,207
518,19,1,0.199734,42,115
519,22,13,0.720622,38,105
520,10,13,0.841535,42,117
521,19,13,0.544186,40,116
522,13,19,0.416831,184,260
523,23,8,0.928452,138,216
524,24,22,0.752805,182,260
525,5,1,0.204005,42,117
526,13,1,0.072306,40,113
527,15,22,0.715594,182,265
528,3,18,0.535741,86,173
529,24,0,0.0467298,42,131
530,18,21,0.614917,88,159
531,0,5,0.185079,134,214
532,0,23,0.0309446,182,265
533,19,13,0.51319,136,212
534,19,3,0.883442,38,109
535,5,19,0.131857,186,272
536,23,4,0.390447,134,217
537,3,22,0.107633,86,159
538,14,20,0.0940996,42,128
539,11,13,0.0389796,134,210
540,16,4,0.821526,184,257
541,1,11,0.608858,42,110
542,19,10,0.221742,138,237
543,18,17,0.792349,40,105
544,4,16,0.47299,186,259
545,16,3,0.497155,90,155
546,1,4,0.622245,186,252
547,15,4,0.192475,40,130
548,21,3,0.155428,134,207
549,16,15,0.518681,138,229
