NODES,25
INDEX,Name,X-coordinate,Y-coordinate
0,0,-,-
1,1,-,-
2,2,-,-
3,3,-,-
4,4,-,-
5,5,-,-
6,6,-,-
7,7,-,-
8,8,-,-
9,9,-,-
10,10,-,-
11,11,-,-
12,12,-,-
13,13,-,-
14,14,-,-
15,15,-,-
16,16,-,-
17,17,-,-
18,18,-,-
19,19,-,-
20,20,-,-
21,21,-,-
22,22,-,-
23,23,-,-
24,24,-,-
ARCS,529
Index,Origin,Destination,Variable Cost,Fixed Cost,Capacity,Travel time
0,0,1,0,117.8,1,5
1,1,0,0,117.8,1,5
2,1,2,0,234.05,1,7
3,1,3,0,260.4,1,8
4,1,4,0,175.15,1,6
5,1,5,0,486.7,1,15
6,1,6,0,323.95,1,9
7,1,8,0,323.95,1,9
8,1,9,0,447.95,1,12
9,1,10,0,883.5,1,26
10,1,11,0,255.75,1,8
11,1,12,0,387.5,1,10
12,1,13,0,489.8,1,14
13,1,14,0,525.45,1,16
14,1,15,0,1002.85,1,24
15,1,16,0,252.65,1,8
16,1,17,0,545.6,1,16
17,1,18,0,680.45,1,18
18,1,19,0,503.75,1,13
19,1,20,0,358.05,1,10
20,1,21,0,409.2,1,11
21,1,22,0,266.6,1,8
22,1,23,0,699.05,1,18
23,1,24,0,903.65,1,24
24,2,1,0,234.05,1,7
25,3,1,0,260.4,1,8
26,3,4,0,230.95,1,8
27,3,8,0,311.55,1,9
28,3,12,0,144.15,1,5
29,3,13,0,661.85,1,20
30,3,14,0,418.5,1,11
31,3,16,0,151.9,1,5
32,3,19,0,396.8,1,11
33,3,21,0,469.65,1,14
34,3,22,0,429.35,1,13
35,4,1,0,175.15,1,6
36,4,3,0,230.95,1,8
37,5,1,0,486.7,1,15
38,5,13,0,367.35,1,10
39,6,1,0,323.95,1,9
40,6,13,0,430.9,1,11
41,7,1,0,103.85,1,4
42,8,1,0,323.95,1,9
43,8,3,0,311.55,1,9
44,8,13,0,415.4,1,11
45,8,16,0,161.2,1,6
46,8,21,0,158.1,1,5
47,9,1,0,447.95,1,12
48,10,1,0,891.25,1,23
49,10,23,0,192.2,1,6
50,11,1,0,255.75,1,8
51,11,13,0,592.1,1,16
52,12,1,0,387.5,1,10
53,12,3,0,144.15,1,5
54,13,1,0,489.8,1,13
55,13,3,0,669.6,1,22
56,13,5,0,367.35,1,10
57,13,6,0,430.9,1,12
58,13,10,0,483.6,1,12
59,13,11,0,596.75,1,17
60,13,15,0,553.35,1,14
61,13,17,0,176.7,1,6
62,13,18,0,248,1,7
63,13,19,0,573.5,1,16
64,13,20,0,198.4,1,6
65,13,21,0,275.9,1,8
66,13,22,0,232.5,1,7
67,13,23,0,323.95,1,9
68,13,24,0,449.5,1,11
69,14,1,0,525.45,1,16
70,14,3,0,418.5,1,11
71,14,19,0,111.6,1,4
72,14,21,0,384.4,1,10
73,15,1,0,1002.85,1,24
74,15,13,0,553.35,1,16
75,15,18,0,350.3,1,10
76,15,21,0,747.1,1,20
77,15,23,0,412.3,1,11
78,16,1,0,252.65,1,8
79,16,3,0,151.9,1,5
80,16,8,0,161.2,1,6
81,16,13,0,581.25,1,17
82,16,21,0,305.35,1,9
83,17,1,0,544.05,1,14
84,17,13,0,176.7,1,6
85,17,18,0,127.1,1,5
86,17,21,0,292.95,1,8
87,18,1,0,666.5,1,17
88,18,10,0,308.45,1,10
89,18,13,0,248,1,7
90,18,15,0,350.3,1,10
91,18,17,0,127.1,1,5
92,18,19,0,719.2,1,19
93,18,21,0,421.6,1,11
94,18,22,0,421.6,1,13
95,18,23,0,116.25,1,4
96,18,24,0,237.15,1,7
97,19,1,0,503.75,1,13
98,19,3,0,396.8,1,11
99,19,8,0,240.25,1,7
100,19,14,0,111.6,1,4
101,19,21,0,297.6,1,8
102,20,1,0,358.05,1,10
103,20,13,0,198.4,1,6
104,20,23,0,522.35,1,15
105,21,1,0,409.2,1,11
106,21,3,0,458.8,1,13
107,21,8,0,158.1,1,5
108,21,13,0,275.9,1,8
109,21,14,0,384.4,1,10
110,21,15,0,829.25,1,22
111,21,17,0,292.95,1,8
112,21,18,0,420.05,1,13
113,21,19,0,297.6,1,8
114,21,23,0,440.2,1,11
115,22,1,0,266.6,1,8
116,22,3,0,429.35,1,12
117,22,13,0,232.5,1,7
118,23,1,0,699.05,1,17
119,23,10,0,192.2,1,6
120,23,13,0,323.95,1,9
121,23,15,0,412.3,1,11
122,23,17,0,153.45,1,5
123,23,18,0,116.25,1,4
124,23,21,0,446.4,1,13
125,23,24,0,305.35,1,9
126,24,1,0,903.65,1,24
127,24,13,0,449.5,1,11
128,24,18,0,237.15,1,7
129,24,23,0,305.35,1,9
130,0,2,0,161.2,1,6
131,0,3,0,353.4,1,10
132,0,4,0,285.2,1,9
133,0,5,0,474.3,1,13
134,0,6,0,246.45,1,8
135,0,8,0,427.8,1,12
136,0,9,0,379.75,1,11
137,0,10,0,931.55,1,25
138,0,11,0,158.1,1,5
139,0,12,0,401.45,1,11
140,0,14,0,632.4,1,17
141,0,15,0,1063.3,1,28
142,0,16,0,367.35,1,11
143,0,17,0,596.75,1,16
144,0,18,0,717.65,1,19
145,0,19,0,615.35,1,17
146,0,20,0,361.15,1,10
147,0,21,0,444.85,1,13
148,0,22,0,297.6,1,9
149,0,23,0,739.35,1,20
150,0,24,0,957.9,1,25
151,1,7,0,103.85,1,4
152,2,0,0,161.2,1,6
153,2,3,0,480.5,1,13
154,2,4,0,409.2,1,12
155,2,5,0,257.3,1,8
156,2,6,0,110.05,1,4
157,2,8,0,412.3,1,12
158,2,9,0,229.4,1,7
159,2,10,0,872.65,1,23
160,2,11,0,182.9,1,6
161,2,12,0,582.8,1,16
162,2,13,0,390.6,1,11
163,2,14,0,790.5,1,21
164,2,15,0,940.85,1,25
165,2,16,0,475.85,1,13
166,2,17,0,568.85,1,16
167,2,18,0,638.6,1,17
168,2,19,0,643.25,1,17
169,2,20,0,207.7,1,7
170,2,21,0,424.7,1,12
171,2,22,0,308.45,1,9
172,2,23,0,716.1,1,19
173,2,24,0,847.85,1,23
174,3,0,0,353.4,1,10
175,3,2,0,480.5,1,13
176,3,6,0,554.9,1,15
177,3,9,0,685.1,1,18
178,3,10,0,995.1,1,26
179,3,11,0,477.4,1,13
180,3,15,0,1224.5,1,32
181,3,17,0,764.15,1,20
182,3,18,0,833.9,1,22
183,3,20,0,620,1,17
184,3,23,0,888.15,1,23
185,3,24,0,1108.25,1,29
186,4,0,0,285.2,1,9
187,4,2,0,409.2,1,12
188,4,6,0,494.45,1,14
189,4,7,0,75.95,1,3
190,4,8,0,142.6,1,5
191,4,9,0,624.65,1,17
192,4,10,0,838.55,1,22
193,4,11,0,406.1,1,12
194,4,12,0,331.7,1,9
195,4,13,0,427.8,1,12
196,4,14,0,410.75,1,12
197,4,15,0,970.3,1,26
198,4,16,0,147.25,1,5
199,4,17,0,503.75,1,14
200,4,18,0,624.65,1,17
201,4,19,0,390.6,1,11
202,4,20,0,413.85,1,12
203,4,21,0,263.5,1,8
204,4,22,0,204.6,1,7
205,4,23,0,646.35,1,18
206,4,24,0,861.8,1,23
207,5,0,0,474.3,1,13
208,5,2,0,257.3,1,8
209,5,6,0,161.2,1,5
210,5,9,0,198.4,1,6
211,5,11,0,320.85,1,9
212,5,18,0,660.3,1,16
213,5,20,0,178.25,1,6
214,5,23,0,720.75,1,19
215,6,0,0,246.45,1,8
216,6,2,0,110.05,1,4
217,6,3,0,554.9,1,15
218,6,4,0,494.45,1,14
219,6,5,0,161.2,1,5
220,6,8,0,637.05,1,17
221,6,9,0,141.05,1,5
222,6,10,0,939.3,1,25
223,6,11,0,165.85,1,5
224,6,12,0,623.1,1,17
225,6,14,0,840.1,1,22
226,6,15,0,982.7,1,26
227,6,16,0,576.6,1,16
228,6,17,0,615.35,1,17
229,6,18,0,685.1,1,18
230,6,19,0,824.6,1,22
231,6,20,0,243.35,1,7
232,6,21,0,593.65,1,16
233,6,22,0,446.4,1,13
234,6,23,0,761.05,1,20
235,6,24,0,877.3,1,23
236,7,3,0,246.45,1,8
237,7,4,0,75.95,1,3
238,8,0,0,427.8,1,12
239,8,2,0,412.3,1,12
240,8,4,0,142.6,1,5
241,8,6,0,637.05,1,17
242,8,9,0,767.25,1,21
243,8,10,0,714.55,1,19
244,8,11,0,545.6,1,15
245,8,12,0,460.35,1,13
246,8,14,0,328.6,1,10
247,8,15,0,883.5,1,23
248,8,17,0,427.8,1,12
249,8,18,0,542.5,1,15
250,8,19,0,240.25,1,7
251,8,20,0,444.85,1,13
252,8,22,0,203.05,1,7
253,8,23,0,536.3,1,15
254,8,24,0,801.35,1,21
255,9,0,0,379.75,1,11
256,9,2,0,229.4,1,7
257,9,3,0,685.1,1,18
258,9,4,0,624.65,1,17
259,9,5,0,198.4,1,6
260,9,6,0,141.05,1,5
261,9,8,0,767.25,1,21
262,9,10,0,1069.5,1,28
263,9,11,0,297.6,1,8
264,9,12,0,753.3,1,20
265,9,13,0,469.65,1,12
266,9,14,0,652.55,1,18
267,9,15,0,1112.9,1,29
268,9,16,0,706.8,1,19
269,9,17,0,646.35,1,18
270,9,18,0,711.45,1,18
271,9,19,0,954.8,1,25
272,9,20,0,279,1,8
273,9,21,0,723.85,1,19
274,9,22,0,576.6,1,16
275,9,23,0,891.25,1,24
276,9,24,0,1019.9,1,27
277,10,0,0,931.55,1,25
278,10,2,0,872.65,1,23
279,10,3,0,995.1,1,26
280,10,4,0,838.55,1,22
281,10,6,0,939.3,1,25
282,10,8,0,714.55,1,19
283,10,9,0,1069.5,1,28
284,10,11,0,1133.05,1,30
285,10,12,0,1086.55,1,28
286,10,13,0,483.6,1,12
287,10,14,0,970.3,1,26
288,10,15,0,224.75,1,7
289,10,16,0,872.65,1,23
290,10,17,0,334.8,1,9
291,10,18,0,306.9,1,9
292,10,19,0,909.85,1,24
293,10,20,0,714.55,1,19
294,10,21,0,623.1,1,16
295,10,22,0,623.1,1,17
296,10,24,0,286.75,1,8
297,11,0,0,158.1,1,5
298,11,2,0,182.9,1,6
299,11,3,0,477.4,1,13
300,11,4,0,406.1,1,12
301,11,5,0,320.85,1,9
302,11,6,0,165.85,1,5
303,11,8,0,545.6,1,15
304,11,9,0,297.6,1,9
305,11,10,0,1133.05,1,30
306,11,12,0,523.9,1,14
307,11,14,0,770.35,1,21
308,11,15,0,1112.9,1,29
309,11,16,0,488.25,1,14
310,11,17,0,798.25,1,21
311,11,18,0,832.35,1,21
312,11,19,0,748.65,1,20
313,11,20,0,406.1,1,11
314,11,21,0,649.45,1,18
315,11,22,0,499.1,1,14
316,11,23,0,852.5,1,23
317,11,24,0,1021.45,1,27
318,12,0,0,401.45,1,11
319,12,2,0,582.8,1,16
320,12,4,0,331.7,1,10
321,12,6,0,623.1,1,17
322,12,8,0,460.35,1,13
323,12,9,0,753.3,1,20
324,12,10,0,1086.55,1,28
325,12,11,0,523.9,1,14
326,12,13,0,776.55,1,20
327,12,14,0,550.25,1,15
328,12,15,0,1233.8,1,32
329,12,16,0,296.05,1,9
330,12,17,0,776.55,1,21
331,12,18,0,1038.5,1,27
332,12,19,0,523.9,1,14
333,12,20,0,637.05,1,17
334,12,21,0,554.9,1,15
335,12,22,0,556.45,1,15
336,12,23,0,919.15,1,24
337,12,24,0,1137.7,1,30
338,13,2,0,390.6,1,11
339,13,4,0,427.8,1,12
340,13,8,0,415.4,1,11
341,13,9,0,469.65,1,12
342,13,14,0,655.65,1,17
343,13,16,0,530.1,1,14
344,14,0,0,632.4,1,17
345,14,2,0,790.5,1,21
346,14,4,0,410.75,1,12
347,14,6,0,840.1,1,22
348,14,8,0,328.6,1,10
349,14,9,0,652.55,1,18
350,14,10,0,970.3,1,26
351,14,11,0,770.35,1,21
352,14,12,0,550.25,1,15
353,14,13,0,655.65,1,17
354,14,15,0,1106.7,1,28
355,14,16,0,272.8,1,8
356,14,17,0,671.15,1,18
357,14,18,0,798.25,1,20
358,14,20,0,852.5,1,23
359,14,22,0,527,1,15
360,14,23,0,818.4,1,20
361,14,24,0,995.1,1,26
362,15,0,0,1063.3,1,28
363,15,2,0,940.85,1,25
364,15,3,0,1224.5,1,32
365,15,4,0,970.3,1,26
366,15,6,0,982.7,1,26
367,15,8,0,883.5,1,23
368,15,9,0,1112.9,1,29
369,15,10,0,224.75,1,7
370,15,11,0,1112.9,1,29
371,15,12,0,1233.8,1,32
372,15,14,0,1106.7,1,28
373,15,16,0,1027.65,1,27
374,15,17,0,454.15,1,12
375,15,19,0,1023,1,27
376,15,20,0,757.95,1,19
377,15,22,0,733.15,1,19
378,15,24,0,110.05,1,4
379,16,0,0,367.35,1,11
380,16,2,0,475.85,1,13
381,16,4,0,147.25,1,5
382,16,6,0,576.6,1,16
383,16,7,0,155,1,5
384,16,9,0,706.8,1,19
385,16,10,0,872.65,1,23
386,16,11,0,488.25,1,14
387,16,12,0,296.05,1,8
388,16,14,0,272.8,1,8
389,16,15,0,1027.65,1,27
390,16,17,0,570.4,1,16
391,16,18,0,686.65,1,19
392,16,19,0,251.1,1,7
393,16,20,0,525.45,1,15
394,16,22,0,302.25,1,9
395,16,23,0,692.85,1,19
396,16,24,0,951.7,1,25
397,17,0,0,596.75,1,16
398,17,2,0,568.85,1,16
399,17,3,0,764.15,1,20
400,17,4,0,503.75,1,14
401,17,5,0,530.1,1,14
402,17,6,0,615.35,1,17
403,17,8,0,427.8,1,12
404,17,9,0,649.45,1,18
405,17,10,0,334.8,1,10
406,17,11,0,798.25,1,21
407,17,12,0,776.55,1,21
408,17,14,0,671.15,1,17
409,17,15,0,454.15,1,12
410,17,16,0,570.4,1,16
411,17,19,0,581.25,1,16
412,17,20,0,373.55,1,10
413,17,22,0,294.5,1,8
414,17,23,0,153.45,1,5
415,17,24,0,362.7,1,10
416,18,0,0,719.2,1,19
417,18,2,0,638.6,1,17
418,18,3,0,833.9,1,22
419,18,4,0,624.65,1,17
420,18,5,0,660.3,1,16
421,18,6,0,685.1,1,18
422,18,8,0,542.5,1,15
423,18,9,0,711.45,1,18
424,18,11,0,832.35,1,21
425,18,12,0,1038.5,1,27
426,18,14,0,798.25,1,21
427,18,16,0,686.65,1,19
428,18,20,0,438.65,1,12
429,19,0,0,615.35,1,17
430,19,2,0,643.25,1,17
431,19,4,0,390.6,1,11
432,19,6,0,824.6,1,22
433,19,9,0,954.8,1,25
434,19,10,0,909.85,1,24
435,19,11,0,748.65,1,20
436,19,12,0,523.9,1,14
437,19,13,0,565.75,1,14
438,19,15,0,1023,1,27
439,19,16,0,251.1,1,7
440,19,17,0,581.25,1,16
441,19,18,0,709.9,1,18
442,19,20,0,764.15,1,20
443,19,22,0,437.1,1,12
444,19,23,0,728.5,1,18
445,19,24,0,942.4,1,25
446,20,0,0,361.15,1,10
447,20,2,0,207.7,1,7
448,20,3,0,620,1,17
449,20,4,0,413.85,1,12
450,20,5,0,178.25,1,6
451,20,6,0,243.35,1,7
452,20,8,0,444.85,1,13
453,20,9,0,279,1,8
454,20,10,0,714.55,1,19
455,20,11,0,406.1,1,11
456,20,12,0,637.05,1,17
457,20,14,0,878.85,1,23
458,20,15,0,757.95,1,19
459,20,16,0,525.45,1,15
460,20,17,0,373.55,1,11
461,20,18,0,438.65,1,12
462,20,19,0,764.15,1,20
463,20,21,0,466.55,1,13
464,20,22,0,272.8,1,8
465,20,24,0,641.7,1,17
466,21,0,0,444.85,1,13
467,21,2,0,424.7,1,12
468,21,4,0,263.5,1,8
469,21,6,0,593.65,1,16
470,21,9,0,723.85,1,19
471,21,10,0,623.1,1,16
472,21,11,0,646.35,1,18
473,21,12,0,554.9,1,15
474,21,16,0,305.35,1,9
475,21,20,0,466.55,1,13
476,21,22,0,142.6,1,5
477,21,24,0,651,1,18
478,22,0,0,297.6,1,9
479,22,2,0,308.45,1,10
480,22,4,0,204.6,1,7
481,22,6,0,446.4,1,13
482,22,8,0,203.05,1,6
483,22,9,0,576.6,1,16
484,22,10,0,623.1,1,17
485,22,11,0,499.1,1,14
486,22,12,0,556.45,1,15
487,22,14,0,527,1,15
488,22,15,0,733.15,1,19
489,22,16,0,302.25,1,9
490,22,17,0,294.5,1,8
491,22,18,0,404.55,1,10
492,22,19,0,437.1,1,12
493,22,20,0,272.8,1,9
494,22,21,0,142.6,1,5
495,22,23,0,432.45,1,11
496,22,24,0,643.25,1,17
497,23,0,0,739.35,1,20
498,23,2,0,716.1,1,19
499,23,3,0,888.15,1,23
500,23,4,0,646.35,1,18
501,23,6,0,761.05,1,20
502,23,8,0,536.3,1,15
503,23,9,0,891.25,1,24
504,23,11,0,852.5,1,23
505,23,12,0,919.15,1,24
506,23,14,0,818.4,1,20
507,23,16,0,692.85,1,19
508,23,19,0,728.5,1,18
509,23,20,0,522.35,1,14
510,23,22,0,432.45,1,11
511,24,0,0,957.9,1,25
512,24,2,0,847.85,1,23
513,24,3,0,1108.25,1,29
514,24,4,0,861.8,1,23
515,24,6,0,877.3,1,23
516,24,8,0,801.35,1,21
517,24,9,0,1019.9,1,27
518,24,10,0,286.75,1,8
519,24,11,0,1021.45,1,27
520,24,12,0,1137.7,1,30
521,24,14,0,995.1,1,26
522,24,15,0,110.05,1,4
523,24,16,0,951.7,1,25
524,24,17,0,362.7,1,10
525,24,19,0,942.4,1,25
526,24,20,0,641.7,1,17
527,24,21,0,651,1,16
528,24,22,0,643.25,1,17
PATHS,600
Index,Shipment origin,Shipment destination,1st terminal on path,2nd terminal on path,.....,6th terminal on path
0,0,1,0,1
1,0,2,0,1,2
2,0,3,0,1,3
3,0,4,0,1,4
4,0,5,0,1,5
5,0,6,0,1,6
6,0,7,0,1,7
7,0,8,0,1,8
8,0,9,0,1,9
9,0,10,0,1,10
10,0,11,0,1,11
11,0,12,0,1,12
12,0,13,0,1,13
13,0,14,0,1,14
14,0,15,0,1,15
15,0,16,0,1,16
16,0,17,0,1,17
17,0,18,0,1,18
18,0,19,0,1,19
19,0,20,0,1,20
20,0,21,0,1,21
21,0,22,0,1,22
22,0,23,0,1,23
23,0,24,0,1,24
24,1,0,1,0
25,1,2,1,2
26,1,3,1,3
27,1,4,1,4
28,1,5,1,5
29,1,6,1,6
30,1,7,1,7
31,1,8,1,8
32,1,9,1,9
33,1,10,1,10
34,1,11,1,11
35,1,12,1,12
36,1,13,1,13
37,1,14,1,14
38,1,15,1,15
39,1,16,1,16
40,1,17,1,17
41,1,18,1,18
42,1,19,1,19
43,1,20,1,20
44,1,21,1,21
45,1,22,1,22
46,1,23,1,23
47,1,24,1,24
48,2,0,2,1,0
49,2,1,2,1
50,2,3,2,1,3
51,2,4,2,1,4
52,2,5,2,1,5
53,2,6,2,1,6
54,2,8,2,1,8
55,2,7,2,1,7
56,2,9,2,1,9
57,2,10,2,1,10
58,2,11,2,1,11
59,2,12,2,1,12
60,2,13,2,1,13
61,2,14,2,1,14
62,2,15,2,1,15
63,2,16,2,1,16
64,2,17,2,1,17
65,2,18,2,1,18
66,2,19,2,1,19
67,2,20,2,1,20
68,2,21,2,1,21
69,2,22,2,1,22
70,2,23,2,1,23
71,2,24,2,1,24
72,3,0,3,1,0
73,3,1,3,1
74,3,2,3,1,2
75,3,4,3,4
76,3,5,3,1,5
77,3,6,3,1,6
78,3,7,3,1,7
79,3,8,3,8
80,3,9,3,1,9
81,3,10,3,13,10
82,3,11,3,1,11
83,3,12,3,12
84,3,13,3,13
85,3,14,3,14
86,3,15,3,13,15
87,3,16,3,16
88,3,17,3,13,17
89,3,18,3,13,18
90,3,19,3,19
91,3,20,3,1,20
92,3,21,3,21
93,3,22,3,22
94,3,23,3,21,23
95,3,24,3,13,24
96,4,0,4,1,0
97,4,1,4,1
98,4,2,4,1,2
99,4,3,4,3
100,4,5,4,1,5
101,4,6,4,1,6
102,4,7,4,1,7
103,4,8,4,1,8
104,4,9,4,1,9
105,4,10,4,1,10
106,4,11,4,1,11
107,4,12,4,3,12
108,4,13,4,1,13
109,4,14,4,3,14
110,4,15,4,1,15
111,4,16,4,3,16
112,4,17,4,1,17
113,4,18,4,1,18
114,4,19,4,3,19
115,4,20,4,1,20
116,4,21,4,1,21
117,4,22,4,1,22
118,4,23,4,1,23
119,4,24,4,1,24
120,5,0,5,1,0
121,5,1,5,1
122,5,2,5,1,2
123,5,3,5,1,3
124,5,4,5,1,4
125,5,6,5,1,6
126,5,7,5,1,7
127,5,8,5,1,8
128,5,9,5,1,9
129,5,10,5,13,10
130,5,11,5,1,11
131,5,12,5,1,12
132,5,13,5,13
133,5,14,5,1,14
134,5,15,5,13,15
135,5,16,5,1,16
136,5,17,5,13,17
137,5,18,5,13,18
138,5,19,5,13,21,19
139,5,20,5,13,20
140,5,21,5,13,21
141,5,22,5,1,22
142,5,23,5,13,23
143,5,24,5,13,24
144,6,0,6,1,0
145,6,1,6,1
146,6,2,6,1,2
147,6,3,6,1,3
148,6,4,6,1,4
149,6,5,6,1,5
150,6,7,6,1,7
151,6,8,6,1,8
152,6,9,6,1,9
153,6,10,6,1,10
154,6,11,6,1,11
155,6,12,6,1,12
156,6,13,6,1,13
157,6,14,6,1,14
158,6,15,6,1,15
159,6,16,6,1,16
160,6,17,6,1,17
161,6,18,6,1,18
162,6,19,6,1,19
163,6,20,6,1,20
164,6,21,6,1,21
165,6,22,6,1,22
166,6,23,6,1,23
167,6,24,6,1,24
168,7,0,7,1,0
169,7,1,7,1
170,7,2,7,1,2
171,7,3,7,3
172,7,4,7,4
173,7,5,7,1,5
174,7,6,7,3,6
175,7,8,7,3,8
176,7,9,7,1,9
177,7,10,7,1,9
178,7,11,7,3,11
179,7,12,7,4,12
180,7,13,7,4,13
181,7,14,7,4,14
182,7,15,7,4,15
183,7,16,7,4,16
184,7,17,7,1,17
185,7,18,7,1,18
186,7,19,7,1,19
187,7,20,7,1,20
188,7,21,7,1,21
189,7,22,7,1,22
190,7,23,7,1,23
191,7,24,7,1,24
192,8,0,8,1,0
193,8,1,8,1
194,8,2,8,1,2
195,8,3,8,3
196,8,4,8,1,4
197,8,5,8,1,5
198,8,6,8,1,6
199,8,7,8,1,7
200,8,9,8,1,9
201,8,10,8,21,23,10
202,8,11,8,1,11
203,8,12,8,3,12
204,8,13,8,21,13
205,8,14,8,21,14
206,8,15,8,21,13,15
207,8,16,8,3,16
208,8,17,8,21,17
209,8,18,8,21,18
210,8,19,8,21,19
211,8,20,8,1,20
212,8,21,8,21
213,8,22,8,1,22
214,8,23,8,21,23
215,8,24,8,21,13,24
216,9,0,9,1,0
217,9,1,9,1
218,9,2,9,1,2
219,9,3,9,1,3
220,9,4,9,1,4
221,9,5,9,1,5
222,9,6,9,1,6
223,9,7,9,1,7
224,9,8,9,1,8
225,9,10,9,1,10
226,9,11,9,1,11
227,9,12,9,1,12
228,9,13,9,1,13
229,9,14,9,1,14
230,9,15,9,1,15
231,9,16,9,1,16
232,9,17,9,1,17
233,9,18,9,1,18
234,9,19,9,1,19
235,9,20,9,1,20
236,9,21,9,1,21
237,9,22,9,1,22
238,9,23,9,1,23
239,9,24,9,1,24
240,10,0,10,1,0
241,10,1,10,1
242,10,2,10,1,2
243,10,3,10,1,3
244,10,4,10,1,4
245,10,5,10,23,13,5
246,10,6,10,23,13,6
247,10,7,10,1,7
248,10,8,10,23,21,8
249,10,9,10,1,9
250,10,11,10,1,11
251,10,12,10,1,12
252,10,13,10,23,13
253,10,14,10,23,21,14
254,10,15,10,23,15
255,10,16,10,1,16
256,10,17,10,23,17
257,10,18,10,23,18
258,10,19,10,23,21,19
259,10,20,10,23,13,20
260,10,21,10,23,21
261,10,22,10,23,22
262,10,23,10,23
263,10,24,10,23,24
264,11,0,11,1,0
265,11,1,11,1
266,11,2,11,1,2
267,11,3,11,1,3
268,11,4,11,1,4
269,11,5,11,1,5
270,11,6,11,1,6
271,11,7,11,1,7
272,11,8,11,1,8
273,11,9,11,1,9
274,11,10,11,13,10
275,11,12,11,1,12
276,11,13,11,13
277,11,14,11,1,14
278,11,15,11,13,15
279,11,16,11,1,16
280,11,17,11,13,17
281,11,18,11,13,18
282,11,19,11,1,19
283,11,20,11,1,20
284,11,21,11,1,21
285,11,22,11,1,22
286,11,23,11,13,23
287,11,24,11,13,24
288,12,0,12,1,0
289,12,1,12,1
290,12,2,12,1,2
291,12,3,12,3
292,12,4,12,3,4
293,12,5,12,1,5
294,12,6,12,1,6
295,12,7,12,1,7
296,12,8,12,3,8
297,12,9,12,1,9
298,12,10,12,1,10
299,12,11,12,1,11
300,12,13,12,3,13
301,12,14,12,3,14
302,12,15,12,1,15
303,12,16,12,3,16
304,12,17,12,1,17
305,12,18,12,1,18
306,12,19,12,3,19
307,12,20,12,1,20
308,12,21,12,3,21
309,12,22,12,3,22
310,12,23,12,1,23
311,12,24,12,1,24
312,13,0,13,1,0
313,13,1,13,1
314,13,2,13,1,2
315,13,3,13,3
316,13,4,13,4
317,13,5,13,5
318,13,6,13,6
319,13,7,13,1,7
320,13,8,13,21,8
321,13,9,13,1,9
322,13,10,13,10
323,13,11,13,11
324,13,12,13,3,12
325,13,14,13,21,14
326,13,15,13,15
327,13,16,13,1,16
328,13,17,13,17
329,13,18,13,18
330,13,19,13,21,19
331,13,20,13,20
332,13,21,13,21
333,13,22,13,22
334,13,23,13,23
335,13,24,13,24
336,14,0,14,1,0
337,14,1,14,1
338,14,2,14,1,2
339,14,3,14,3
340,14,4,14,3,4
341,14,5,14,1,5
342,14,6,14,1,6
343,14,7,14,1,7
344,14,8,14,3,8
345,14,9,14,1,9
346,14,10,14,21,23,10
347,14,11,14,1,11
348,14,12,14,3,12
349,14,13,14,21,13
350,14,15,14,21,13,15
351,14,16,14,3,16
352,14,17,14,21,17
353,14,18,14,21,18
354,14,19,14,1,19
355,14,20,14,1,20
356,14,21,14,21
357,14,22,14,1,22
358,14,23,14,21,23
359,14,24,14,21,13,24
360,15,0,15,1,0
361,15,1,15,1
362,15,2,15,1,2
363,15,3,15,13,3
364,15,4,15,1,4
365,15,5,15,13,5
366,15,6,15,13,6
367,15,7,15,1,7
368,15,8,15,21,8
369,15,9,15,1,9
370,15,10,15,10
371,15,11,15,1,11
372,15,12,15,1,12
373,15,13,15,13
374,15,14,15,21,14
375,15,16,15,1,16
376,15,17,15,17
377,15,18,15,18
378,15,19,15,21,19
379,15,20,15,13,20
380,15,21,15,21
381,15,22,15,13,22
382,15,23,15,23
383,15,24,15,24
384,16,0,16,1,0
385,16,1,16,1
386,16,2,16,1,2
387,16,3,16,3
388,16,4,16,3,4
389,16,5,16,1,5
390,16,6,16,1,6
391,16,7,16,1,7
392,16,8,16,3,8
393,16,9,16,1,9
394,16,10,16,13,10
395,16,11,16,1,11
396,16,12,16,3,12
397,16,13,16,13
398,16,14,16,3,14
399,16,15,16,13,15
400,16,17,16,13,17
401,16,18,16,13,18
402,16,19,16,3,19
403,16,20,16,1,20
404,16,21,16,21
405,16,22,16,3,22
406,16,23,16,13,23
407,16,24,16,13,24
408,17,0,17,1,0
409,17,1,17,1
410,17,2,17,1,2
411,17,3,17,13,3
412,17,4,17,1,4
413,17,5,17,13,5
414,17,6,17,13,6
415,17,7,17,1,7
416,17,8,17,21,8
417,17,9,17,1,9
418,17,10,17,13,10
419,17,11,17,1,11
420,17,12,17,1,12
421,17,13,17,13
422,17,14,17,21,14
423,17,15,17,13,15
424,17,16,17,1,16
425,17,18,17,18
426,17,19,17,21,19
427,17,20,17,13,20
428,17,21,17,21
429,17,22,17,13,22
430,17,23,17,13,23
431,17,24,17,13,24
432,18,0,18,1,0
433,18,1,18,1
434,18,2,18,1,2
435,18,3,18,13,3
436,18,4,18,1,4
437,18,5,18,13,5
438,18,6,18,13,6
439,18,7,18,1,7
440,18,8,18,21,8
441,18,9,18,13,1,9
442,18,10,18,10
443,18,11,18,1,11
444,18,12,18,1,12
445,18,13,18,13
446,18,14,18,21,14
447,18,15,18,15
448,18,16,18,1,16
449,18,17,18,17
450,18,19,18,21,19
451,18,20,18,13,20
452,18,21,18,21
453,18,22,18,13,22
454,18,23,18,23
455,18,24,18,24
456,19,0,19,1,0
457,19,1,19,1
458,19,2,19,1,2
459,19,3,19,3
460,19,4,19,3,4
461,19,5,19,1,5
462,19,6,19,1,6
463,19,7,19,1,7
464,19,8,19,21,8
465,19,9,19,1,9
466,19,10,19,1,10
467,19,11,19,1,11
468,19,12,19,3,12
469,19,13,19,21,13
470,19,14,19,1,14
471,19,15,19,21,13,15
472,19,16,19,3,16
473,19,17,19,21,17
474,19,18,19,21,18
475,19,20,19,1,20
476,19,21,19,21
477,19,22,19,1,22
478,19,23,19,21,23
479,19,24,19,21,13,24
480,20,0,20,1,0
481,20,1,20,1
482,20,2,20,1,2
483,20,3,20,1,3
484,20,4,20,1,4
485,20,5,20,1,5
486,20,6,20,1,6
487,20,7,20,1,7
488,20,8,20,1,8
489,20,9,20,1,9
490,20,10,20,13,10
491,20,11,20,1,11
492,20,12,20,1,12
493,20,13,20,13
494,20,14,20,1,14
495,20,15,20,13,15
496,20,16,20,1,16
497,20,17,20,13,17
498,20,18,20,13,18
499,20,19,20,1,19
500,20,21,20,1,21
501,20,22,20,13,22
502,20,23,20,13,23
503,20,24,20,13,24
504,21,0,21,1,0
505,21,1,21,1
506,21,2,21,1,2
507,21,3,21,3
508,21,4,21,1,4
509,21,5,21,13,5
510,21,6,21,13,6
511,21,7,21,1,7
512,21,8,21,8
513,21,9,21,1,9
514,21,10,21,23,10
515,21,11,21,1,11
516,21,12,21,3,12
517,21,13,21,13
518,21,14,21,14
519,21,15,21,13,15
520,21,16,21,3,16
521,21,17,21,17
522,21,18,21,18
523,21,19,21,19
524,21,20,21,1,20
525,21,22,21,1,22
526,21,23,21,23
527,21,24,21,13,24
528,22,0,22,1,0
529,22,1,22,1
530,22,2,22,1,2
531,22,3,22,3
532,22,4,22,1,4
533,22,5,22,13,5
534,22,6,22,1,6
535,22,7,22,1,7
536,22,8,22,1,8
537,22,9,22,1,9
538,22,10,22,13,10
539,22,11,22,1,11
540,22,12,22,3,12
541,22,13,22,13
542,22,14,22,1,14
543,22,15,22,13,15
544,22,16,22,1,16
545,22,17,22,13,17
546,22,18,22,13,18
547,22,19,22,1,19
548,22,20,22,13,20
549,22,21,22,1,21
550,22,23,22,13,23
551,22,24,22,13,24
552,23,0,23,1,0
553,23,1,23,1
554,23,2,23,1,2
555,23,3,23,1,3
556,23,4,23,1,4
557,23,5,23,13,5
558,23,6,23,13,6
559,23,7,23,1,7
560,23,8,23,21,8
561,23,9,23,1,9
562,23,10,23,10
563,23,11,23,1,11
564,23,12,23,1,12
565,23,13,23,13
566,23,14,23,21,14
567,23,15,23,15
568,23,16,23,1,16
569,23,17,23,17
570,23,18,23,18
571,23,19,23,21,19
572,23,20,23,13,20
573,23,21,23,21
574,23,22,23,22
575,23,24,23,24
576,24,0,24,1,0
577,24,1,24,1
578,24,2,24,1,2
579,24,3,24,13,3
580,24,4,24,1,4
581,24,5,24,13,5
582,24,6,24,13,6
583,24,7,24,1,7
584,24,8,24,18,21,8
585,24,9,24,13,1,9
586,24,10,24,23,10
587,24,11,24,13,11
588,24,12,24,1,12
589,24,13,24,13
590,24,14,24,18,21,14
591,24,15,24,15
592,24,16,24,1,16
593,24,17,24,13,17
594,24,18,24,18
595,24,19,24,18,21,19
596,24,20,24,13,20
597,24,21,24,18,21
598,24,22,24,13,22
599,24,23,24,23
COMMODITIES,550
Index,Origin,Destination,Demand/Size,Earliest available time,Latest delivery time
0,1,21,0.164566,38,61
1,1,24,0.0897183,230,266
2,0,21,0.466622,38,66
3,16,13,0.864925,90,119
4,2,19,0.32293,182,214
5,1,2,0.25066,42,61
6,21,8,0.441956,186,203
7,24,13,0.0499103,38,61
8,24,2,0.336164,138,181
9,22,8,0.19021,134,163
10,11,13,0.099997,230,258
11,1,18,0.502291,232,262
12,13,8,0.896884,38,63
13,5,20,0.336653,90,118
14,0,11,0.0102884,186,211
15,17,8,0.204063,182,207
16,21,13,0.896919,230,250
17,18,8,0.60206,42,70
18,18,16,0.531051,184,221
19,20,14,0.345394,136,174
20,1,20,0.363681,186,208
21,20,22,0.2406,184,209
22,3,8,0.00771606,134,155
23,1,6,0.169697,40,61
24,22,12,0.449492,38,67
25,24,19,0.804724,234,272
26,17,1,0.127767,88,114
27,1,15,0.877221,38,74
28,13,10,0.93802,230,254
29,1,19,0.17337,186,211
30,1,20,0.042453,88,110
31,21,1,0.326671,38,61
32,0,1,0.676062,88,105
33,10,24,0.903312,88,115
34,17,1,0.14016,40,66
35,13,23,0.99185,136,157
36,18,13,0.534006,86,105
37,18,1,0.313112,88,117
38,24,19,0.797162,186,224
39,19,17,0.287577,230,258
40,19,1,0.0697063,42,67
41,13,22,0.297268,182,201
42,20,15,0.410158,136,168
43,3,6,0.181187,134,163
44,12,16,0.69359,182,204
45,23,19,0.738235,136,169
46,16,12,0.19039,186,208
47,17,20,0.297495,136,160
48,24,15,0.830719,230,246
49,5,23,0.810372,38,69
50,16,0,0.731513,186,211
51,16,22,0.411373,234,264
52,1,4,0.363878,88,106
53,8,3,0.53631,184,205
54,15,5,0.456107,232,270
55,24,20,0.00321141,38,67
56,23,24,0.20371,38,59
57,10,18,0.634043,232,254
58,23,22,0.293417,88,111
59,18,17,0.12959,230,247
60,3,0,0.484821,184,209
61,1,19,0.617938,136,161
62,23,12,0.341468,182,221
63,22,3,0.245595,134,158
64,19,1,0.855428,232,257
65,24,0,0.0500046,90,131
66,13,8,0.759198,42,67
67,3,0,0.545434,234,259
68,13,21,0.315164,136,156
69,11,4,0.223097,42,68
70,1,13,0.104821,90,116
71,22,20,0.570235,232,257
72,15,22,0.677967,182,217
73,20,1,0.808959,134,156
74,1,6,0.847811,134,155
75,18,17,0.56469,232,249
76,14,22,0.728617,40,76
77,11,3,0.854309,90,118
78,1,19,0.797899,234,259
79,15,21,0.286675,38,70
80,15,13,0.868431,38,66
81,24,1,0.273075,38,74
82,21,9,0.215675,184,219
83,12,10,0.859214,230,278
84,16,19,0.652061,136,164
85,17,5,0.254454,40,68
86,3,1,0.509759,90,110
87,17,15,0.328938,230,262
88,2,22,0.180331,184,211
89,20,13,0.494166,42,60
90,14,17,0.0826942,234,264
91,5,3,0.641269,38,73
92,12,22,0.213803,234,264
93,19,9,0.209708,88,125
94,10,23,0.816847,234,252
95,1,0,0.0939289,232,249
96,15,4,0.221606,234,276
97,17,24,0.615133,136,165
98,15,18,0.990008,42,64
99,15,23,0.178942,230,253
100,15,21,0.214753,182,214
101,11,23,0.975325,232,269
102,22,14,0.243334,138,174
103,15,21,0.290819,90,122
104,18,14,0.28198,88,121
105,20,10,0.425776,38,68
106,15,17,0.0185552,40,64
107,3,5,0.808741,88,123
108,0,12,0.279272,90,117
109,13,5,0.350251,42,64
110,8,17,0.475657,136,161
111,17,13,0.0454123,184,202
112,17,21,0.30021,182,202
113,13,4,0.0816344,138,162
114,11,15,0.188343,230,272
115,9,1,0.169304,184,208
116,22,13,0.726259,38,57
117,0,11,0.992258,38,63
118,10,24,0.766862,230,257
119,1,15,0.831826,138,174
120,23,18,0.310957,38,54
121,1,10,0.334888,138,176
122,12,1,0.269701,138,160
123,11,18,0.960624,138,173
124,1,0,0.052889,186,203
125,1,18,0.8356,182,212
126,13,23,0.147331,38,59
127,10,1,0.498796,90,125
128,2,8,0.518206,182,210
129,14,1,0.282939,230,258
130,11,21,0.350128,186,217
131,16,1,0.335671,38,58
132,15,18,0.508824,232,254
133,3,8,0.843137,138,159
134,20,23,0.102974,42,69
135,13,2,0.326802,88,120
136,18,15,0.603754,42,64
137,1,15,0.400044,88,124
138,18,3,0.106857,138,179
139,16,2,0.306889,136,163
140,11,1,0.697018,230,250
141,5,16,0.389947,234,269
142,19,1,0.580788,182,207
143,24,21,0.121232,234,264
144,11,16,0.362802,86,114
145,13,15,0.135863,134,160
146,23,8,0.170752,186,216
147,16,8,0.73723,182,208
148,22,23,0.538827,138,166
149,17,20,0.298218,232,256
150,23,9,0.527209,40,81
151,15,21,0.235452,40,72
152,11,19,0.304698,42,75
153,20,8,0.270761,230,261
154,10,18,0.447348,90,112
155,20,14,0.381631,134,172
156,23,8,0.196505,230,260
157,19,13,0.523051,136,164
158,22,6,0.309746,88,117
159,11,8,0.439878,234,263
160,18,16,0.532082,134,171
161,23,15,0.321279,230,253
162,19,18,0.250911,234,267
163,1,24,0.892893,186,222
164,0,13,0.335701,186,217
165,12,16,0.733922,40,62
166,3,21,0.406008,186,212
167,0,18,0.773505,86,121
168,1,0,0.189184,40,57
169,15,24,0.624206,86,102
170,1,17,0.544202,86,114
171,13,14,0.151521,234,264
172,23,17,0.602204,138,155
173,23,18,0.722116,42,58
174,18,17,0.574799,38,55
175,23,8,0.120479,182,212
176,13,12,0.133355,42,81
177,1,14,0.96604,234,262
178,24,2,0.35343,232,275
179,24,11,0.643055,182,222
180,24,20,0.197653,40,69
181,18,1,0.733375,38,67
182,24,1,0.14377,90,126
183,11,15,0.492215,86,128
184,21,24,0.304532,134,165
185,18,16,0.490129,38,75
186,10,1,0.976363,86,121
187,16,6,0.11016,86,115
188,5,19,0.131665,40,78
189,1,10,0.244254,136,174
190,20,14,0.315481,230,268
191,1,22,0.416607,90,110
192,3,13,0.410355,182,214
193,1,3,0.473635,184,204
194,8,19,0.0875766,38,63
195,4,18,0.333962,38,74
196,1,16,0.654388,38,58
197,23,11,0.0915698,90,127
198,12,1,0.0420866,40,62
199,0,1,0.638312,42,59
200,3,18,0.495777,90,129
201,10,9,0.392746,38,85
202,9,1,0.755871,138,162
203,13,11,0.215348,40,69
204,1,2,0.85426,184,203
205,13,18,0.866815,230,249
206,23,17,0.606581,182,199
207,5,1,0.915538,232,259
208,3,6,0.102232,42,71
209,8,3,0.969522,234,255
210,15,4,0.208295,184,226
211,4,18,0.368158,90,126
212,1,0,0.0466732,88,105
213,19,24,0.438394,232,271
214,5,1,0.61323,90,117
215,4,23,0.023579,184,220
216,19,5,0.51206,88,128
217,20,14,0.377927,86,124
218,19,1,0.75847,186,211
219,11,13,0.00480322,88,116
220,3,20,0.95376,136,166
221,1,11,0.115617,230,250
222,1,10,0.240704,182,220
223,10,6,0.0978969,40,79
224,13,1,0.342635,136,161
225,3,22,0.432339,234,259
226,13,17,0.657996,42,60
227,11,12,0.211141,86,116
228,3,4,0.13551,88,108
229,3,23,0.347617,186,223
230,19,11,0.631051,234,267
231,3,9,0.562311,184,216
232,24,6,0.380073,42,77
233,13,21,0.159898,42,62
234,19,5,0.476554,184,224
235,0,15,0.484675,186,227
236,21,1,0.332062,138,161
237,16,3,0.483808,38,55
238,0,23,0.0453002,232,267
239,11,22,0.839202,40,68
240,17,10,0.50814,38,68
241,13,21,0.504598,134,154
242,13,10,0.053441,182,206
243,13,19,0.675748,232,260
244,0,20,0.802896,40,67
245,1,8,0.810684,234,255
246,4,13,0.324554,42,74
247,9,3,0.415994,90,122
248,23,20,0.0331612,184,211
249,0,8,0.391362,134,160
250,20,19,0.471734,182,217
251,11,13,0.0958913,186,214
252,24,15,0.148118,134,150
253,8,23,0.292128,86,114
254,3,4,0.440226,136,156
255,3,14,0.143987,86,109
256,10,23,0.539915,136,154
257,22,5,0.414168,184,213
258,1,11,0.142548,186,206
259,1,11,0.310025,88,108
260,3,9,0.660825,38,70
261,0,11,0.0156659,42,67
262,17,23,0.717335,184,211
263,24,21,0.107002,186,216
264,3,9,0.627749,136,168
265,23,11,0.439514,88,125
266,8,23,0.277449,232,260
267,14,21,0.798273,42,64
268,3,12,0.743202,134,151
269,17,20,0.30528,230,254
270,0,22,0.251178,88,113
271,10,19,0.443828,40,79
272,12,9,0.210743,86,120
273,1,3,0.0650912,40,60
274,23,13,0.796,134,155
275,0,13,0.346956,232,263
276,16,0,0.793769,136,161
277,15,10,0.707373,184,203
278,15,22,0.602537,134,169
279,4,12,0.166333,182,207
280,1,5,0.861691,88,115
281,8,1,0.888099,232,253
282,13,12,0.136,136,175
283,17,11,0.109665,40,74
284,17,20,0.309392,38,62
285,0,17,0.22608,186,219
286,23,4,0.407264,42,77
287,15,1,0.210817,86,122
288,19,23,0.618202,186,217
289,23,14,0.584695,232,267
290,22,8,0.306464,234,263
291,15,22,0.666786,230,265
292,14,12,0.18259,232,260
293,15,12,0.800514,234,280
294,18,2,0.46954,136,172
295,23,6,0.702621,90,123
296,15,23,0.427586,90,113
297,8,14,0.0160856,86,113
298,14,12,0.173849,42,70
299,0,13,0.352429,134,165
300,16,20,0.202971,40,70
301,14,4,0.241447,90,121
302,15,22,0.605289,90,125
303,19,11,0.636446,88,121
304,23,0,0.661452,230,264
305,1,21,0.68897,232,255
306,11,3,0.872397,230,258
307,19,5,0.45309,40,80
308,15,8,0.0195618,40,77
309,3,22,0.945125,42,67
310,19,8,0.435027,186,211
311,18,19,0.180667,234,265
312,23,11,0.451917,40,77
313,24,2,0.38933,186,229
314,18,20,0.0899313,186,211
315,17,18,0.229145,232,249
316,22,24,0.442669,42,72
317,12,3,0.142404,38,55
318,13,15,0.728818,234,260
319,14,4,0.220602,234,265
320,13,3,0.266853,38,72
321,23,22,0.0604538,232,255
322,5,23,0.842046,40,71
323,17,18,0.319431,136,153
324,10,22,0.0603342,86,115
325,22,20,0.491656,182,207
326,19,15,0.507847,134,176
327,17,22,0.139793,230,255
328,0,16,0.767741,90,115
329,13,3,0.670411,134,168
330,3,24,0.959943,88,131
331,8,1,0.84269,88,109
332,1,17,0.249162,138,166
333,13,22,0.970691,136,155
334,19,11,0.746546,86,119
335,24,15,0.26557,232,248
336,1,22,0.695335,88,108
337,3,24,0.98133,232,275
338,1,15,0.12893,234,270
339,18,10,0.366095,90,112
340,22,1,0.991725,232,252
341,3,6,0.249183,230,259
342,2,20,0.0580612,90,119
343,11,3,0.649434,88,116
344,16,14,0.0572948,186,214
345,2,14,0.715054,232,267
346,18,17,0.747428,88,105
347,8,12,0.249489,232,258
348,1,16,0.193699,182,202
349,24,19,0.86038,134,172
350,12,1,0.360682,90,112
351,17,23,0.195409,42,69
352,23,6,0.614494,136,169
353,17,9,0.336617,38,76
354,15,8,0.99813,230,267
355,15,19,0.512043,138,178
356,20,2,0.245403,86,115
357,24,13,0.905384,40,63
358,3,4,0.303638,138,158
359,14,6,0.165014,138,175
360,0,18,0.867424,42,77
361,19,8,0.472511,42,67
362,13,8,0.982016,134,159
363,24,1,0.722745,138,174
364,3,13,0.208957,86,118
365,23,18,0.931917,40,56
366,14,18,0.530331,42,77
367,15,22,0.627652,38,73
368,3,20,0.139331,40,70
369,1,4,0.215002,230,248
370,18,1,0.362566,182,211
371,14,16,0.141025,232,260
372,14,3,0.893326,234,257
373,11,23,0.0827981,38,75
374,14,13,0.930247,234,264
375,19,18,0.19462,184,217
376,15,0,0.400791,40,81
377,23,5,0.900293,230,261
378,23,6,0.663066,42,75
379,10,15,0.51089,40,69
380,17,19,0.636911,90,118
381,22,8,0.207534,90,119
382,1,20,0.777662,90,112
383,13,5,0.313874,86,108
384,20,13,0.81975,136,154
385,14,18,0.627253,88,123
386,23,14,0.417375,234,269
387,20,17,0.429121,134,158
388,12,15,0.447468,234,280
389,1,22,0.143422,186,206
390,18,10,0.420892,186,208
391,17,22,0.155495,86,111
392,8,3,0.172891,138,159
393,16,4,0.8587,38,63
394,18,8,0.80242,88,116
395,24,23,0.557567,184,205
396,13,15,0.786045,90,116
397,20,15,0.430503,86,118
398,10,18,0.406805,186,208
399,14,17,0.0879753,38,68
400,11,13,0.350309,38,66
401,15,14,0.491541,182,224
402,18,19,0.283828,182,213
403,15,23,0.000742727,234,257
404,10,13,0.79335,38,65
405,20,1,0.559833,232,254
406,16,15,0.565894,88,131
407,21,17,0.358046,184,204
408,22,24,0.40474,134,164
409,11,22,0.84261,134,162
410,1,4,0.483819,86,104
411,3,9,0.618782,186,218
412,13,24,0.801115,86,109
413,11,10,0.308801,38,78
414,18,21,0.865307,38,61
415,3,16,0.702291,136,153
416,19,20,0.311773,86,121
417,14,23,0.385837,86,119
418,23,0,0.640534,40,74
419,24,17,0.744756,40,69
420,23,19,0.750552,90,123
421,18,15,0.634238,134,156
422,0,22,0.24058,230,255
423,23,24,0.58985,138,159
424,15,5,0.426946,90,128
425,18,22,0.918671,136,162
426,1,3,0.604144,138,158
427,0,23,0.0484773,42,77
428,17,20,0.262301,42,66
429,9,3,0.685893,86,118
430,1,12,0.494032,86,108
431,18,22,0.0314438,42,68
432,14,10,0.182847,138,177
433,23,21,0.607145,88,113
434,14,1,0.609992,182,210
435,23,21,0.690484,182,207
436,18,21,0.0447733,232,255
437,17,13,0.637018,40,58
438,14,0,0.759084,136,169
439,19,22,0.500055,38,71
440,2,4,0.980015,138,163
441,19,23,0.565259,138,169
442,9,1,0.534018,234,258
443,15,23,0.700192,232,255
444,16,1,0.303466,42,62
445,23,11,0.448081,230,267
446,3,16,0.794138,184,201
447,4,15,0.240046,86,128
448,13,19,0.760624,182,210
449,11,3,0.775517,186,214
450,24,22,0.648188,232,262
451,17,24,0.626222,42,71
452,11,17,0.335387,138,172
453,21,3,0.210033,182,207
454,11,19,0.310843,90,123
455,21,23,0.347747,42,65
456,22,5,0.428161,38,67
457,16,22,0.335182,186,216
458,24,2,0.374649,230,273
459,12,20,0.731073,38,70
460,3,4,0.181649,184,204
461,21,18,0.23409,86,111
462,21,8,0.489306,138,155
463,23,21,0.738141,42,67
464,18,14,0.354197,232,265
465,20,2,0.252224,230,259
466,14,22,0.666815,38,74
467,17,15,0.198389,42,74
468,10,18,0.638872,88,110
469,20,8,0.270462,40,71
470,15,14,0.326217,136,178
471,19,24,0.420428,88,127
472,15,10,0.545047,42,61
473,1,4,0.874017,136,154
474,8,17,0.544157,184,209
475,18,23,0.615644,234,250
476,5,23,0.862331,184,215
477,14,0,0.741205,182,215
478,18,3,0.0815565,136,177
479,14,8,0.483167,42,74
480,10,6,0.0838818,230,269
481,18,17,0.246118,86,103
482,18,15,0.934473,136,158
483,22,24,0.445565,186,216
484,17,20,0.281605,138,162
485,9,1,0.590994,186,210
486,3,1,0.175902,138,158
487,22,2,0.703631,42,69
488,21,24,0.277723,184,215
489,1,14,0.747415,40,68
490,16,15,0.557566,186,229
491,0,5,0.187453,136,168
492,11,4,0.169183,230,256
493,2,12,0.0474537,38,67
494,14,18,0.84331,38,73
495,11,13,0.622975,134,162
496,4,15,0.240243,230,272
497,11,22,0.883125,182,210
498,22,20,0.47966,184,209
499,14,12,0.188001,134,162
500,23,17,0.444937,38,55
501,13,21,0.539223,40,60
502,14,16,0.0147171,134,162
503,4,1,0.00946847,182,200
504,15,1,0.194092,232,268
505,1,13,0.75826,134,160
506,10,23,0.874932,138,156
507,15,8,0.0396222,136,173
508,12,20,0.686827,40,72
509,11,1,0.529692,186,206
510,12,20,0.683237,136,168
511,1,11,0.24933,182,202
512,2,18,0.034548,136,173
513,11,24,0.168802,90,129
514,18,20,0.886388,182,207
515,13,10,0.192761,88,112
516,18,13,0.53974,230,249
517,16,20,0.197857,86,116
518,20,17,0.418121,136,160
519,3,19,0.93316,40,63
520,14,15,0.745616,40,84
521,3,21,0.278488,42,68
522,8,1,0.212302,90,111
523,3,12,0.758135,230,247
524,13,4,0.0832444,182,206
525,1,24,0.405459,88,124
526,21,17,0.366092,38,58
527,22,17,0.336731,136,161
528,15,23,0.154501,184,207
529,3,24,0.904527,136,179
530,0,19,0.263433,138,168
531,19,21,0.673525,42,62
532,16,21,0.667557,134,155
533,21,3,0.243821,136,161
534,1,23,0.58356,90,120
535,18,24,0.484735,38,57
536,15,24,0.23546,90,106
537,4,16,0.504085,86,111
538,2,4,0.888401,134,159
539,8,3,0.940362,230,251
540,18,20,0.750948,86,111
541,23,19,0.0421909,40,73
542,21,13,0.833794,234,254
543,12,1,0.669246,42,64
544,14,21,0.884477,186,208
545,20,10,0.448599,186,216
546,3,2,0.924803,88,115
547,11,21,0.334647,40,71
548,0,18,0.869764,134,169
549,13,1,0.950813,186,211
