NODES,25
INDEX,Name,X-coordinate,Y-coordinate
0,0,-,-
1,1,-,-
2,2,-,-
3,3,-,-
4,4,-,-
5,5,-,-
6,6,-,-
7,7,-,-
8,8,-,-
9,9,-,-
10,10,-,-
11,11,-,-
12,12,-,-
13,13,-,-
14,14,-,-
15,15,-,-
16,16,-,-
17,17,-,-
18,18,-,-
19,19,-,-
20,20,-,-
21,21,-,-
22,22,-,-
23,23,-,-
24,24,-,-
ARCS,529
Index,Origin,Destination,Variable Cost,Fixed Cost,Capacity,Travel time
0,0,1,0,117.8,1,5
1,1,0,0,117.8,1,5
2,1,2,0,234.05,1,7
3,1,3,0,260.4,1,8
4,1,4,0,175.15,1,6
5,1,5,0,486.7,1,15
6,1,6,0,323.95,1,9
7,1,8,0,323.95,1,9
8,1,9,0,447.95,1,12
9,1,10,0,883.5,1,26
10,1,11,0,255.75,1,8
11,1,12,0,387.5,1,10
12,1,13,0,489.8,1,14
13,1,14,0,525.45,1,16
14,1,15,0,1002.85,1,24
15,1,16,0,252.65,1,8
16,1,17,0,545.6,1,16
17,1,18,0,680.45,1,18
18,1,19,0,503.75,1,13
19,1,20,0,358.05,1,10
20,1,21,0,409.2,1,11
21,1,22,0,266.6,1,8
22,1,23,0,699.05,1,18
23,1,24,0,903.65,1,24
24,2,1,0,234.05,1,7
25,3,1,0,260.4,1,8
26,3,4,0,230.95,1,8
27,3,8,0,311.55,1,9
28,3,12,0,144.15,1,5
29,3,13,0,661.85,1,20
30,3,14,0,418.5,1,11
31,3,16,0,151.9,1,5
32,3,19,0,396.8,1,11
33,3,21,0,469.65,1,14
34,3,22,0,429.35,1,13
35,4,1,0,175.15,1,6
36,4,3,0,230.95,1,8
37,5,1,0,486.7,1,15
38,5,13,0,367.35,1,10
39,6,1,0,323.95,1,9
40,6,13,0,430.9,1,11
41,7,1,0,103.85,1,4
42,8,1,0,323.95,1,9
43,8,3,0,311.55,1,9
44,8,13,0,415.4,1,11
45,8,16,0,161.2,1,6
46,8,21,0,158.1,1,5
47,9,1,0,447.95,1,12
48,10,1,0,891.25,1,23
49,10,23,0,192.2,1,6
50,11,1,0,255.75,1,8
51,11,13,0,592.1,1,16
52,12,1,0,387.5,1,10
53,12,3,0,144.15,1,5
54,13,1,0,489.8,1,13
55,13,3,0,669.6,1,22
56,13,5,0,367.35,1,10
57,13,6,0,430.9,1,12
58,13,10,0,483.6,1,12
59,13,11,0,596.75,1,17
60,13,15,0,553.35,1,14
61,13,17,0,176.7,1,6
62,13,18,0,248,1,7
63,13,19,0,573.5,1,16
64,13,20,0,198.4,1,6
65,13,21,0,275.9,1,8
66,13,22,0,232.5,1,7
67,13,23,0,323.95,1,9
68,13,24,0,449.5,1,11
69,14,1,0,525.45,1,16
70,14,3,0,418.5,1,11
71,14,19,0,111.6,1,4
72,14,21,0,384.4,1,10
73,15,1,0,1002.85,1,24
74,15,13,0,553.35,1,16
75,15,18,0,350.3,1,10
76,15,21,0,747.1,1,20
77,15,23,0,412.3,1,11
78,16,1,0,252.65,1,8
79,16,3,0,151.9,1,5
80,16,8,0,161.2,1,6
81,16,13,0,581.25,1,17
82,16,21,0,305.35,1,9
83,17,1,0,544.05,1,14
84,17,13,0,176.7,1,6
85,17,18,0,127.1,1,5
86,17,21,0,292.95,1,8
87,18,1,0,666.5,1,17
88,18,10,0,308.45,1,10
89,18,13,0,248,1,7
90,18,15,0,350.3,1,10
91,18,17,0,127.1,1,5
92,18,19,0,719.2,1,19
93,18,21,0,421.6,1,11
94,18,22,0,421.6,1,13
95,18,23,0,116.25,1,4
96,18,24,0,237.15,1,7
97,19,1,0,503.75,1,13
98,19,3,0,396.8,1,11
99,19,8,0,240.25,1,7
100,19,14,0,111.6,1,4
101,19,21,0,297.6,1,8
102,20,1,0,358.05,1,10
103,20,13,0,198.4,1,6
104,20,23,0,522.35,1,15
105,21,1,0,409.2,1,11
106,21,3,0,458.8,1,13
107,21,8,0,158.1,1,5
108,21,13,0,275.9,1,8
109,21,14,0,384.4,1,10
110,21,15,0,829.25,1,22
111,21,17,0,292.95,1,8
112,21,18,0,420.05,1,13
113,21,19,0,297.6,1,8
114,21,23,0,440.2,1,11
115,22,1,0,266.6,1,8
116,22,3,0,429.35,1,12
117,22,13,0,232.5,1,7
118,23,1,0,699.05,1,17
119,23,10,0,192.2,1,6
120,23,13,0,323.95,1,9
121,23,15,0,412.3,1,11
122,23,17,0,153.45,1,5
123,23,18,0,116.25,1,4
124,23,21,0,446.4,1,13
125,23,24,0,305.35,1,9
126,24,1,0,903.65,1,24
127,24,13,0,449.5,1,11
128,24,18,0,237.15,1,7
129,24,23,0,305.35,1,9
130,0,2,0,161.2,1,6
131,0,3,0,353.4,1,10
132,0,4,0,285.2,1,9
133,0,5,0,474.3,1,13
134,0,6,0,246.45,1,8
135,0,8,0,427.8,1,12
136,0,9,0,379.75,1,11
137,0,10,0,931.55,1,25
138,0,11,0,158.1,1,5
139,0,12,0,401.45,1,11
140,0,14,0,632.4,1,17
141,0,15,0,1063.3,1,28
142,0,16,0,367.35,1,11
143,0,17,0,596.75,1,16
144,0,18,0,717.65,1,19
145,0,19,0,615.35,1,17
146,0,20,0,361.15,1,10
147,0,21,0,444.85,1,13
148,0,22,0,297.6,1,9
149,0,23,0,739.35,1,20
150,0,24,0,957.9,1,25
151,1,7,0,103.85,1,4
152,2,0,0,161.2,1,6
153,2,3,0,480.5,1,13
154,2,4,0,409.2,1,12
155,2,5,0,257.3,1,8
156,2,6,0,110.05,1,4
157,2,8,0,412.3,1,12
158,2,9,0,229.4,1,7
159,2,10,0,872.65,1,23
160,2,11,0,182.9,1,6
161,2,12,0,582.8,1,16
162,2,13,0,390.6,1,11
163,2,14,0,790.5,1,21
164,2,15,0,940.85,1,25
165,2,16,0,475.85,1,13
166,2,17,0,568.85,1,16
167,2,18,0,638.6,1,17
168,2,19,0,643.25,1,17
169,2,20,0,207.7,1,7
170,2,21,0,424.7,1,12
171,2,22,0,308.45,1,9
172,2,23,0,716.1,1,19
173,2,24,0,847.85,1,23
174,3,0,0,353.4,1,10
175,3,2,0,480.5,1,13
176,3,6,0,554.9,1,15
177,3,9,0,685.1,1,18
178,3,10,0,995.1,1,26
179,3,11,0,477.4,1,13
180,3,15,0,1224.5,1,32
181,3,17,0,764.15,1,20
182,3,18,0,833.9,1,22
183,3,20,0,620,1,17
184,3,23,0,888.15,1,23
185,3,24,0,1108.25,1,29
186,4,0,0,285.2,1,9
187,4,2,0,409.2,1,12
188,4,6,0,494.45,1,14
189,4,7,0,75.95,1,3
190,4,8,0,142.6,1,5
191,4,9,0,624.65,1,17
192,4,10,0,838.55,1,22
193,4,11,0,406.1,1,12
194,4,12,0,331.7,1,9
195,4,13,0,427.8,1,12
196,4,14,0,410.75,1,12
197,4,15,0,970.3,1,26
198,4,16,0,147.25,1,5
199,4,17,0,503.75,1,14
200,4,18,0,624.65,1,17
201,4,19,0,390.6,1,11
202,4,20,0,413.85,1,12
203,4,21,0,263.5,1,8
204,4,22,0,204.6,1,7
205,4,23,0,646.35,1,18
206,4,24,0,861.8,1,23
207,5,0,0,474.3,1,13
208,5,2,0,257.3,1,8
209,5,6,0,161.2,1,5
210,5,9,0,198.4,1,6
211,5,11,0,320.85,1,9
212,5,18,0,660.3,1,16
213,5,20,0,178.25,1,6
214,5,23,0,720.75,1,19
215,6,0,0,246.45,1,8
216,6,2,0,110.05,1,4
217,6,3,0,554.9,1,15
218,6,4,0,494.45,1,14
219,6,5,0,161.2,1,5
220,6,8,0,637.05,1,17
221,6,9,0,141.05,1,5
222,6,10,0,939.3,1,25
223,6,11,0,165.85,1,5
224,6,12,0,623.1,1,17
225,6,14,0,840.1,1,22
226,6,15,0,982.7,1,26
227,6,16,0,576.6,1,16
228,6,17,0,615.35,1,17
229,6,18,0,685.1,1,18
230,6,19,0,824.6,1,22
231,6,20,0,243.35,1,7
232,6,21,0,593.65,1,16
233,6,22,0,446.4,1,13
234,6,23,0,761.05,1,20
235,6,24,0,877.3,1,23
236,7,3,0,246.45,1,8
237,7,4,0,75.95,1,3
238,8,0,0,427.8,1,12
239,8,2,0,412.3,1,12
240,8,4,0,142.6,1,5
241,8,6,0,637.05,1,17
242,8,9,0,767.25,1,21
243,8,10,0,714.55,1,19
244,8,11,0,545.6,1,15
245,8,12,0,460.35,1,13
246,8,14,0,328.6,1,10
247,8,15,0,883.5,1,23
248,8,17,0,427.8,1,12
249,8,18,0,542.5,1,15
250,8,19,0,240.25,1,7
251,8,20,0,444.85,1,13
252,8,22,0,203.05,1,7
253,8,23,0,536.3,1,15
254,8,24,0,801.35,1,21
255,9,0,0,379.75,1,11
256,9,2,0,229.4,1,7
257,9,3,0,685.1,1,18
258,9,4,0,624.65,1,17
259,9,5,0,198.4,1,6
260,9,6,0,141.05,1,5
261,9,8,0,767.25,1,21
262,9,10,0,1069.5,1,28
263,9,11,0,297.6,1,8
264,9,12,0,753.3,1,20
265,9,13,0,469.65,1,12
266,9,14,0,652.55,1,18
267,9,15,0,1112.9,1,29
268,9,16,0,706.8,1,19
269,9,17,0,646.35,1,18
270,9,18,0,711.45,1,18
271,9,19,0,954.8,1,25
272,9,20,0,279,1,8
273,9,21,0,723.85,1,19
274,9,22,0,576.6,1,16
275,9,23,0,891.25,1,24
276,9,24,0,1019.9,1,27
277,10,0,0,931.55,1,25
278,10,2,0,872.65,1,23
279,10,3,0,995.1,1,26
280,10,4,0,838.55,1,22
281,10,6,0,939.3,1,25
282,10,8,0,714.55,1,19
283,10,9,0,1069.5,1,28
284,10,11,0,1133.05,1,30
285,10,12,0,1086.55,1,28
286,10,13,0,483.6,1,12
287,10,14,0,970.3,1,26
288,10,15,0,224.75,1,7
289,10,16,0,872.65,1,23
290,10,17,0,334.8,1,9
291,10,18,0,306.9,1,9
292,10,19,0,909.85,1,24
293,10,20,0,714.55,1,19
294,10,21,0,623.1,1,16
295,10,22,0,623.1,1,17
296,10,24,0,286.75,1,8
297,11,0,0,158.1,1,5
298,11,2,0,182.9,1,6
299,11,3,0,477.4,1,13
300,11,4,0,406.1,1,12
301,11,5,0,320.85,1,9
302,11,6,0,165.85,1,5
303,11,8,0,545.6,1,15
304,11,9,0,297.6,1,9
305,11,10,0,1133.05,1,30
306,11,12,0,523.9,1,14
307,11,14,0,770.35,1,21
308,11,15,0,1112.9,1,29
309,11,16,0,488.25,1,14
310,11,17,0,798.25,1,21
311,11,18,0,832.35,1,21
312,11,19,0,748.65,1,20
313,11,20,0,406.1,1,11
314,11,21,0,649.45,1,18
315,11,22,0,499.1,1,14
316,11,23,0,852.5,1,23
317,11,24,0,1021.45,1,27
318,12,0,0,401.45,1,11
319,12,2,0,582.8,1,16
320,12,4,0,331.7,1,10
321,12,6,0,623.1,1,17
322,12,8,0,460.35,1,13
323,12,9,0,753.3,1,20
324,12,10,0,1086.55,1,28
325,12,11,0,523.9,1,14
326,12,13,0,776.55,1,20
327,12,14,0,550.25,1,15
328,12,15,0,1233.8,1,32
329,12,16,0,296.05,1,9
330,12,17,0,776.55,1,21
331,12,18,0,1038.5,1,27
332,12,19,0,523.9,1,14
333,12,20,0,637.05,1,17
334,12,21,0,554.9,1,15
335,12,22,0,556.45,1,15
336,12,23,0,919.15,1,24
337,12,24,0,1137.7,1,30
338,13,2,0,390.6,1,11
339,13,4,0,427.8,1,12
340,13,8,0,415.4,1,11
341,13,9,0,469.65,1,12
342,13,14,0,655.65,1,17
343,13,16,0,530.1,1,14
344,14,0,0,632.4,1,17
345,14,2,0,790.5,1,21
346,14,4,0,410.75,1,12
347,14,6,0,840.1,1,22
348,14,8,0,328.6,1,10
349,14,9,0,652.55,1,18
350,14,10,0,970.3,1,26
351,14,11,0,770.35,1,21
352,14,12,0,550.25,1,15
353,14,13,0,655.65,1,17
354,14,15,0,1106.7,1,28
355,14,16,0,272.8,1,8
356,14,17,0,671.15,1,18
357,14,18,0,798.25,1,20
358,14,20,0,852.5,1,23
359,14,22,0,527,1,15
360,14,23,0,818.4,1,20
361,14,24,0,995.1,1,26
362,15,0,0,1063.3,1,28
363,15,2,0,940.85,1,25
364,15,3,0,1224.5,1,32
365,15,4,0,970.3,1,26
366,15,6,0,982.7,1,26
367,15,8,0,883.5,1,23
368,15,9,0,1112.9,1,29
369,15,10,0,224.75,1,7
370,15,11,0,1112.9,1,29
371,15,12,0,1233.8,1,32
372,15,14,0,1106.7,1,28
373,15,16,0,1027.65,1,27
374,15,17,0,454.15,1,12
375,15,19,0,1023,1,27
376,15,20,0,757.95,1,19
377,15,22,0,733.15,1,19
378,15,24,0,110.05,1,4
379,16,0,0,367.35,1,11
380,16,2,0,475.85,1,13
381,16,4,0,147.25,1,5
382,16,6,0,576.6,1,16
383,16,7,0,155,1,5
384,16,9,0,706.8,1,19
385,16,10,0,872.65,1,23
386,16,11,0,488.25,1,14
387,16,12,0,296.05,1,8
388,16,14,0,272.8,1,8
389,16,15,0,1027.65,1,27
390,16,17,0,570.4,1,16
391,16,18,0,686.65,1,19
392,16,19,0,251.1,1,7
393,16,20,0,525.45,1,15
394,16,22,0,302.25,1,9
395,16,23,0,692.85,1,19
396,16,24,0,951.7,1,25
397,17,0,0,596.75,1,16
398,17,2,0,568.85,1,16
399,17,3,0,764.15,1,20
400,17,4,0,503.75,1,14
401,17,5,0,530.1,1,14
402,17,6,0,615.35,1,17
403,17,8,0,427.8,1,12
404,17,9,0,649.45,1,18
405,17,10,0,334.8,1,10
406,17,11,0,798.25,1,21
407,17,12,0,776.55,1,21
408,17,14,0,671.15,1,17
409,17,15,0,454.15,1,12
410,17,16,0,570.4,1,16
411,17,19,0,581.25,1,16
412,17,20,0,373.55,1,10
413,17,22,0,294.5,1,8
414,17,23,0,153.45,1,5
415,17,24,0,362.7,1,10
416,18,0,0,719.2,1,19
417,18,2,0,638.6,1,17
418,18,3,0,833.9,1,22
419,18,4,0,624.65,1,17
420,18,5,0,660.3,1,16
421,18,6,0,685.1,1,18
422,18,8,0,542.5,1,15
423,18,9,0,711.45,1,18
424,18,11,0,832.35,1,21
425,18,12,0,1038.5,1,27
426,18,14,0,798.25,1,21
427,18,16,0,686.65,1,19
428,18,20,0,438.65,1,12
429,19,0,0,615.35,1,17
430,19,2,0,643.25,1,17
431,19,4,0,390.6,1,11
432,19,6,0,824.6,1,22
433,19,9,0,954.8,1,25
434,19,10,0,909.85,1,24
435,19,11,0,748.65,1,20
436,19,12,0,523.9,1,14
437,19,13,0,565.75,1,14
438,19,15,0,1023,1,27
439,19,16,0,251.1,1,7
440,19,17,0,581.25,1,16
441,19,18,0,709.9,1,18
442,19,20,0,764.15,1,20
443,19,22,0,437.1,1,12
444,19,23,0,728.5,1,18
445,19,24,0,942.4,1,25
446,20,0,0,361.15,1,10
447,20,2,0,207.7,1,7
448,20,3,0,620,1,17
449,20,4,0,413.85,1,12
450,20,5,0,178.25,1,6
451,20,6,0,243.35,1,7
452,20,8,0,444.85,1,13
453,20,9,0,279,1,8
454,20,10,0,714.55,1,19
455,20,11,0,406.1,1,11
456,20,12,0,637.05,1,17
457,20,14,0,878.85,1,23
458,20,15,0,757.95,1,19
459,20,16,0,525.45,1,15
460,20,17,0,373.55,1,11
461,20,18,0,438.65,1,12
462,20,19,0,764.15,1,20
463,20,21,0,466.55,1,13
464,20,22,0,272.8,1,8
465,20,24,0,641.7,1,17
466,21,0,0,444.85,1,13
467,21,2,0,424.7,1,12
468,21,4,0,263.5,1,8
469,21,6,0,593.65,1,16
470,21,9,0,723.85,1,19
471,21,10,0,623.1,1,16
472,21,11,0,646.35,1,18
473,21,12,0,554.9,1,15
474,21,16,0,305.35,1,9
475,21,20,0,466.55,1,13
476,21,22,0,142.6,1,5
477,21,24,0,651,1,18
478,22,0,0,297.6,1,9
479,22,2,0,308.45,1,10
480,22,4,0,204.6,1,7
481,22,6,0,446.4,1,13
482,22,8,0,203.05,1,6
483,22,9,0,576.6,1,16
484,22,10,0,623.1,1,17
485,22,11,0,499.1,1,14
486,22,12,0,556.45,1,15
487,22,14,0,527,1,15
488,22,15,0,733.15,1,19
489,22,16,0,302.25,1,9
490,22,17,0,294.5,1,8
491,22,18,0,404.55,1,10
492,22,19,0,437.1,1,12
493,22,20,0,272.8,1,9
494,22,21,0,142.6,1,5
495,22,23,0,432.45,1,11
496,22,24,0,643.25,1,17
497,23,0,0,739.35,1,20
498,23,2,0,716.1,1,19
499,23,3,0,888.15,1,23
500,23,4,0,646.35,1,18
501,23,6,0,761.05,1,20
502,23,8,0,536.3,1,15
503,23,9,0,891.25,1,24
504,23,11,0,852.5,1,23
505,23,12,0,919.15,1,24
506,23,14,0,818.4,1,20
507,23,16,0,692.85,1,19
508,23,19,0,728.5,1,18
509,23,20,0,522.35,1,14
510,23,22,0,432.45,1,11
511,24,0,0,957.9,1,25
512,24,2,0,847.85,1,23
513,24,3,0,1108.25,1,29
514,24,4,0,861.8,1,23
515,24,6,0,877.3,1,23
516,24,8,0,801.35,1,21
517,24,9,0,1019.9,1,27
518,24,10,0,286.75,1,8
519,24,11,0,1021.45,1,27
520,24,12,0,1137.7,1,30
521,24,14,0,995.1,1,26
522,24,15,0,110.05,1,4
523,24,16,0,951.7,1,25
524,24,17,0,362.7,1,10
525,24,19,0,942.4,1,25
526,24,20,0,641.7,1,17
527,24,21,0,651,1,16
528,24,22,0,643.25,1,17
PATHS,600
Index,Shipment origin,Shipment destination,1st terminal on path,2nd terminal on path,.....,6th terminal on path
0,0,1,0,1
1,0,2,0,1,2
2,0,3,0,1,3
3,0,4,0,1,4
4,0,5,0,1,5
5,0,6,0,1,6
6,0,7,0,1,7
7,0,8,0,1,8
8,0,9,0,1,9
9,0,10,0,1,10
10,0,11,0,1,11
11,0,12,0,1,12
12,0,13,0,1,13
13,0,14,0,1,14
14,0,15,0,1,15
15,0,16,0,1,16
16,0,17,0,1,17
17,0,18,0,1,18
18,0,19,0,1,19
19,0,20,0,1,20
20,0,21,0,1,21
21,0,22,0,1,22
22,0,23,0,1,23
23,0,24,0,1,24
24,1,0,1,0
25,1,2,1,2
26,1,3,1,3
27,1,4,1,4
28,1,5,1,5
29,1,6,1,6
30,1,7,1,7
31,1,8,1,8
32,1,9,1,9
33,1,10,1,10
34,1,11,1,11
35,1,12,1,12
36,1,13,1,13
37,1,14,1,14
38,1,15,1,15
39,1,16,1,16
40,1,17,1,17
41,1,18,1,18
42,1,19,1,19
43,1,20,1,20
44,1,21,1,21
45,1,22,1,22
46,1,23,1,23
47,1,24,1,24
48,2,0,2,1,0
49,2,1,2,1
50,2,3,2,1,3
51,2,4,2,1,4
52,2,5,2,1,5
53,2,6,2,1,6
54,2,8,2,1,8
55,2,7,2,1,7
56,2,9,2,1,9
57,2,10,2,1,10
58,2,11,2,1,11
59,2,12,2,1,12
60,2,13,2,1,13
61,2,14,2,1,14
62,2,15,2,1,15
63,2,16,2,1,16
64,2,17,2,1,17
65,2,18,2,1,18
66,2,19,2,1,19
67,2,20,2,1,20
68,2,21,2,1,21
69,2,22,2,1,22
70,2,23,2,1,23
71,2,24,2,1,24
72,3,0,3,1,0
73,3,1,3,1
74,3,2,3,1,2
75,3,4,3,4
76,3,5,3,1,5
77,3,6,3,1,6
78,3,7,3,1,7
79,3,8,3,8
80,3,9,3,1,9
81,3,10,3,13,10
82,3,11,3,1,11
83,3,12,3,12
84,3,13,3,13
85,3,14,3,14
86,3,15,3,13,15
87,3,16,3,16
88,3,17,3,13,17
89,3,18,3,13,18
90,3,19,3,19
91,3,20,3,1,20
92,3,21,3,21
93,3,22,3,22
94,3,23,3,21,23
95,3,24,3,13,24
96,4,0,4,1,0
97,4,1,4,1
98,4,2,4,1,2
99,4,3,4,3
100,4,5,4,1,5
101,4,6,4,1,6
102,4,7,4,1,7
103,4,8,4,1,8
104,4,9,4,1,9
105,4,10,4,1,10
106,4,11,4,1,11
107,4,12,4,3,12
108,4,13,4,1,13
109,4,14,4,3,14
110,4,15,4,1,15
111,4,16,4,3,16
112,4,17,4,1,17
113,4,18,4,1,18
114,4,19,4,3,19
115,4,20,4,1,20
116,4,21,4,1,21
117,4,22,4,1,22
118,4,23,4,1,23
119,4,24,4,1,24
120,5,0,5,1,0
121,5,1,5,1
122,5,2,5,1,2
123,5,3,5,1,3
124,5,4,5,1,4
125,5,6,5,1,6
126,5,7,5,1,7
127,5,8,5,1,8
128,5,9,5,1,9
129,5,10,5,13,10
130,5,11,5,1,11
131,5,12,5,1,12
132,5,13,5,13
133,5,14,5,1,14
134,5,15,5,13,15
135,5,16,5,1,16
136,5,17,5,13,17
137,5,18,5,13,18
138,5,19,5,13,21,19
139,5,20,5,13,20
140,5,21,5,13,21
141,5,22,5,1,22
142,5,23,5,13,23
143,5,24,5,13,24
144,6,0,6,1,0
145,6,1,6,1
146,6,2,6,1,2
147,6,3,6,1,3
148,6,4,6,1,4
149,6,5,6,1,5
150,6,7,6,1,7
151,6,8,6,1,8
152,6,9,6,1,9
153,6,10,6,1,10
154,6,11,6,1,11
155,6,12,6,1,12
156,6,13,6,1,13
157,6,14,6,1,14
158,6,15,6,1,15
159,6,16,6,1,16
160,6,17,6,1,17
161,6,18,6,1,18
162,6,19,6,1,19
163,6,20,6,1,20
164,6,21,6,1,21
165,6,22,6,1,22
166,6,23,6,1,23
167,6,24,6,1,24
168,7,0,7,1,0
169,7,1,7,1
170,7,2,7,1,2
171,7,3,7,3
172,7,4,7,4
173,7,5,7,1,5
174,7,6,7,3,6
175,7,8,7,3,8
176,7,9,7,1,9
177,7,10,7,1,9
178,7,11,7,3,11
179,7,12,7,4,12
180,7,13,7,4,13
181,7,14,7,4,14
182,7,15,7,4,15
183,7,16,7,4,16
184,7,17,7,1,17
185,7,18,7,1,18
186,7,19,7,1,19
187,7,20,7,1,20
188,7,21,7,1,21
189,7,22,7,1,22
190,7,23,7,1,23
191,7,24,7,1,24
192,8,0,8,1,0
193,8,1,8,1
194,8,2,8,1,2
195,8,3,8,3
196,8,4,8,1,4
197,8,5,8,1,5
198,8,6,8,1,6
199,8,7,8,1,7
200,8,9,8,1,9
201,8,10,8,21,23,10
202,8,11,8,1,11
203,8,12,8,3,12
204,8,13,8,21,13
205,8,14,8,21,14
206,8,15,8,21,13,15
207,8,16,8,3,16
208,8,17,8,21,17
209,8,18,8,21,18
210,8,19,8,21,19
211,8,20,8,1,20
212,8,21,8,21
213,8,22,8,1,22
214,8,23,8,21,23
215,8,24,8,21,13,24
216,9,0,9,1,0
217,9,1,9,1
218,9,2,9,1,2
219,9,3,9,1,3
220,9,4,9,1,4
221,9,5,9,1,5
222,9,6,9,1,6
223,9,7,9,1,7
224,9,8,9,1,8
225,9,10,9,1,10
226,9,11,9,1,11
227,9,12,9,1,12
228,9,13,9,1,13
229,9,14,9,1,14
230,9,15,9,1,15
231,9,16,9,1,16
232,9,17,9,1,17
233,9,18,9,1,18
234,9,19,9,1,19
235,9,20,9,1,20
236,9,21,9,1,21
237,9,22,9,1,22
238,9,23,9,1,23
239,9,24,9,1,24
240,10,0,10,1,0
241,10,1,10,1
242,10,2,10,1,2
243,10,3,10,1,3
244,10,4,10,1,4
245,10,5,10,23,13,5
246,10,6,10,23,13,6
247,10,7,10,1,7
248,10,8,10,23,21,8
249,10,9,10,1,9
250,10,11,10,1,11
251,10,12,10,1,12
252,10,13,10,23,13
253,10,14,10,23,21,14
254,10,15,10,23,15
255,10,16,10,1,16
256,10,17,10,23,17
257,10,18,10,23,18
258,10,19,10,23,21,19
259,10,20,10,23,13,20
260,10,21,10,23,21
261,10,22,10,23,22
262,10,23,10,23
263,10,24,10,23,24
264,11,0,11,1,0
265,11,1,11,1
266,11,2,11,1,2
267,11,3,11,1,3
268,11,4,11,1,4
269,11,5,11,1,5
270,11,6,11,1,6
271,11,7,11,1,7
272,11,8,11,1,8
273,11,9,11,1,9
274,11,10,11,13,10
275,11,12,11,1,12
276,11,13,11,13
277,11,14,11,1,14
278,11,15,11,13,15
279,11,16,11,1,16
280,11,17,11,13,17
281,11,18,11,13,18
282,11,19,11,1,19
283,11,20,11,1,20
284,11,21,11,1,21
285,11,22,11,1,22
286,11,23,11,13,23
287,11,24,11,13,24
288,12,0,12,1,0
289,12,1,12,1
290,12,2,12,1,2
291,12,3,12,3
292,12,4,12,3,4
293,12,5,12,1,5
294,12,6,12,1,6
295,12,7,12,1,7
296,12,8,12,3,8
297,12,9,12,1,9
298,12,10,12,1,10
299,12,11,12,1,11
300,12,13,12,3,13
301,12,14,12,3,14
302,12,15,12,1,15
303,12,16,12,3,16
304,12,17,12,1,17
305,12,18,12,1,18
306,12,19,12,3,19
307,12,20,12,1,20
308,12,21,12,3,21
309,12,22,12,3,22
310,12,23,12,1,23
311,12,24,12,1,24
312,13,0,13,1,0
313,13,1,13,1
314,13,2,13,1,2
315,13,3,13,3
316,13,4,13,4
317,13,5,13,5
318,13,6,13,6
319,13,7,13,1,7
320,13,8,13,21,8
321,13,9,13,1,9
322,13,10,13,10
323,13,11,13,11
324,13,12,13,3,12
325,13,14,13,21,14
326,13,15,13,15
327,13,16,13,1,16
328,13,17,13,17
329,13,18,13,18
330,13,19,13,21,19
331,13,20,13,20
332,13,21,13,21
333,13,22,13,22
334,13,23,13,23
335,13,24,13,24
336,14,0,14,1,0
337,14,1,14,1
338,14,2,14,1,2
339,14,3,14,3
340,14,4,14,3,4
341,14,5,14,1,5
342,14,6,14,1,6
343,14,7,14,1,7
344,14,8,14,3,8
345,14,9,14,1,9
346,14,10,14,21,23,10
347,14,11,14,1,11
348,14,12,14,3,12
349,14,13,14,21,13
350,14,15,14,21,13,15
351,14,16,14,3,16
352,14,17,14,21,17
353,14,18,14,21,18
354,14,19,14,1,19
355,14,20,14,1,20
356,14,21,14,21
357,14,22,14,1,22
358,14,23,14,21,23
359,14,24,14,21,13,24
360,15,0,15,1,0
361,15,1,15,1
362,15,2,15,1,2
363,15,3,15,13,3
364,15,4,15,1,4
365,15,5,15,13,5
366,15,6,15,13,6
367,15,7,15,1,7
368,15,8,15,21,8
369,15,9,15,1,9
370,15,10,15,10
371,15,11,15,1,11
372,15,12,15,1,12
373,15,13,15,13
374,15,14,15,21,14
375,15,16,15,1,16
376,15,17,15,17
377,15,18,15,18
378,15,19,15,21,19
379,15,20,15,13,20
380,15,21,15,21
381,15,22,15,13,22
382,15,23,15,23
383,15,24,15,24
384,16,0,16,1,0
385,16,1,16,1
386,16,2,16,1,2
387,16,3,16,3
388,16,4,16,3,4
389,16,5,16,1,5
390,16,6,16,1,6
391,16,7,16,1,7
392,16,8,16,3,8
393,16,9,16,1,9
394,16,10,16,13,10
395,16,11,16,1,11
396,16,12,16,3,12
397,16,13,16,13
398,16,14,16,3,14
399,16,15,16,13,15
400,16,17,16,13,17
401,16,18,16,13,18
402,16,19,16,3,19
403,16,20,16,1,20
404,16,21,16,21
405,16,22,16,3,22
406,16,23,16,13,23
407,16,24,16,13,24
408,17,0,17,1,0
409,17,1,17,1
410,17,2,17,1,2
411,17,3,17,13,3
412,17,4,17,1,4
413,17,5,17,13,5
414,17,6,17,13,6
415,17,7,17,1,7
416,17,8,17,21,8
417,17,9,17,1,9
418,17,10,17,13,10
419,17,11,17,1,11
420,17,12,17,1,12
421,17,13,17,13
422,17,14,17,21,14
423,17,15,17,13,15
424,17,16,17,1,16
425,17,18,17,18
426,17,19,17,21,19
427,17,20,17,13,20
428,17,21,17,21
429,17,22,17,13,22
430,17,23,17,13,23
431,17,24,17,13,24
432,18,0,18,1,0
433,18,1,18,1
434,18,2,18,1,2
435,18,3,18,13,3
436,18,4,18,1,4
437,18,5,18,13,5
438,18,6,18,13,6
439,18,7,18,1,7
440,18,8,18,21,8
441,18,9,18,13,1,9
442,18,10,18,10
443,18,11,18,1,11
444,18,12,18,1,12
445,18,13,18,13
446,18,14,18,21,14
447,18,15,18,15
448,18,16,18,1,16
449,18,17,18,17
450,18,19,18,21,19
451,18,20,18,13,20
452,18,21,18,21
453,18,22,18,13,22
454,18,23,18,23
455,18,24,18,24
456,19,0,19,1,0
457,19,1,19,1
458,19,2,19,1,2
459,19,3,19,3
460,19,4,19,3,4
461,19,5,19,1,5
462,19,6,19,1,6
463,19,7,19,1,7
464,19,8,19,21,8
465,19,9,19,1,9
466,19,10,19,1,10
467,19,11,19,1,11
468,19,12,19,3,12
469,19,13,19,21,13
470,19,14,19,1,14
471,19,15,19,21,13,15
472,19,16,19,3,16
473,19,17,19,21,17
474,19,18,19,21,18
475,19,20,19,1,20
476,19,21,19,21
477,19,22,19,1,22
478,19,23,19,21,23
479,19,24,19,21,13,24
480,20,0,20,1,0
481,20,1,20,1
482,20,2,20,1,2
483,20,3,20,1,3
484,20,4,20,1,4
485,20,5,20,1,5
486,20,6,20,1,6
487,20,7,20,1,7
488,20,8,20,1,8
489,20,9,20,1,9
490,20,10,20,13,10
491,20,11,20,1,11
492,20,12,20,1,12
493,20,13,20,13
494,20,14,20,1,14
495,20,15,20,13,15
496,20,16,20,1,16
497,20,17,20,13,17
498,20,18,20,13,18
499,20,19,20,1,19
500,20,21,20,1,21
501,20,22,20,13,22
502,20,23,20,13,23
503,20,24,20,13,24
504,21,0,21,1,0
505,21,1,21,1
506,21,2,21,1,2
507,21,3,21,3
508,21,4,21,1,4
509,21,5,21,13,5
510,21,6,21,13,6
511,21,7,21,1,7
512,21,8,21,8
513,21,9,21,1,9
514,21,10,21,23,10
515,21,11,21,1,11
516,21,12,21,3,12
517,21,13,21,13
518,21,14,21,14
519,21,15,21,13,15
520,21,16,21,3,16
521,21,17,21,17
522,21,18,21,18
523,21,19,21,19
524,21,20,21,1,20
525,21,22,21,1,22
526,21,23,21,23
527,21,24,21,13,24
528,22,0,22,1,0
529,22,1,22,1
530,22,2,22,1,2
531,22,3,22,3
532,22,4,22,1,4
533,22,5,22,13,5
534,22,6,22,1,6
535,22,7,22,1,7
536,22,8,22,1,8
537,22,9,22,1,9
538,22,10,22,13,10
539,22,11,22,1,11
540,22,12,22,3,12
541,22,13,22,13
542,22,14,22,1,14
543,22,15,22,13,15
544,22,16,22,1,16
545,22,17,22,13,17
546,22,18,22,13,18
547,22,19,22,1,19
548,22,20,22,13,20
549,22,21,22,1,21
550,22,23,22,13,23
551,22,24,22,13,24
552,23,0,23,1,0
553,23,1,23,1
554,23,2,23,1,2
555,23,3,23,1,3
556,23,4,23,1,4
557,23,5,23,13,5
558,23,6,23,13,6
559,23,7,23,1,7
560,23,8,23,21,8
561,23,9,23,1,9
562,23,10,23,10
563,23,11,23,1,11
564,23,12,23,1,12
565,23,13,23,13
566,23,14,23,21,14
567,23,15,23,15
568,23,16,23,1,16
569,23,17,23,17
570,23,18,23,18
571,23,19,23,21,19
572,23,20,23,13,20
573,23,21,23,21
574,23,22,23,22
575,23,24,23,24
576,24,0,24,1,0
577,24,1,24,1
578,24,2,24,1,2
579,24,3,24,13,3
580,24,4,24,1,4
581,24,5,24,13,5
582,24,6,24,13,6
583,24,7,24,1,7
584,24,8,24,18,21,8
585,24,9,24,13,1,9
586,24,10,24,23,10
587,24,11,24,13,11
588,24,12,24,1,12
589,24,13,24,13
590,24,14,24,18,21,14
591,24,15,24,15
592,24,16,24,1,16
593,24,17,24,13,17
594,24,18,24,18
595,24,19,24,18,21,19
596,24,20,24,13,20
597,24,21,24,18,21
598,24,22,24,13,22
599,24,23,24,23
COMMODITIES,500
Index,Origin,Destination,Demand/Size,Earliest available time,Latest delivery time
0,8,3,0.0537683,134,191
1,19,17,0.310677,38,102
2,16,1,0.911382,38,94
3,5,23,0.767236,186,253
4,24,13,0.467932,40,99
5,22,1,0.315296,232,288
6,0,20,0.712614,136,199
7,5,3,0.604809,134,205
8,18,17,0.623143,40,93
9,23,1,0.18203,88,153
10,24,2,0.382858,136,215
11,23,12,0.34834,42,117
12,3,1,0.914053,230,286
13,3,9,0.750428,40,108
14,3,15,0.324529,134,216
15,22,14,0.233291,90,162
16,18,12,0.416606,184,259
17,2,8,0.506914,88,152
18,21,1,0.171643,186,245
19,15,24,0.574078,230,282
20,18,2,0.474621,38,110
21,22,5,0.379342,134,199
22,18,22,0.000697324,134,196
23,18,15,0.466401,184,242
24,14,17,0.0840335,38,104
25,18,4,0.722518,38,109
26,5,13,0.502826,186,244
27,11,24,0.997282,86,161
28,22,5,0.449426,88,153
29,18,23,0.575499,138,190
30,16,14,0.948761,90,154
31,11,0,0.904444,88,149
32,22,5,0.425936,138,203
33,1,13,0.517632,38,100
34,14,13,0.987436,184,250
35,18,10,0.0529545,90,148
36,19,3,0.379424,86,145
37,14,23,0.412851,86,155
38,22,18,0.783518,134,196
39,15,22,0.68076,90,161
40,2,8,0.455985,136,200
41,13,20,0.529733,138,192
42,19,1,0.961908,86,147
43,11,14,0.479946,184,256
44,19,3,0.659893,40,99
45,1,6,0.202127,134,191
46,12,16,0.662995,182,240
47,14,1,0.366731,42,106
48,1,23,0.639969,182,248
49,2,8,0.481007,40,104
50,18,23,0.329575,182,234
51,16,0,0.751315,184,245
52,13,17,0.993135,90,144
53,17,16,0.0752306,136,206
54,22,21,0.512262,134,201
55,17,15,0.360148,38,106
56,22,1,0.412239,230,286
57,19,24,0.457497,136,211
58,1,18,0.919154,134,200
59,19,13,0.523234,136,200
60,10,15,0.67396,134,199
61,18,13,0.475655,136,191
62,18,24,0.901148,138,193
63,14,18,0.834125,186,257
64,1,21,0.532562,184,243
65,23,8,0.0413777,38,104
66,16,8,0.149654,138,200
67,16,8,0.930072,184,246
68,10,8,0.261834,186,258
69,1,11,0.332432,184,240
70,20,1,0.310025,38,96
71,24,19,0.8112,186,260
72,18,0,0.232986,182,252
73,8,17,0.461888,86,147
74,13,11,0.294356,86,151
75,18,13,0.933747,232,287
76,13,10,0.995609,88,148
77,14,1,0.792799,88,152
78,24,15,0.372558,234,286
79,0,17,0.250253,138,207
80,9,1,0.942067,88,148
81,13,18,0.850796,134,189
82,15,24,0.0420687,138,190
83,1,22,0.680283,182,238
84,23,13,0.326729,184,241
85,6,3,0.242196,40,105
86,18,5,0.141676,134,199
87,2,3,0.37785,86,149
88,22,2,0.646796,136,199
89,11,0,0.854322,184,245
90,22,2,0.691769,182,245
91,23,14,0.527676,42,113
92,1,0,0.0239385,42,95
93,5,14,0.21872,184,263
94,16,2,0.281356,42,105
95,12,2,0.276631,138,203
96,1,19,0.757842,40,101
97,15,24,0.81921,136,188
98,24,17,0.798958,138,203
99,2,20,0.935712,136,201
100,1,0,0.326799,232,285
101,8,12,0.25401,90,152
102,6,1,0.112425,86,143
103,23,14,0.448997,184,255
104,18,13,0.688117,230,285
105,2,13,0.120396,182,251
106,18,10,0.470974,86,144
107,24,23,0.740327,86,143
108,1,19,0.115008,138,199
109,6,1,0.945458,134,191
110,24,10,0.0381506,186,249
111,4,14,0.505314,138,205
112,2,1,0.0798032,136,191
113,21,3,0.155166,182,243
114,24,22,0.707686,42,108
115,23,0,0.663671,90,160
116,12,2,0.193331,42,107
117,15,13,0.44863,42,106
118,1,21,0.97544,138,197
119,13,14,0.146395,38,104
120,1,17,0.606652,184,248
121,15,10,0.413893,136,191
122,5,14,0.204298,136,215
123,1,13,0.914135,90,152
124,3,11,0.494393,138,202
125,10,21,0.0492736,42,109
126,13,17,0.659717,232,286
127,18,1,0.360803,184,249
128,13,18,0.176044,230,285
129,2,13,0.120329,38,107
130,0,10,0.494178,90,169
131,24,17,0.83462,38,103
132,18,21,0.776868,184,243
133,15,3,0.452764,38,124
134,23,18,0.846607,230,282
135,13,23,0.275122,182,239
136,4,3,0.532575,134,190
137,8,3,0.47434,38,95
138,23,18,0.875001,138,190
139,15,19,0.452742,182,258
140,23,22,0.130128,138,197
141,17,23,0.312051,136,199
142,1,23,0.342784,88,154
143,1,0,0.405053,134,187
144,16,12,0.181617,40,98
145,20,2,0.251563,186,251
146,24,18,0.860477,134,189
147,16,3,0.191132,40,93
148,22,11,0.394876,184,248
149,21,13,0.876342,88,144
150,15,18,0.801838,88,146
151,2,3,0.337847,88,151
152,2,12,0.0523501,40,105
153,17,13,0.612467,138,192
154,16,8,0.0877814,136,198
155,11,1,0.244143,38,94
156,19,9,0.209896,38,111
157,0,16,0.700129,182,243
158,0,23,0.0491035,182,253
159,12,22,0.210088,134,200
160,1,19,0.554022,184,245
161,11,13,0.414446,38,102
162,5,17,0.411481,88,152
163,0,23,0.991259,184,255
164,19,18,0.935182,186,255
165,23,24,0.43907,88,145
166,9,16,0.843203,90,158
167,24,1,0.532803,134,206
168,18,8,0.585814,90,154
169,0,5,0.203137,182,250
170,10,16,0.110997,90,169
171,1,23,0.874631,134,200
172,24,22,0.547574,86,152
173,3,11,0.306992,40,104
174,2,1,0.693915,138,193
175,5,24,0.0682449,134,203
176,24,8,0.0619702,184,255
177,23,5,0.970975,186,253
178,16,3,0.0132194,38,91
179,16,1,0.00233425,186,242
180,17,24,0.619704,40,105
181,1,23,0.70628,38,104
182,9,3,0.416532,88,156
183,19,11,0.687926,182,251
184,3,1,0.097869,182,238
185,1,16,0.951654,134,190
186,1,13,0.567483,134,196
187,15,18,0.78049,182,240
188,0,10,0.52682,182,261
189,3,20,0.0907037,182,248
190,20,1,0.624638,40,98
191,10,23,0.804276,138,192
192,18,0,0.213644,186,256
193,12,22,0.196229,90,156
194,12,20,0.721986,42,110
195,14,4,0.230534,182,249
196,15,24,0.0105809,232,284
197,17,5,0.2314,184,248
198,17,10,0.549034,186,252
199,2,15,0.342432,138,217
200,18,21,0.861207,38,97
201,14,12,0.163648,182,246
202,11,4,0.192355,38,100
203,12,21,0.346809,186,253
204,17,16,0.0736711,86,156
205,0,22,0.263968,42,103
206,1,8,0.281664,40,97
207,9,16,0.904019,38,106
208,8,13,0.280314,182,243
209,23,21,0.920379,42,103
210,23,9,0.448001,42,119
211,15,20,0.0714318,90,160
212,16,15,0.539104,136,215
213,1,12,0.00356081,182,240
214,22,3,0.162879,38,98
215,4,23,0.983338,88,160
216,10,23,0.56849,38,92
217,1,11,0.978874,90,146
218,20,15,0.434395,86,154
219,1,9,0.153569,184,244
220,4,0,0.150521,90,149
221,16,13,0.984404,42,107
222,12,16,0.674371,86,144
223,16,5,0.165165,88,159
224,16,0,0.724046,38,99
225,3,21,0.355639,88,150
226,10,18,0.372798,138,196
227,13,24,0.0976886,184,243
228,23,17,0.179904,86,139
229,1,5,0.712245,38,101
230,12,15,0.419298,184,266
231,10,23,0.721023,186,240
232,13,0,0.581402,186,252
233,16,3,0.899719,182,235
234,15,17,0.261009,42,102
235,3,4,0.0121335,186,242
236,21,24,0.312311,136,203
237,10,8,0.282088,40,112
238,22,12,0.506415,40,105
239,0,8,0.344749,136,198
240,15,20,0.168389,134,204
241,10,6,0.0911686,184,259
242,1,22,0.838687,184,240
243,23,18,0.4525,40,92
244,15,6,0.212206,182,258
245,23,17,0.766618,90,143
246,13,4,0.0744496,134,194
247,19,23,0.689919,42,109
248,3,16,0.38585,38,91
249,6,1,0.471262,186,243
250,11,3,0.675367,186,250
251,21,9,0.207952,90,161
252,15,14,0.354613,184,262
253,5,1,0.129886,90,153
254,11,16,0.397453,136,200
255,5,16,0.383116,138,209
256,18,21,0.904582,42,101
257,23,12,0.34096,88,163
258,24,17,0.829815,88,153
259,24,2,0.372508,86,165
260,2,19,0.314539,42,110
261,13,6,0.888829,86,146
262,4,16,0.493754,186,247
263,0,10,0.486007,40,119
264,12,20,0.754773,186,254
265,19,18,0.969706,42,111
266,17,20,0.279955,42,102
267,15,5,0.442453,182,256
268,1,12,0.50057,40,98
269,17,9,0.298099,40,114
270,17,15,0.17649,184,252
271,0,13,0.328825,88,155
272,3,12,0.742244,182,235
273,3,11,0.412362,88,152
274,3,21,0.48738,40,102
275,23,11,0.187961,88,161
276,2,14,0.641945,184,255
277,20,1,0.328782,184,242
278,23,10,0.994552,184,238
279,14,18,0.919868,138,209
280,2,1,0.4307,134,189
281,20,8,0.25643,86,153
282,1,3,0.97643,184,240
283,16,9,0.259779,90,158
284,21,3,0.162129,86,147
285,0,15,0.426033,42,119
286,22,1,0.767755,184,240
287,21,1,0.244821,138,197
288,17,1,0.697579,138,200
289,1,9,0.52011,90,150
290,23,17,0.691035,232,285
291,20,19,0.491737,182,253
292,24,17,0.766594,184,249
293,23,1,0.0923503,184,249
294,4,3,0.892566,184,240
295,12,13,0.192669,184,257
296,23,22,0.268924,40,99
297,13,10,0.448701,90,150
298,22,19,0.120345,182,251
299,13,0,0.600597,182,248
300,23,21,0.825268,134,195
301,4,16,0.464064,86,147
302,24,20,0.102364,42,107
303,21,3,0.162073,136,197
304,1,22,0.689285,42,98
305,19,15,0.502972,184,262
306,22,24,0.40088,90,156
307,22,17,0.344121,38,99
308,23,4,0.399206,184,255
309,5,3,0.568515,182,253
310,22,16,0.130663,184,248
311,14,1,0.489568,38,102
312,1,13,0.313144,42,104
313,15,5,0.493745,86,160
314,3,14,0.785117,138,197
315,0,1,0.786977,90,143
316,16,1,0.797185,230,286
317,19,11,0.716099,90,159
318,4,16,0.422917,136,197
319,0,14,0.308325,186,255
320,23,18,0.686554,186,238
321,4,3,0.449917,38,94
322,2,13,0.102544,90,159
323,16,23,0.0822374,136,210
324,23,22,0.108065,186,245
325,24,13,0.814377,184,243
326,10,9,0.35567,184,267
327,13,23,0.271143,134,191
328,6,16,0.425274,182,247
329,18,20,0.296736,186,247
330,10,14,0.110668,136,213
331,18,6,0.829325,42,109
332,24,6,0.410306,138,209
333,10,24,0.89683,88,151
334,1,21,0.179621,134,193
335,15,23,0.302602,86,145
336,13,18,0.554309,186,241
337,3,0,0.557894,86,147
338,13,16,0.0898833,88,157
339,12,16,0.699688,40,98
340,10,1,0.392262,86,157
341,13,20,0.422258,184,238
342,20,3,0.363164,40,106
343,10,23,0.620186,136,190
344,16,13,0.866374,86,151
345,13,11,0.178362,88,153
346,8,1,0.225012,182,239
347,16,9,0.265242,136,204
348,13,24,0.0340705,138,197
349,3,16,0.215018,230,283
350,15,14,0.403135,38,116
351,11,8,0.379455,38,103
352,1,18,0.0291038,136,202
353,0,3,0.320238,134,195
354,18,21,0.841934,90,149
355,24,6,0.430716,90,161
356,1,4,0.680958,186,240
357,1,13,0.0617761,138,200
358,23,19,0.014225,86,155
359,22,5,0.424024,184,249
360,3,21,0.576878,186,248
361,4,12,0.172901,136,197
362,1,20,0.592889,186,244
363,10,23,0.298983,90,144
364,0,13,0.359928,90,157
365,17,20,0.309744,86,146
366,23,10,0.0561334,40,94
367,14,11,0.751357,186,258
368,1,6,0.66119,42,99
369,24,23,0.310119,230,287
370,23,10,0.510422,182,236
371,13,1,0.628308,184,245
372,18,16,0.467773,86,159
373,19,17,0.256897,40,104
374,3,16,0.334958,182,235
375,1,6,0.772603,184,241
376,14,22,0.67898,138,210
377,3,12,0.256265,40,93
378,18,23,0.815676,42,94
379,15,22,0.636061,136,207
380,24,20,0.986032,40,105
381,10,15,0.634478,40,105
382,3,1,0.474276,184,240
383,8,1,0.73082,38,95
384,23,14,0.493357,182,253
385,21,13,0.877457,138,194
386,6,1,0.436774,38,95
387,4,16,0.46617,88,149
388,22,23,0.583228,42,106
389,9,1,0.98598,134,194
390,22,18,0.727252,138,200
391,0,5,0.203248,90,158
392,6,17,0.0524518,138,211
393,17,20,0.25905,88,148
394,17,19,0.654127,186,250
395,0,18,0.798791,40,111
396,15,21,0.111521,38,106
397,18,1,0.487504,42,107
398,18,13,0.419177,90,145
399,21,24,0.311397,40,107
400,8,5,0.0402593,184,256
401,1,3,0.548122,86,142
402,22,1,0.527385,134,190
403,24,20,0.128076,88,153
404,4,3,0.0390039,42,98
405,1,17,0.605933,182,246
406,1,10,0.403575,40,114
407,4,3,0.0138765,136,192
408,24,0,0.0481521,90,167
409,16,8,0.908064,86,148
410,15,13,0.611306,136,200
411,21,8,0.496079,136,189
412,14,13,0.92561,186,252
413,13,10,0.0414993,136,196
414,23,17,0.012681,42,95
415,20,14,0.342464,88,162
416,3,14,0.479693,186,245
417,1,3,0.71921,42,98
418,16,19,0.594886,184,248
419,2,14,0.708748,182,253
420,1,15,0.615308,38,110
421,11,0,0.922332,186,247
422,16,15,0.59114,42,121
423,4,10,0.0527025,40,120
424,18,8,0.607729,182,246
425,5,17,0.43945,136,200
426,12,6,0.138735,42,109
427,12,3,0.0181257,90,143
428,4,3,0.599762,88,144
429,23,0,0.616675,138,208
430,15,13,0.207566,184,248
431,23,12,0.321395,138,213
432,23,17,0.157156,40,93
433,4,13,0.357268,184,252
434,11,14,0.469307,40,112
435,24,13,0.666608,136,195
436,14,24,0.034764,86,163
437,13,24,0.95557,86,145
438,8,1,0.508838,230,287
439,18,10,0.0817785,136,194
440,21,8,0.490583,40,93
441,19,22,0.343801,38,107
442,15,19,0.912256,86,162
443,11,15,0.338618,184,262
444,3,5,0.861421,138,209
445,5,15,0.458361,88,160
446,15,8,0.0542521,40,113
447,0,17,0.237803,40,109
448,16,19,0.652477,88,152
449,1,4,0.962117,38,92
450,1,17,0.716486,88,152
451,22,8,0.243293,182,247
452,14,15,0.638589,40,120
453,24,1,0.383259,38,110
454,15,0,0.430738,184,261
455,18,14,0.156896,184,253
456,15,14,0.519223,136,214
457,12,13,0.19233,134,207
458,18,17,0.283704,86,139
459,8,9,0.246241,38,107
460,12,19,0.0419518,88,152
461,8,12,0.217937,182,244
462,1,2,0.799161,134,189
463,6,16,0.425633,90,155
464,1,16,0.625386,138,194
465,8,1,0.089038,42,99
466,3,12,0.923234,134,187
467,19,17,0.305371,136,200
468,13,21,0.287889,138,194
469,18,15,0.495993,86,144
470,24,18,0.914044,232,287
471,15,14,0.553261,134,212
472,19,11,0.696088,42,111
473,15,3,0.411333,186,272
474,18,23,0.921521,90,142
475,22,5,0.394364,42,107
476,8,23,0.289467,42,106
477,15,19,0.574776,136,212
478,0,16,0.689749,88,149
479,23,17,0.563888,186,239
480,5,16,0.392653,42,113
481,11,18,0.823559,90,161
482,10,1,0.725875,88,159
483,12,3,0.816031,86,139
484,24,13,0.795072,134,193
485,1,20,0.117299,136,194
486,14,16,0.0998797,86,150
487,20,13,0.48454,88,142
488,11,17,0.361341,38,108
489,11,0,0.900763,90,151
490,19,13,0.572295,182,246
491,15,18,0.400283,230,288
492,16,8,0.866624,90,152
493,18,8,0.488681,38,102
494,3,19,0.483052,186,245
495,20,10,0.439239,90,156
496,20,19,0.46439,88,159
497,11,22,0.880551,186,250
498,23,20,0.755175,88,151
499,0,15,0.484855,182,259
