NODES,25
INDEX,Name,X-coordinate,Y-coordinate
0,0,-,-
1,1,-,-
2,2,-,-
3,3,-,-
4,4,-,-
5,5,-,-
6,6,-,-
7,7,-,-
8,8,-,-
9,9,-,-
10,10,-,-
11,11,-,-
12,12,-,-
13,13,-,-
14,14,-,-
15,15,-,-
16,16,-,-
17,17,-,-
18,18,-,-
19,19,-,-
20,20,-,-
21,21,-,-
22,22,-,-
23,23,-,-
24,24,-,-
ARCS,529
Index,Origin,Destination,Variable Cost,Fixed Cost,Capacity,Travel time
0,0,1,0,117.8,1,5
1,1,0,0,117.8,1,5
2,1,2,0,234.05,1,7
3,1,3,0,260.4,1,8
4,1,4,0,175.15,1,6
5,1,5,0,486.7,1,15
6,1,6,0,323.95,1,9
7,1,8,0,323.95,1,9
8,1,9,0,447.95,1,12
9,1,10,0,883.5,1,26
10,1,11,0,255.75,1,8
11,1,12,0,387.5,1,10
12,1,13,0,489.8,1,14
13,1,14,0,525.45,1,16
14,1,15,0,1002.85,1,24
15,1,16,0,252.65,1,8
16,1,17,0,545.6,1,16
17,1,18,0,680.45,1,18
18,1,19,0,503.75,1,13
19,1,20,0,358.05,1,10
20,1,21,0,409.2,1,11
21,1,22,0,266.6,1,8
22,1,23,0,699.05,1,18
23,1,24,0,903.65,1,24
24,2,1,0,234.05,1,7
25,3,1,0,260.4,1,8
26,3,4,0,230.95,1,8
27,3,8,0,311.55,1,9
28,3,12,0,144.15,1,5
29,3,13,0,661.85,1,20
30,3,14,0,418.5,1,11
31,3,16,0,151.9,1,5
32,3,19,0,396.8,1,11
33,3,21,0,469.65,1,14
34,3,22,0,429.35,1,13
35,4,1,0,175.15,1,6
36,4,3,0,230.95,1,8
37,5,1,0,486.7,1,15
38,5,13,0,367.35,1,10
39,6,1,0,323.95,1,9
40,6,13,0,430.9,1,11
41,7,1,0,103.85,1,4
42,8,1,0,323.95,1,9
43,8,3,0,311.55,1,9
44,8,13,0,415.4,1,11
45,8,16,0,161.2,1,6
46,8,21,0,158.1,1,5
47,9,1,0,447.95,1,12
48,10,1,0,891.25,1,23
49,10,23,0,192.2,1,6
50,11,1,0,255.75,1,8
51,11,13,0,592.1,1,16
52,12,1,0,387.5,1,10
53,12,3,0,144.15,1,5
54,13,1,0,489.8,1,13
55,13,3,0,669.6,1,22
56,13,5,0,367.35,1,10
57,13,6,0,430.9,1,12
58,13,10,0,483.6,1,12
59,13,11,0,596.75,1,17
60,13,15,0,553.35,1,14
61,13,17,0,176.7,1,6
62,13,18,0,248,1,7
63,13,19,0,573.5,1,16
64,13,20,0,198.4,1,6
65,13,21,0,275.9,1,8
66,13,22,0,232.5,1,7
67,13,23,0,323.95,1,9
68,13,24,0,449.5,1,11
69,14,1,0,525.45,1,16
70,14,3,0,418.5,1,11
71,14,19,0,111.6,1,4
72,14,21,0,384.4,1,10
73,15,1,0,1002.85,1,24
74,15,13,0,553.35,1,16
75,15,18,0,350.3,1,10
76,15,21,0,747.1,1,20
77,15,23,0,412.3,1,11
78,16,1,0,252.65,1,8
79,16,3,0,151.9,1,5
80,16,8,0,161.2,1,6
81,16,13,0,581.25,1,17
82,16,21,0,305.35,1,9
83,17,1,0,544.05,1,14
84,17,13,0,176.7,1,6
85,17,18,0,127.1,1,5
86,17,21,0,292.95,1,8
87,18,1,0,666.5,1,17
88,18,10,0,308.45,1,10
89,18,13,0,248,1,7
90,18,15,0,350.3,1,10
91,18,17,0,127.1,1,5
92,18,19,0,719.2,1,19
93,18,21,0,421.6,1,11
94,18,22,0,421.6,1,13
95,18,23,0,116.25,1,4
96,18,24,0,237.15,1,7
97,19,1,0,503.75,1,13
98,19,3,0,396.8,1,11
99,19,8,0,240.25,1,7
100,19,14,0,111.6,1,4
101,19,21,0,297.6,1,8
102,20,1,0,358.05,1,10
103,20,13,0,198.4,1,6
104,20,23,0,522.35,1,15
105,21,1,0,409.2,1,11
106,21,3,0,458.8,1,13
107,21,8,0,158.1,1,5
108,21,13,0,275.9,1,8
109,21,14,0,384.4,1,10
110,21,15,0,829.25,1,22
111,21,17,0,292.95,1,8
112,21,18,0,420.05,1,13
113,21,19,0,297.6,1,8
114,21,23,0,440.2,1,11
115,22,1,0,266.6,1,8
116,22,3,0,429.35,1,12
117,22,13,0,232.5,1,7
118,23,1,0,699.05,1,17
119,23,10,0,192.2,1,6
120,23,13,0,323.95,1,9
121,23,15,0,412.3,1,11
122,23,17,0,153.45,1,5
123,23,18,0,116.25,1,4
124,23,21,0,446.4,1,13
125,23,24,0,305.35,1,9
126,24,1,0,903.65,1,24
127,24,13,0,449.5,1,11
128,24,18,0,237.15,1,7
129,24,23,0,305.35,1,9
130,0,2,0,161.2,1,6
131,0,3,0,353.4,1,10
132,0,4,0,285.2,1,9
133,0,5,0,474.3,1,13
134,0,6,0,246.45,1,8
135,0,8,0,427.8,1,12
136,0,9,0,379.75,1,11
137,0,10,0,931.55,1,25
138,0,11,0,158.1,1,5
139,0,12,0,401.45,1,11
140,0,14,0,632.4,1,17
141,0,15,0,1063.3,1,28
142,0,16,0,367.35,1,11
143,0,17,0,596.75,1,16
144,0,18,0,717.65,1,19
145,0,19,0,615.35,1,17
146,0,20,0,361.15,1,10
147,0,21,0,444.85,1,13
148,0,22,0,297.6,1,9
149,0,23,0,739.35,1,20
150,0,24,0,957.9,1,25
151,1,7,0,103.85,1,4
152,2,0,0,161.2,1,6
153,2,3,0,480.5,1,13
154,2,4,0,409.2,1,12
155,2,5,0,257.3,1,8
156,2,6,0,110.05,1,4
157,2,8,0,412.3,1,12
158,2,9,0,229.4,1,7
159,2,10,0,872.65,1,23
160,2,11,0,182.9,1,6
161,2,12,0,582.8,1,16
162,2,13,0,390.6,1,11
163,2,14,0,790.5,1,21
164,2,15,0,940.85,1,25
165,2,16,0,475.85,1,13
166,2,17,0,568.85,1,16
167,2,18,0,638.6,1,17
168,2,19,0,643.25,1,17
169,2,20,0,207.7,1,7
170,2,21,0,424.7,1,12
171,2,22,0,308.45,1,9
172,2,23,0,716.1,1,19
173,2,24,0,847.85,1,23
174,3,0,0,353.4,1,10
175,3,2,0,480.5,1,13
176,3,6,0,554.9,1,15
177,3,9,0,685.1,1,18
178,3,10,0,995.1,1,26
179,3,11,0,477.4,1,13
180,3,15,0,1224.5,1,32
181,3,17,0,764.15,1,20
182,3,18,0,833.9,1,22
183,3,20,0,620,1,17
184,3,23,0,888.15,1,23
185,3,24,0,1108.25,1,29
186,4,0,0,285.2,1,9
187,4,2,0,409.2,1,12
188,4,6,0,494.45,1,14
189,4,7,0,75.95,1,3
190,4,8,0,142.6,1,5
191,4,9,0,624.65,1,17
192,4,10,0,838.55,1,22
193,4,11,0,406.1,1,12
194,4,12,0,331.7,1,9
195,4,13,0,427.8,1,12
196,4,14,0,410.75,1,12
197,4,15,0,970.3,1,26
198,4,16,0,147.25,1,5
199,4,17,0,503.75,1,14
200,4,18,0,624.65,1,17
201,4,19,0,390.6,1,11
202,4,20,0,413.85,1,12
203,4,21,0,263.5,1,8
204,4,22,0,204.6,1,7
205,4,23,0,646.35,1,18
206,4,24,0,861.8,1,23
207,5,0,0,474.3,1,13
208,5,2,0,257.3,1,8
209,5,6,0,161.2,1,5
210,5,9,0,198.4,1,6
211,5,11,0,320.85,1,9
212,5,18,0,660.3,1,16
213,5,20,0,178.25,1,6
214,5,23,0,720.75,1,19
215,6,0,0,246.45,1,8
216,6,2,0,110.05,1,4
217,6,3,0,554.9,1,15
218,6,4,0,494.45,1,14
219,6,5,0,161.2,1,5
220,6,8,0,637.05,1,17
221,6,9,0,141.05,1,5
222,6,10,0,939.3,1,25
223,6,11,0,165.85,1,5
224,6,12,0,623.1,1,17
225,6,14,0,840.1,1,22
226,6,15,0,982.7,1,26
227,6,16,0,576.6,1,16
228,6,17,0,615.35,1,17
229,6,18,0,685.1,1,18
230,6,19,0,824.6,1,22
231,6,20,0,243.35,1,7
232,6,21,0,593.65,1,16
233,6,22,0,446.4,1,13
234,6,23,0,761.05,1,20
235,6,24,0,877.3,1,23
236,7,3,0,246.45,1,8
237,7,4,0,75.95,1,3
238,8,0,0,427.8,1,12
239,8,2,0,412.3,1,12
240,8,4,0,142.6,1,5
241,8,6,0,637.05,1,17
242,8,9,0,767.25,1,21
243,8,10,0,714.55,1,19
244,8,11,0,545.6,1,15
245,8,12,0,460.35,1,13
246,8,14,0,328.6,1,10
247,8,15,0,883.5,1,23
248,8,17,0,427.8,1,12
249,8,18,0,542.5,1,15
250,8,19,0,240.25,1,7
251,8,20,0,444.85,1,13
252,8,22,0,203.05,1,7
253,8,23,0,536.3,1,15
254,8,24,0,801.35,1,21
255,9,0,0,379.75,1,11
256,9,2,0,229.4,1,7
257,9,3,0,685.1,1,18
258,9,4,0,624.65,1,17
259,9,5,0,198.4,1,6
260,9,6,0,141.05,1,5
261,9,8,0,767.25,1,21
262,9,10,0,1069.5,1,28
263,9,11,0,297.6,1,8
264,9,12,0,753.3,1,20
265,9,13,0,469.65,1,12
266,9,14,0,652.55,1,18
267,9,15,0,1112.9,1,29
268,9,16,0,706.8,1,19
269,9,17,0,646.35,1,18
270,9,18,0,711.45,1,18
271,9,19,0,954.8,1,25
272,9,20,0,279,1,8
273,9,21,0,723.85,1,19
274,9,22,0,576.6,1,16
275,9,23,0,891.25,1,24
276,9,24,0,1019.9,1,27
277,10,0,0,931.55,1,25
278,10,2,0,872.65,1,23
279,10,3,0,995.1,1,26
280,10,4,0,838.55,1,22
281,10,6,0,939.3,1,25
282,10,8,0,714.55,1,19
283,10,9,0,1069.5,1,28
284,10,11,0,1133.05,1,30
285,10,12,0,1086.55,1,28
286,10,13,0,483.6,1,12
287,10,14,0,970.3,1,26
288,10,15,0,224.75,1,7
289,10,16,0,872.65,1,23
290,10,17,0,334.8,1,9
291,10,18,0,306.9,1,9
292,10,19,0,909.85,1,24
293,10,20,0,714.55,1,19
294,10,21,0,623.1,1,16
295,10,22,0,623.1,1,17
296,10,24,0,286.75,1,8
297,11,0,0,158.1,1,5
298,11,2,0,182.9,1,6
299,11,3,0,477.4,1,13
300,11,4,0,406.1,1,12
301,11,5,0,320.85,1,9
302,11,6,0,165.85,1,5
303,11,8,0,545.6,1,15
304,11,9,0,297.6,1,9
305,11,10,0,1133.05,1,30
306,11,12,0,523.9,1,14
307,11,14,0,770.35,1,21
308,11,15,0,1112.9,1,29
309,11,16,0,488.25,1,14
310,11,17,0,798.25,1,21
311,11,18,0,832.35,1,21
312,11,19,0,748.65,1,20
313,11,20,0,406.1,1,11
314,11,21,0,649.45,1,18
315,11,22,0,499.1,1,14
316,11,23,0,852.5,1,23
317,11,24,0,1021.45,1,27
318,12,0,0,401.45,1,11
319,12,2,0,582.8,1,16
320,12,4,0,331.7,1,10
321,12,6,0,623.1,1,17
322,12,8,0,460.35,1,13
323,12,9,0,753.3,1,20
324,12,10,0,1086.55,1,28
325,12,11,0,523.9,1,14
326,12,13,0,776.55,1,20
327,12,14,0,550.25,1,15
328,12,15,0,1233.8,1,32
329,12,16,0,296.05,1,9
330,12,17,0,776.55,1,21
331,12,18,0,1038.5,1,27
332,12,19,0,523.9,1,14
333,12,20,0,637.05,1,17
334,12,21,0,554.9,1,15
335,12,22,0,556.45,1,15
336,12,23,0,919.15,1,24
337,12,24,0,1137.7,1,30
338,13,2,0,390.6,1,11
339,13,4,0,427.8,1,12
340,13,8,0,415.4,1,11
341,13,9,0,469.65,1,12
342,13,14,0,655.65,1,17
343,13,16,0,530.1,1,14
344,14,0,0,632.4,1,17
345,14,2,0,790.5,1,21
346,14,4,0,410.75,1,12
347,14,6,0,840.1,1,22
348,14,8,0,328.6,1,10
349,14,9,0,652.55,1,18
350,14,10,0,970.3,1,26
351,14,11,0,770.35,1,21
352,14,12,0,550.25,1,15
353,14,13,0,655.65,1,17
354,14,15,0,1106.7,1,28
355,14,16,0,272.8,1,8
356,14,17,0,671.15,1,18
357,14,18,0,798.25,1,20
358,14,20,0,852.5,1,23
359,14,22,0,527,1,15
360,14,23,0,818.4,1,20
361,14,24,0,995.1,1,26
362,15,0,0,1063.3,1,28
363,15,2,0,940.85,1,25
364,15,3,0,1224.5,1,32
365,15,4,0,970.3,1,26
366,15,6,0,982.7,1,26
367,15,8,0,883.5,1,23
368,15,9,0,1112.9,1,29
369,15,10,0,224.75,1,7
370,15,11,0,1112.9,1,29
371,15,12,0,1233.8,1,32
372,15,14,0,1106.7,1,28
373,15,16,0,1027.65,1,27
374,15,17,0,454.15,1,12
375,15,19,0,1023,1,27
376,15,20,0,757.95,1,19
377,15,22,0,733.15,1,19
378,15,24,0,110.05,1,4
379,16,0,0,367.35,1,11
380,16,2,0,475.85,1,13
381,16,4,0,147.25,1,5
382,16,6,0,576.6,1,16
383,16,7,0,155,1,5
384,16,9,0,706.8,1,19
385,16,10,0,872.65,1,23
386,16,11,0,488.25,1,14
387,16,12,0,296.05,1,8
388,16,14,0,272.8,1,8
389,16,15,0,1027.65,1,27
390,16,17,0,570.4,1,16
391,16,18,0,686.65,1,19
392,16,19,0,251.1,1,7
393,16,20,0,525.45,1,15
394,16,22,0,302.25,1,9
395,16,23,0,692.85,1,19
396,16,24,0,951.7,1,25
397,17,0,0,596.75,1,16
398,17,2,0,568.85,1,16
399,17,3,0,764.15,1,20
400,17,4,0,503.75,1,14
401,17,5,0,530.1,1,14
402,17,6,0,615.35,1,17
403,17,8,0,427.8,1,12
404,17,9,0,649.45,1,18
405,17,10,0,334.8,1,10
406,17,11,0,798.25,1,21
407,17,12,0,776.55,1,21
408,17,14,0,671.15,1,17
409,17,15,0,454.15,1,12
410,17,16,0,570.4,1,16
411,17,19,0,581.25,1,16
412,17,20,0,373.55,1,10
413,17,22,0,294.5,1,8
414,17,23,0,153.45,1,5
415,17,24,0,362.7,1,10
416,18,0,0,719.2,1,19
417,18,2,0,638.6,1,17
418,18,3,0,833.9,1,22
419,18,4,0,624.65,1,17
420,18,5,0,660.3,1,16
421,18,6,0,685.1,1,18
422,18,8,0,542.5,1,15
423,18,9,0,711.45,1,18
424,18,11,0,832.35,1,21
425,18,12,0,1038.5,1,27
426,18,14,0,798.25,1,21
427,18,16,0,686.65,1,19
428,18,20,0,438.65,1,12
429,19,0,0,615.35,1,17
430,19,2,0,643.25,1,17
431,19,4,0,390.6,1,11
432,19,6,0,824.6,1,22
433,19,9,0,954.8,1,25
434,19,10,0,909.85,1,24
435,19,11,0,748.65,1,20
436,19,12,0,523.9,1,14
437,19,13,0,565.75,1,14
438,19,15,0,1023,1,27
439,19,16,0,251.1,1,7
440,19,17,0,581.25,1,16
441,19,18,0,709.9,1,18
442,19,20,0,764.15,1,20
443,19,22,0,437.1,1,12
444,19,23,0,728.5,1,18
445,19,24,0,942.4,1,25
446,20,0,0,361.15,1,10
447,20,2,0,207.7,1,7
448,20,3,0,620,1,17
449,20,4,0,413.85,1,12
450,20,5,0,178.25,1,6
451,20,6,0,243.35,1,7
452,20,8,0,444.85,1,13
453,20,9,0,279,1,8
454,20,10,0,714.55,1,19
455,20,11,0,406.1,1,11
456,20,12,0,637.05,1,17
457,20,14,0,878.85,1,23
458,20,15,0,757.95,1,19
459,20,16,0,525.45,1,15
460,20,17,0,373.55,1,11
461,20,18,0,438.65,1,12
462,20,19,0,764.15,1,20
463,20,21,0,466.55,1,13
464,20,22,0,272.8,1,8
465,20,24,0,641.7,1,17
466,21,0,0,444.85,1,13
467,21,2,0,424.7,1,12
468,21,4,0,263.5,1,8
469,21,6,0,593.65,1,16
470,21,9,0,723.85,1,19
471,21,10,0,623.1,1,16
472,21,11,0,646.35,1,18
473,21,12,0,554.9,1,15
474,21,16,0,305.35,1,9
475,21,20,0,466.55,1,13
476,21,22,0,142.6,1,5
477,21,24,0,651,1,18
478,22,0,0,297.6,1,9
479,22,2,0,308.45,1,10
480,22,4,0,204.6,1,7
481,22,6,0,446.4,1,13
482,22,8,0,203.05,1,6
483,22,9,0,576.6,1,16
484,22,10,0,623.1,1,17
485,22,11,0,499.1,1,14
486,22,12,0,556.45,1,15
487,22,14,0,527,1,15
488,22,15,0,733.15,1,19
489,22,16,0,302.25,1,9
490,22,17,0,294.5,1,8
491,22,18,0,404.55,1,10
492,22,19,0,437.1,1,12
493,22,20,0,272.8,1,9
494,22,21,0,142.6,1,5
495,22,23,0,432.45,1,11
496,22,24,0,643.25,1,17
497,23,0,0,739.35,1,20
498,23,2,0,716.1,1,19
499,23,3,0,888.15,1,23
500,23,4,0,646.35,1,18
501,23,6,0,761.05,1,20
502,23,8,0,536.3,1,15
503,23,9,0,891.25,1,24
504,23,11,0,852.5,1,23
505,23,12,0,919.15,1,24
506,23,14,0,818.4,1,20
507,23,16,0,692.85,1,19
508,23,19,0,728.5,1,18
509,23,20,0,522.35,1,14
510,23,22,0,432.45,1,11
511,24,0,0,957.9,1,25
512,24,2,0,847.85,1,23
513,24,3,0,1108.25,1,29
514,24,4,0,861.8,1,23
515,24,6,0,877.3,1,23
516,24,8,0,801.35,1,21
517,24,9,0,1019.9,1,27
518,24,10,0,286.75,1,8
519,24,11,0,1021.45,1,27
520,24,12,0,1137.7,1,30
521,24,14,0,995.1,1,26
522,24,15,0,110.05,1,4
523,24,16,0,951.7,1,25
524,24,17,0,362.7,1,10
525,24,19,0,942.4,1,25
526,24,20,0,641.7,1,17
527,24,21,0,651,1,16
528,24,22,0,643.25,1,17
PATHS,600
Index,Shipment origin,Shipment destination,1st terminal on path,2nd terminal on path,.....,6th terminal on path
0,0,1,0,1
1,0,2,0,1,2
2,0,3,0,1,3
3,0,4,0,1,4
4,0,5,0,1,5
5,0,6,0,1,6
6,0,7,0,1,7
7,0,8,0,1,8
8,0,9,0,1,9
9,0,10,0,1,10
10,0,11,0,1,11
11,0,12,0,1,12
12,0,13,0,1,13
13,0,14,0,1,14
14,0,15,0,1,15
15,0,16,0,1,16
16,0,17,0,1,17
17,0,18,0,1,18
18,0,19,0,1,19
19,0,20,0,1,20
20,0,21,0,1,21
21,0,22,0,1,22
22,0,23,0,1,23
23,0,24,0,1,24
24,1,0,1,0
25,1,2,1,2
26,1,3,1,3
27,1,4,1,4
28,1,5,1,5
29,1,6,1,6
30,1,7,1,7
31,1,8,1,8
32,1,9,1,9
33,1,10,1,10
34,1,11,1,11
35,1,12,1,12
36,1,13,1,13
37,1,14,1,14
38,1,15,1,15
39,1,16,1,16
40,1,17,1,17
41,1,18,1,18
42,1,19,1,19
43,1,20,1,20
44,1,21,1,21
45,1,22,1,22
46,1,23,1,23
47,1,24,1,24
48,2,0,2,1,0
49,2,1,2,1
50,2,3,2,1,3
51,2,4,2,1,4
52,2,5,2,1,5
53,2,6,2,1,6
54,2,8,2,1,8
55,2,7,2,1,7
56,2,9,2,1,9
57,2,10,2,1,10
58,2,11,2,1,11
59,2,12,2,1,12
60,2,13,2,1,13
61,2,14,2,1,14
62,2,15,2,1,15
63,2,16,2,1,16
64,2,17,2,1,17
65,2,18,2,1,18
66,2,19,2,1,19
67,2,20,2,1,20
68,2,21,2,1,21
69,2,22,2,1,22
70,2,23,2,1,23
71,2,24,2,1,24
72,3,0,3,1,0
73,3,1,3,1
74,3,2,3,1,2
75,3,4,3,4
76,3,5,3,1,5
77,3,6,3,1,6
78,3,7,3,1,7
79,3,8,3,8
80,3,9,3,1,9
81,3,10,3,13,10
82,3,11,3,1,11
83,3,12,3,12
84,3,13,3,13
85,3,14,3,14
86,3,15,3,13,15
87,3,16,3,16
88,3,17,3,13,17
89,3,18,3,13,18
90,3,19,3,19
91,3,20,3,1,20
92,3,21,3,21
93,3,22,3,22
94,3,23,3,21,23
95,3,24,3,13,24
96,4,0,4,1,0
97,4,1,4,1
98,4,2,4,1,2
99,4,3,4,3
100,4,5,4,1,5
101,4,6,4,1,6
102,4,7,4,1,7
103,4,8,4,1,8
104,4,9,4,1,9
105,4,10,4,1,10
106,4,11,4,1,11
107,4,12,4,3,12
108,4,13,4,1,13
109,4,14,4,3,14
110,4,15,4,1,15
111,4,16,4,3,16
112,4,17,4,1,17
113,4,18,4,1,18
114,4,19,4,3,19
115,4,20,4,1,20
116,4,21,4,1,21
117,4,22,4,1,22
118,4,23,4,1,23
119,4,24,4,1,24
120,5,0,5,1,0
121,5,1,5,1
122,5,2,5,1,2
123,5,3,5,1,3
124,5,4,5,1,4
125,5,6,5,1,6
126,5,7,5,1,7
127,5,8,5,1,8
128,5,9,5,1,9
129,5,10,5,13,10
130,5,11,5,1,11
131,5,12,5,1,12
132,5,13,5,13
133,5,14,5,1,14
134,5,15,5,13,15
135,5,16,5,1,16
136,5,17,5,13,17
137,5,18,5,13,18
138,5,19,5,13,21,19
139,5,20,5,13,20
140,5,21,5,13,21
141,5,22,5,1,22
142,5,23,5,13,23
143,5,24,5,13,24
144,6,0,6,1,0
145,6,1,6,1
146,6,2,6,1,2
147,6,3,6,1,3
148,6,4,6,1,4
149,6,5,6,1,5
150,6,7,6,1,7
151,6,8,6,1,8
152,6,9,6,1,9
153,6,10,6,1,10
154,6,11,6,1,11
155,6,12,6,1,12
156,6,13,6,1,13
157,6,14,6,1,14
158,6,15,6,1,15
159,6,16,6,1,16
160,6,17,6,1,17
161,6,18,6,1,18
162,6,19,6,1,19
163,6,20,6,1,20
164,6,21,6,1,21
165,6,22,6,1,22
166,6,23,6,1,23
167,6,24,6,1,24
168,7,0,7,1,0
169,7,1,7,1
170,7,2,7,1,2
171,7,3,7,3
172,7,4,7,4
173,7,5,7,1,5
174,7,6,7,3,6
175,7,8,7,3,8
176,7,9,7,1,9
177,7,10,7,1,9
178,7,11,7,3,11
179,7,12,7,4,12
180,7,13,7,4,13
181,7,14,7,4,14
182,7,15,7,4,15
183,7,16,7,4,16
184,7,17,7,1,17
185,7,18,7,1,18
186,7,19,7,1,19
187,7,20,7,1,20
188,7,21,7,1,21
189,7,22,7,1,22
190,7,23,7,1,23
191,7,24,7,1,24
192,8,0,8,1,0
193,8,1,8,1
194,8,2,8,1,2
195,8,3,8,3
196,8,4,8,1,4
197,8,5,8,1,5
198,8,6,8,1,6
199,8,7,8,1,7
200,8,9,8,1,9
201,8,10,8,21,23,10
202,8,11,8,1,11
203,8,12,8,3,12
204,8,13,8,21,13
205,8,14,8,21,14
206,8,15,8,21,13,15
207,8,16,8,3,16
208,8,17,8,21,17
209,8,18,8,21,18
210,8,19,8,21,19
211,8,20,8,1,20
212,8,21,8,21
213,8,22,8,1,22
214,8,23,8,21,23
215,8,24,8,21,13,24
216,9,0,9,1,0
217,9,1,9,1
218,9,2,9,1,2
219,9,3,9,1,3
220,9,4,9,1,4
221,9,5,9,1,5
222,9,6,9,1,6
223,9,7,9,1,7
224,9,8,9,1,8
225,9,10,9,1,10
226,9,11,9,1,11
227,9,12,9,1,12
228,9,13,9,1,13
229,9,14,9,1,14
230,9,15,9,1,15
231,9,16,9,1,16
232,9,17,9,1,17
233,9,18,9,1,18
234,9,19,9,1,19
235,9,20,9,1,20
236,9,21,9,1,21
237,9,22,9,1,22
238,9,23,9,1,23
239,9,24,9,1,24
240,10,0,10,1,0
241,10,1,10,1
242,10,2,10,1,2
243,10,3,10,1,3
244,10,4,10,1,4
245,10,5,10,23,13,5
246,10,6,10,23,13,6
247,10,7,10,1,7
248,10,8,10,23,21,8
249,10,9,10,1,9
250,10,11,10,1,11
251,10,12,10,1,12
252,10,13,10,23,13
253,10,14,10,23,21,14
254,10,15,10,23,15
255,10,16,10,1,16
256,10,17,10,23,17
257,10,18,10,23,18
258,10,19,10,23,21,19
259,10,20,10,23,13,20
260,10,21,10,23,21
261,10,22,10,23,22
262,10,23,10,23
263,10,24,10,23,24
264,11,0,11,1,0
265,11,1,11,1
266,11,2,11,1,2
267,11,3,11,1,3
268,11,4,11,1,4
269,11,5,11,1,5
270,11,6,11,1,6
271,11,7,11,1,7
272,11,8,11,1,8
273,11,9,11,1,9
274,11,10,11,13,10
275,11,12,11,1,12
276,11,13,11,13
277,11,14,11,1,14
278,11,15,11,13,15
279,11,16,11,1,16
280,11,17,11,13,17
281,11,18,11,13,18
282,11,19,11,1,19
283,11,20,11,1,20
284,11,21,11,1,21
285,11,22,11,1,22
286,11,23,11,13,23
287,11,24,11,13,24
288,12,0,12,1,0
289,12,1,12,1
290,12,2,12,1,2
291,12,3,12,3
292,12,4,12,3,4
293,12,5,12,1,5
294,12,6,12,1,6
295,12,7,12,1,7
296,12,8,12,3,8
297,12,9,12,1,9
298,12,10,12,1,10
299,12,11,12,1,11
300,12,13,12,3,13
301,12,14,12,3,14
302,12,15,12,1,15
303,12,16,12,3,16
304,12,17,12,1,17
305,12,18,12,1,18
306,12,19,12,3,19
307,12,20,12,1,20
308,12,21,12,3,21
309,12,22,12,3,22
310,12,23,12,1,23
311,12,24,12,1,24
312,13,0,13,1,0
313,13,1,13,1
314,13,2,13,1,2
315,13,3,13,3
316,13,4,13,4
317,13,5,13,5
318,13,6,13,6
319,13,7,13,1,7
320,13,8,13,21,8
321,13,9,13,1,9
322,13,10,13,10
323,13,11,13,11
324,13,12,13,3,12
325,13,14,13,21,14
326,13,15,13,15
327,13,16,13,1,16
328,13,17,13,17
329,13,18,13,18
330,13,19,13,21,19
331,13,20,13,20
332,13,21,13,21
333,13,22,13,22
334,13,23,13,23
335,13,24,13,24
336,14,0,14,1,0
337,14,1,14,1
338,14,2,14,1,2
339,14,3,14,3
340,14,4,14,3,4
341,14,5,14,1,5
342,14,6,14,1,6
343,14,7,14,1,7
344,14,8,14,3,8
345,14,9,14,1,9
346,14,10,14,21,23,10
347,14,11,14,1,11
348,14,12,14,3,12
349,14,13,14,21,13
350,14,15,14,21,13,15
351,14,16,14,3,16
352,14,17,14,21,17
353,14,18,14,21,18
354,14,19,14,1,19
355,14,20,14,1,20
356,14,21,14,21
357,14,22,14,1,22
358,14,23,14,21,23
359,14,24,14,21,13,24
360,15,0,15,1,0
361,15,1,15,1
362,15,2,15,1,2
363,15,3,15,13,3
364,15,4,15,1,4
365,15,5,15,13,5
366,15,6,15,13,6
367,15,7,15,1,7
368,15,8,15,21,8
369,15,9,15,1,9
370,15,10,15,10
371,15,11,15,1,11
372,15,12,15,1,12
373,15,13,15,13
374,15,14,15,21,14
375,15,16,15,1,16
376,15,17,15,17
377,15,18,15,18
378,15,19,15,21,19
379,15,20,15,13,20
380,15,21,15,21
381,15,22,15,13,22
382,15,23,15,23
383,15,24,15,24
384,16,0,16,1,0
385,16,1,16,1
386,16,2,16,1,2
387,16,3,16,3
388,16,4,16,3,4
389,16,5,16,1,5
390,16,6,16,1,6
391,16,7,16,1,7
392,16,8,16,3,8
393,16,9,16,1,9
394,16,10,16,13,10
395,16,11,16,1,11
396,16,12,16,3,12
397,16,13,16,13
398,16,14,16,3,14
399,16,15,16,13,15
400,16,17,16,13,17
401,16,18,16,13,18
402,16,19,16,3,19
403,16,20,16,1,20
404,16,21,16,21
405,16,22,16,3,22
406,16,23,16,13,23
407,16,24,16,13,24
408,17,0,17,1,0
409,17,1,17,1
410,17,2,17,1,2
411,17,3,17,13,3
412,17,4,17,1,4
413,17,5,17,13,5
414,17,6,17,13,6
415,17,7,17,1,7
416,17,8,17,21,8
417,17,9,17,1,9
418,17,10,17,13,10
419,17,11,17,1,11
420,17,12,17,1,12
421,17,13,17,13
422,17,14,17,21,14
423,17,15,17,13,15
424,17,16,17,1,16
425,17,18,17,18
426,17,19,17,21,19
427,17,20,17,13,20
428,17,21,17,21
429,17,22,17,13,22
430,17,23,17,13,23
431,17,24,17,13,24
432,18,0,18,1,0
433,18,1,18,1
434,18,2,18,1,2
435,18,3,18,13,3
436,18,4,18,1,4
437,18,5,18,13,5
438,18,6,18,13,6
439,18,7,18,1,7
440,18,8,18,21,8
441,18,9,18,13,1,9
442,18,10,18,10
443,18,11,18,1,11
444,18,12,18,1,12
445,18,13,18,13
446,18,14,18,21,14
447,18,15,18,15
448,18,16,18,1,16
449,18,17,18,17
450,18,19,18,21,19
451,18,20,18,13,20
452,18,21,18,21
453,18,22,18,13,22
454,18,23,18,23
455,18,24,18,24
456,19,0,19,1,0
457,19,1,19,1
458,19,2,19,1,2
459,19,3,19,3
460,19,4,19,3,4
461,19,5,19,1,5
462,19,6,19,1,6
463,19,7,19,1,7
464,19,8,19,21,8
465,19,9,19,1,9
466,19,10,19,1,10
467,19,11,19,1,11
468,19,12,19,3,12
469,19,13,19,21,13
470,19,14,19,1,14
471,19,15,19,21,13,15
472,19,16,19,3,16
473,19,17,19,21,17
474,19,18,19,21,18
475,19,20,19,1,20
476,19,21,19,21
477,19,22,19,1,22
478,19,23,19,21,23
479,19,24,19,21,13,24
480,20,0,20,1,0
481,20,1,20,1
482,20,2,20,1,2
483,20,3,20,1,3
484,20,4,20,1,4
485,20,5,20,1,5
486,20,6,20,1,6
487,20,7,20,1,7
488,20,8,20,1,8
489,20,9,20,1,9
490,20,10,20,13,10
491,20,11,20,1,11
492,20,12,20,1,12
493,20,13,20,13
494,20,14,20,1,14
495,20,15,20,13,15
496,20,16,20,1,16
497,20,17,20,13,17
498,20,18,20,13,18
499,20,19,20,1,19
500,20,21,20,1,21
501,20,22,20,13,22
502,20,23,20,13,23
503,20,24,20,13,24
504,21,0,21,1,0
505,21,1,21,1
506,21,2,21,1,2
507,21,3,21,3
508,21,4,21,1,4
509,21,5,21,13,5
510,21,6,21,13,6
511,21,7,21,1,7
512,21,8,21,8
513,21,9,21,1,9
514,21,10,21,23,10
515,21,11,21,1,11
516,21,12,21,3,12
517,21,13,21,13
518,21,14,21,14
519,21,15,21,13,15
520,21,16,21,3,16
521,21,17,21,17
522,21,18,21,18
523,21,19,21,19
524,21,20,21,1,20
525,21,22,21,1,22
526,21,23,21,23
527,21,24,21,13,24
528,22,0,22,1,0
529,22,1,22,1
530,22,2,22,1,2
531,22,3,22,3
532,22,4,22,1,4
533,22,5,22,13,5
534,22,6,22,1,6
535,22,7,22,1,7
536,22,8,22,1,8
537,22,9,22,1,9
538,22,10,22,13,10
539,22,11,22,1,11
540,22,12,22,3,12
541,22,13,22,13
542,22,14,22,1,14
543,22,15,22,13,15
544,22,16,22,1,16
545,22,17,22,13,17
546,22,18,22,13,18
547,22,19,22,1,19
548,22,20,22,13,20
549,22,21,22,1,21
550,22,23,22,13,23
551,22,24,22,13,24
552,23,0,23,1,0
553,23,1,23,1
554,23,2,23,1,2
555,23,3,23,1,3
556,23,4,23,1,4
557,23,5,23,13,5
558,23,6,23,13,6
559,23,7,23,1,7
560,23,8,23,21,8
561,23,9,23,1,9
562,23,10,23,10
563,23,11,23,1,11
564,23,12,23,1,12
565,23,13,23,13
566,23,14,23,21,14
567,23,15,23,15
568,23,16,23,1,16
569,23,17,23,17
570,23,18,23,18
571,23,19,23,21,19
572,23,20,23,13,20
573,23,21,23,21
574,23,22,23,22
575,23,24,23,24
576,24,0,24,1,0
577,24,1,24,1
578,24,2,24,1,2
579,24,3,24,13,3
580,24,4,24,1,4
581,24,5,24,13,5
582,24,6,24,13,6
583,24,7,24,1,7
584,24,8,24,18,21,8
585,24,9,24,13,1,9
586,24,10,24,23,10
587,24,11,24,13,11
588,24,12,24,1,12
589,24,13,24,13
590,24,14,24,18,21,14
591,24,15,24,15
592,24,16,24,1,16
593,24,17,24,13,17
594,24,18,24,18
595,24,19,24,18,21,19
596,24,20,24,13,20
597,24,21,24,18,21
598,24,22,24,13,22
599,24,23,24,23
COMMODITIES,750
Index,Origin,Destination,Demand/Size,Earliest available time,Latest delivery time
0,3,16,0.898105,184,273
1,19,4,0.0708448,182,285
2,21,19,0.36758,86,178
3,3,1,0.775055,182,274
4,11,15,0.916262,90,204
5,1,3,0.55665,88,180
6,13,6,0.832564,134,230
7,5,19,0.138702,138,248
8,11,12,0.453917,38,140
9,6,3,0.236706,182,283
10,19,3,0.842791,138,233
11,14,11,0.775357,138,246
12,24,13,0.963566,134,229
13,11,4,0.176311,136,234
14,3,15,0.270502,40,158
15,14,16,0.175441,40,140
16,20,1,0.317144,38,132
17,3,16,0.286644,38,127
18,3,21,0.421173,136,234
19,13,20,0.594492,40,130
20,15,14,0.287906,88,202
21,16,4,0.827847,136,233
22,13,17,0.967352,134,224
23,14,1,0.402355,134,234
24,5,16,0.430053,138,245
25,2,1,0.612731,182,273
26,2,4,0.997173,40,137
27,17,20,0.267953,40,136
28,18,6,0.847227,42,145
29,15,19,0.580372,138,250
30,13,23,0.945495,136,229
31,11,3,0.753787,40,140
32,11,0,0.948322,138,235
33,3,12,0.770508,86,175
34,22,14,0.255994,90,198
35,1,14,0.407436,136,236
36,11,14,0.450909,136,244
37,16,22,0.249417,134,236
38,22,1,0.804322,134,226
39,23,13,0.482599,186,279
40,11,15,0.279978,86,200
41,2,15,0.311163,134,249
42,1,17,0.288841,90,190
43,10,8,0.309916,134,242
44,0,22,0.268276,88,185
45,11,14,0.478454,42,150
46,5,16,0.390442,90,197
47,19,13,0.497899,184,284
48,18,8,0.649133,182,282
49,24,11,0.724252,42,154
50,2,3,0.309893,40,139
51,17,19,0.659693,88,188
52,23,19,0.640723,42,147
53,20,15,0.469279,182,286
54,24,15,0.337311,38,126
55,17,16,0.0737945,138,244
56,8,17,0.439606,40,137
57,5,14,0.256145,88,203
58,23,15,0.913916,186,281
59,15,21,0.108549,184,288
60,21,17,0.369391,90,182
61,13,23,0.865311,88,181
62,17,23,0.515954,134,233
63,23,0,0.638247,86,192
64,11,13,0.211375,138,238
65,15,13,0.25234,40,140
66,1,12,0.604626,88,182
67,15,22,0.683651,42,149
68,22,13,0.769181,88,179
69,18,17,0.901559,186,275
70,23,4,0.386884,42,149
71,8,19,0.0854998,40,137
72,20,1,0.0329199,138,232
73,5,14,0.339039,136,251
74,16,22,0.395733,38,140
75,18,15,0.659446,138,232
76,15,23,0.281535,138,233
77,3,19,0.0174589,136,231
78,23,3,0.84492,38,147
79,4,3,0.196296,136,228
80,18,8,0.591541,136,236
81,18,6,0.867236,136,239
82,19,4,0.0655722,138,241
83,23,15,0.351288,90,185
84,13,8,0.0989924,40,137
85,11,0,0.908272,86,183
86,1,15,0.65392,86,194
87,18,15,0.358376,184,278
88,10,24,0.841103,88,187
89,1,11,0.844109,184,276
90,14,8,0.483684,138,242
91,5,23,0.74817,136,239
92,2,19,0.298669,134,238
93,16,2,0.291012,86,185
94,19,9,0.194971,38,147
95,11,18,0.22888,88,195
96,20,2,0.240759,88,189
97,24,22,0.597331,136,238
98,12,21,0.381087,42,145
99,3,13,0.333274,38,142
100,23,14,0.535328,138,245
101,18,19,0.291603,182,285
102,2,3,0.35601,182,281
103,22,13,0.721881,90,181
104,23,5,0.811486,136,239
105,10,15,0.792483,90,191
106,13,24,0.246274,134,229
107,0,1,0.648167,138,227
108,12,1,0.136447,134,228
109,0,11,0.919667,138,235
110,17,13,0.0481966,38,128
111,0,21,0.442133,88,188
112,15,1,0.934209,38,146
113,18,21,0.796109,136,231
114,11,21,0.337495,90,193
115,18,11,0.0156363,134,243
116,23,4,0.370413,86,193
117,17,8,0.201544,90,187
118,2,1,0.262988,138,229
119,3,1,0.902363,42,134
120,1,12,0.597769,182,276
121,24,2,0.362499,40,155
122,18,0,0.236245,88,194
123,12,2,0.102782,182,283
124,13,23,0.938704,186,279
125,1,9,0.763023,134,230
126,12,11,0.18479,38,140
127,16,21,0.668205,184,277
128,18,24,0.093862,138,229
129,23,24,0.490631,90,183
130,11,17,0.314253,136,242
131,12,18,0.123039,136,248
132,0,14,0.292322,88,193
133,10,23,0.061888,136,226
134,1,4,0.272678,88,178
135,8,2,0.034745,38,138
136,3,16,0.281889,86,175
137,23,6,0.709153,90,195
138,8,3,0.0598913,90,183
139,17,1,0.110145,138,236
140,21,19,0.363855,186,278
141,3,0,0.549587,86,183
142,15,0,0.423225,90,203
143,24,13,0.812359,40,135
144,21,1,0.19076,90,185
145,1,6,0.312381,136,229
146,3,1,0.443261,90,182
147,11,3,0.707406,134,234
148,14,1,0.933726,138,238
149,11,12,0.320184,86,188
150,14,15,0.150638,136,252
151,15,16,0.370986,40,156
152,3,8,0.898514,86,179
153,3,20,0.0708325,42,144
154,16,1,0.966027,186,278
155,23,17,0.212599,38,127
156,22,20,0.495637,90,187
157,3,2,0.80654,88,187
158,20,13,0.218412,182,272
159,14,18,0.971115,42,149
160,2,4,0.0667153,138,235
161,6,3,0.242969,186,287
162,20,22,0.254363,40,137
163,1,13,0.650077,136,234
164,1,10,0.341319,38,148
165,13,24,0.582328,186,281
166,13,22,0.102332,38,129
167,18,5,0.105969,86,187
168,24,13,0.928944,38,133
169,8,12,0.241032,90,188
170,1,19,0.519573,134,231
171,10,23,0.0672859,40,130
172,23,21,0.935238,42,139
173,21,11,0.0550913,86,189
174,13,19,0.890043,88,188
175,3,23,0.347715,88,197
176,3,19,0.274775,90,185
177,3,0,0.303736,184,281
178,14,1,0.875744,40,140
179,3,6,0.362407,138,239
180,1,20,0.465696,134,228
181,1,19,0.431719,182,279
182,18,0,0.239729,134,240
183,18,16,0.536775,86,195
184,16,3,0.598884,138,227
185,3,2,0.92264,134,233
186,5,17,0.441272,134,234
187,16,8,0.205031,38,136
188,18,8,0.554698,184,284
189,14,1,0.5045,136,236
190,14,1,0.194749,38,138
191,8,1,0.465685,134,227
192,13,1,0.799038,136,233
193,21,13,0.856461,86,178
194,14,3,0.451459,42,137
195,23,22,0.0094532,184,279
196,24,22,0.672413,138,240
197,10,15,0.349792,186,287
198,3,10,0.0875529,88,204
199,1,15,0.447588,40,148
200,1,5,0.183468,136,235
201,16,13,0.982396,88,189
202,24,10,0.0502941,88,187
203,8,13,0.279082,184,281
204,1,13,0.715146,40,138
205,23,17,0.28652,182,271
206,21,18,0.211391,184,281
207,3,14,0.128279,134,229
208,24,6,0.360779,90,197
209,20,22,0.249966,136,233
210,0,10,0.490548,134,249
211,11,12,0.300352,136,238
212,1,21,0.361289,42,137
213,12,22,0.210552,86,188
214,19,23,0.576573,90,193
215,24,17,0.82372,182,283
216,1,20,0.160784,42,136
217,1,23,0.903647,88,190
218,10,18,0.586367,86,180
219,3,4,0.129758,86,178
220,23,11,0.182143,138,247
221,0,11,0.0659102,186,283
222,19,13,0.500882,38,138
223,22,5,0.449971,90,191
224,23,8,0.846134,184,286
225,13,8,0.0114783,38,135
226,24,18,0.921846,182,273
227,10,23,0.312603,90,180
228,18,14,0.349048,136,241
229,20,3,0.40626,134,236
230,23,20,0.0948691,86,185
231,13,23,0.999038,182,275
232,5,17,0.380239,88,188
233,13,17,0.519274,42,132
234,17,23,0.405679,136,235
235,2,15,0.221948,86,201
236,4,3,0.887871,42,134
237,12,22,0.200597,134,236
238,3,9,0.510262,90,194
239,3,11,0.491601,40,140
240,22,8,0.256427,182,283
241,13,11,0.202301,134,235
242,15,21,0.173834,38,142
243,13,1,0.513379,86,183
244,12,1,0.390735,40,134
245,19,3,0.129353,86,181
246,0,2,0.0988871,40,136
247,22,9,0.184819,184,288
248,15,13,0.990367,186,286
249,18,4,0.739884,42,149
250,18,11,0.110182,88,197
251,23,10,0.208049,184,274
252,5,3,0.56491,42,149
253,17,15,0.377251,40,144
254,1,9,0.584583,184,280
255,14,9,0.524083,88,200
256,11,8,0.389928,186,287
257,17,24,0.630307,42,143
258,11,13,0.0972222,182,282
259,15,22,0.702968,90,197
260,4,1,0.520342,38,128
261,22,8,0.267503,42,143
262,16,20,0.222177,136,238
263,11,12,0.253606,90,192
264,2,8,0.482466,88,188
265,18,20,0.793827,42,139
266,16,0,0.810933,90,187
267,22,13,0.725527,182,273
268,3,19,0.499356,88,183
269,4,24,0.304952,90,204
270,17,13,0.0577203,134,224
271,24,1,0.425777,90,198
272,22,16,0.112345,40,140
273,24,15,0.253321,184,272
274,24,16,0.0187135,134,250
275,3,8,0.619663,88,181
276,13,19,0.652862,138,238
277,13,0,0.56496,38,140
278,10,23,0.273021,38,128
279,13,21,0.270772,90,182
280,12,16,0.62539,90,184
281,4,1,0.74261,40,130
282,22,0,0.178655,88,185
283,2,4,0.982526,88,185
284,2,1,0.878356,40,131
285,20,13,0.310061,136,226
286,11,24,0.159242,136,247
287,3,11,0.362678,86,186
288,5,17,0.445784,182,282
289,12,3,0.961569,88,177
290,6,1,0.455104,136,229
291,11,1,0.434255,88,180
292,1,21,0.120334,88,183
293,2,3,0.320429,86,185
294,24,15,0.430643,86,174
295,2,8,0.461785,38,138
296,18,8,0.737246,134,234
297,13,6,0.82652,184,280
298,11,1,0.955929,90,182
299,15,20,0.0719423,88,194
300,15,19,0.829521,134,246
301,11,1,0.557298,138,230
302,21,23,0.368097,38,133
303,4,16,0.457518,40,137
304,22,3,0.2367,88,184
305,10,16,0.117604,86,201
306,12,6,0.160843,184,287
307,15,10,0.0372828,40,131
308,13,17,0.13515,86,176
309,13,21,0.383449,38,130
310,1,22,0.488884,138,230
311,22,8,0.419142,138,239
312,11,3,0.744881,88,188
313,18,23,0.829448,136,224
314,2,4,0.906672,134,231
315,22,12,0.457607,90,191
316,24,15,0.276171,138,226
317,16,5,0.15243,138,245
318,21,19,0.350184,38,130
319,11,23,0.77059,134,243
320,15,13,0.434822,38,138
321,8,1,0.558095,88,181
322,4,11,0.26408,182,280
323,3,13,0.183421,88,192
324,0,14,0.282079,86,191
325,16,14,0.0251661,40,140
326,3,0,0.425615,42,139
327,12,3,0.445314,40,129
328,3,4,0.867145,134,226
329,2,15,0.310152,38,153
330,15,13,0.225589,90,190
331,24,1,0.131894,42,150
332,5,14,0.259921,86,201
333,0,16,0.713728,184,281
334,4,1,0.530632,136,226
335,22,17,0.336534,42,139
336,0,1,0.845284,184,273
337,19,23,0.900422,136,239
338,0,11,0.0369798,42,139
339,10,15,0.746936,134,235
340,19,24,0.471162,86,197
341,14,16,0.035519,134,234
342,13,6,0.945355,40,136
343,19,1,0.213733,86,183
344,3,20,0.137931,182,284
345,0,4,0.032344,38,133
346,13,18,0.0510493,88,179
347,16,23,0.0800049,136,246
348,17,10,0.542526,136,238
349,1,19,0.487492,90,187
350,18,15,0.3493,136,230
351,2,4,0.912511,90,187
352,5,3,0.654082,40,147
353,20,1,0.416877,86,180
354,3,21,0.394497,134,232
355,1,13,0.562443,184,282
356,16,20,0.204905,38,140
357,24,2,0.380771,86,201
358,21,13,0.859024,186,278
359,0,9,0.141317,40,141
360,22,8,0.237497,86,187
361,19,22,0.371197,86,191
362,10,13,0.957179,182,281
363,12,6,0.136563,90,193
364,19,13,0.549856,186,286
365,8,18,0.169368,136,238
366,19,18,0.908398,42,147
367,10,1,0.927369,88,195
368,1,16,0.0757736,38,130
369,11,4,0.189149,40,138
370,1,20,0.344734,38,132
371,10,17,0.197364,90,185
372,1,6,0.789398,138,231
373,23,17,0.997668,134,223
374,0,17,0.219081,88,193
375,14,8,0.256239,184,288
376,14,0,0.661705,138,243
377,10,8,0.267382,40,148
378,3,11,0.488051,182,282
379,3,8,0.39972,90,183
380,17,13,0.167967,90,180
381,14,21,0.790919,88,182
382,13,6,0.847617,90,186
383,13,21,0.17381,86,178
384,14,8,0.309899,40,144
385,1,17,0.81372,186,286
386,12,20,0.760268,136,240
387,1,10,0.538957,40,150
388,15,10,0.456786,138,229
389,3,8,0.9521,38,131
390,0,8,0.407277,182,280
391,16,1,0.338582,88,180
392,1,19,0.242141,86,183
393,23,16,0.203779,138,247
394,13,0,0.658016,186,288
395,15,18,0.273656,42,136
396,23,21,0.587215,38,135
397,6,1,0.0650936,40,133
398,3,12,0.0670702,88,177
399,19,2,0.0195924,38,142
400,18,6,0.736065,88,191
401,1,15,0.54598,88,196
402,18,10,0.681393,184,278
403,22,8,0.277896,88,189
404,21,13,0.824673,138,230
405,20,1,0.756642,40,134
406,22,16,0.135966,90,190
407,14,8,0.443959,42,146
408,24,15,0.162953,90,178
409,1,22,0.170228,186,278
410,11,13,0.576614,40,140
411,3,0,0.336246,88,185
412,1,0,0.324296,184,273
413,15,14,0.489208,90,204
414,22,11,0.439212,40,140
415,0,18,0.773757,138,245
416,19,21,0.669681,138,230
417,21,3,0.145567,86,183
418,17,1,0.619102,90,188
419,8,3,0.894116,138,231
420,10,22,0.0697103,90,191
421,12,16,0.66708,38,132
422,1,20,0.343964,182,276
423,10,24,0.822983,42,141
424,18,3,0.00390484,86,199
425,13,10,0.504422,186,282
426,1,21,0.0823577,40,135
427,1,22,0.227891,184,276
428,16,20,0.226838,90,192
429,23,20,0.779943,88,187
430,11,12,0.378008,134,236
431,3,2,0.865584,42,141
432,15,12,0.831994,90,208
433,1,9,0.81206,138,234
434,1,15,0.0885257,134,242
435,4,3,0.0588197,184,276
436,16,4,0.849432,42,139
437,21,8,0.444298,182,271
438,17,20,0.311168,136,232
439,1,14,0.890023,88,188
440,13,19,0.660444,42,142
441,15,22,0.707564,136,243
442,24,19,0.877863,138,248
443,22,24,0.449706,184,286
444,13,1,0.960101,184,281
445,4,12,0.193157,186,283
446,11,8,0.374699,182,283
447,22,23,0.606773,186,286
448,13,17,0.647515,136,226
449,4,10,0.0503195,138,254
450,14,5,0.367437,88,203
451,1,17,0.819514,136,236
452,18,20,0.23925,134,231
453,24,23,0.0262261,138,231
454,18,1,0.819192,134,235
455,3,20,0.950163,88,190
456,0,18,0.777517,40,147
457,14,21,0.886781,138,232
458,21,1,0.155646,186,281
459,0,19,0.282486,186,288
460,19,18,0.96823,88,193
461,4,16,0.483404,182,279
462,11,4,0.18383,38,136
463,13,10,0.0900583,90,186
464,21,13,0.88256,38,130
465,21,23,0.341209,88,183
466,14,1,0.659775,42,142
467,8,3,0.172678,42,135
468,18,22,0.0411962,184,282
469,22,6,0.337452,138,239
470,0,2,0.103586,138,234
471,23,1,0.64006,186,287
472,19,8,0.452254,134,231
473,1,0,0.955254,86,175
474,15,19,0.559861,42,154
475,4,15,0.222972,88,202
476,20,3,0.377926,182,284
477,4,18,0.375328,90,198
478,8,17,0.59014,42,139
479,16,13,0.0113807,182,283
480,9,16,0.971469,138,242
481,17,18,0.445914,182,271
482,22,23,0.544837,42,142
483,17,18,0.20924,86,175
484,16,6,0.115923,86,187
485,1,14,0.398993,184,284
486,17,18,0.314236,134,223
487,11,8,0.434014,184,285
488,12,3,0.970358,138,227
489,1,12,0.632987,134,228
490,10,18,0.351724,186,280
491,12,16,0.751145,186,280
492,1,21,0.444658,184,279
493,13,10,0.143344,136,232
494,13,3,0.0952755,182,288
495,12,3,0.168747,182,271
496,24,23,0.967791,134,227
497,0,13,0.334624,88,191
498,15,23,0.938862,42,137
499,1,22,0.628562,86,178
500,13,5,0.335855,182,276
501,1,0,0.364711,138,227
502,10,18,0.46797,182,276
503,1,21,0.486807,182,277
504,18,3,0.991967,88,201
505,1,6,0.981257,184,277
506,22,21,0.509464,40,143
507,23,21,0.020512,86,183
508,18,4,0.820706,40,147
509,10,18,0.608494,88,182
510,10,24,0.858164,38,137
511,23,15,0.607501,38,133
512,3,14,0.514551,42,137
513,6,16,0.406801,88,189
514,13,15,0.506422,138,236
515,15,19,0.590654,90,202
516,5,13,0.377732,42,136
517,1,4,0.920635,184,274
518,10,13,0.86633,134,233
519,23,5,0.862619,86,189
520,11,18,0.996146,40,147
521,18,6,0.883648,90,193
522,24,18,0.980011,136,227
523,16,11,0.701194,88,188
524,4,16,0.475757,136,233
525,1,18,0.262413,186,288
526,18,13,0.675093,182,273
527,10,13,0.688678,42,141
528,9,3,0.448295,86,190
529,23,1,0.31382,86,187
530,19,9,0.184003,136,245
531,17,8,0.202189,136,233
532,10,13,0.744747,38,137
533,2,1,0.402725,134,225
534,15,4,0.206257,88,202
535,1,14,0.371104,40,140
536,1,24,0.844659,134,242
537,18,23,0.842424,40,128
538,5,3,0.671523,136,243
539,10,20,0.0965605,182,287
540,1,6,0.586677,88,181
541,15,3,0.416149,40,162
542,12,11,0.189718,134,236
543,13,22,0.0737268,136,227
544,13,8,0.0612268,138,235
545,21,3,0.178149,38,135
546,12,10,0.773068,138,258
547,9,1,0.269602,90,186
548,22,11,0.39044,182,282
549,23,17,0.294975,136,225
550,18,15,0.664098,186,280
551,23,10,0.960274,38,128
552,13,5,0.341288,134,228
553,0,24,0.492337,134,247
554,18,17,0.789196,136,225
555,3,22,0.435109,86,183
556,18,15,0.215148,90,184
557,24,1,0.45401,88,196
558,23,18,0.544603,136,224
559,4,23,0.990745,90,198
560,2,1,0.947778,136,227
561,13,24,0.97095,86,181
562,19,15,0.581393,134,248
563,24,22,0.529286,184,286
564,23,8,0.179161,38,140
565,24,10,0.0643468,90,189
566,15,8,0.0477553,88,197
567,2,12,0.0484776,184,285
568,13,24,0.0933516,40,135
569,14,21,0.791933,90,184
570,13,14,0.0441984,42,144
571,1,21,0.305514,90,185
572,21,19,0.358665,136,228
573,3,20,0.0988121,40,142
574,1,24,0.992658,40,148
575,22,20,0.471216,38,135
576,13,5,0.343613,184,278
577,16,15,0.548257,86,201
578,11,17,0.326926,38,144
579,14,11,0.806916,90,198
580,23,0,0.711771,138,244
581,0,13,0.337996,40,143
582,3,16,0.784238,42,131
583,14,23,0.390307,182,287
584,0,19,0.241795,138,240
585,9,1,0.646159,40,136
586,22,3,0.149735,38,134
587,14,18,0.550515,134,241
588,3,6,0.259141,90,191
589,15,18,0.470471,136,230
590,24,19,0.856077,86,196
591,23,21,0.569467,182,279
592,14,15,0.805575,88,204
593,13,10,0.738924,184,280
594,21,13,0.849275,136,228
595,2,23,0.0905919,134,243
596,10,8,0.288921,38,146
597,15,21,0.233364,86,190
598,8,2,0.0352754,134,234
599,23,24,0.295251,136,229
600,6,17,0.0494295,42,151
601,5,3,0.647011,88,195
602,16,14,0.100412,136,236
603,20,13,0.233557,40,130
604,2,1,0.565537,88,179
605,13,17,0.588422,40,130
606,5,17,0.415739,38,138
607,0,23,0.00938232,90,197
608,0,5,0.178198,184,288
609,10,15,0.283149,40,141
610,1,18,0.042017,90,192
611,13,10,0.712939,38,134
612,24,6,0.392932,40,147
613,21,17,0.362072,134,226
614,15,3,0.433462,136,258
615,19,10,0.239328,136,259
616,18,2,0.437972,136,244
617,20,17,0.445255,134,230
618,19,16,0.103589,182,282
619,1,9,0.0295775,86,182
620,19,11,0.75498,90,195
621,21,18,0.19935,136,233
622,20,19,0.446593,42,149
623,16,13,0.895506,138,239
624,16,3,0.439623,90,179
625,20,8,0.27543,134,237
626,9,3,0.552537,182,286
627,18,3,0.895104,40,153
628,3,15,0.23567,136,254
629,11,13,0.56818,38,138
630,24,23,0.432562,42,135
631,17,21,0.275723,184,276
632,23,18,0.918092,42,130
633,21,24,0.308058,134,237
634,8,9,0.259938,40,145
635,3,16,0.0722837,138,227
636,13,24,0.319364,136,231
637,20,23,0.0988718,40,139
638,23,20,0.823563,90,189
639,21,3,0.29226,184,281
640,3,5,0.915383,40,147
641,17,23,0.423125,182,281
642,22,8,0.36849,134,235
643,6,14,0.016838,90,199
644,16,10,0.028275,88,201
645,3,1,0.686162,186,278
646,1,24,0.0768312,90,198
647,18,14,0.150802,42,147
648,23,9,0.617987,88,201
649,10,24,0.838011,136,235
650,2,1,0.920512,38,129
651,22,1,0.978081,136,228
652,14,8,0.321886,136,240
653,1,5,0.0039374,134,233
654,11,0,0.953622,184,281
655,3,5,0.802094,86,193
656,1,10,0.326487,138,248
657,1,22,0.987165,42,134
658,13,18,0.31787,40,131
659,21,19,0.409098,40,132
660,2,15,0.346096,90,205
661,24,14,0.16344,138,250
662,14,24,0.0373173,134,247
663,1,22,0.79031,182,274
664,18,5,0.133745,138,239
665,13,18,0.115738,136,227
666,18,19,0.113466,86,189
667,16,9,0.257928,134,238
668,13,18,0.541305,134,225
669,0,10,0.493157,138,253
670,21,1,0.272627,138,233
671,1,18,0.0435073,40,142
672,13,21,0.235878,182,274
673,23,10,0.9473,182,272
674,21,1,0.4159,182,277
675,23,2,0.0911806,138,246
676,4,1,0.875827,186,276
677,24,18,0.74594,134,225
678,13,5,0.326309,86,180
679,23,17,0.27084,42,131
680,21,18,0.209967,38,135
681,12,1,0.633682,42,136
682,11,4,0.191242,86,184
683,24,19,0.824091,88,198
684,23,8,0.862071,42,144
685,1,17,0.423544,86,186
686,3,23,0.391783,90,199
687,10,24,0.808594,40,139
688,2,23,0.0977083,136,245
689,24,2,0.399002,88,203
690,1,0,0.657074,38,127
691,3,24,0.94391,86,201
692,1,14,0.0620853,138,238
693,20,13,0.119488,134,224
694,20,13,0.736738,184,274
695,21,17,0.411174,88,180
696,9,1,0.270282,186,282
697,18,13,0.399006,38,129
698,1,4,0.299735,182,272
699,20,15,0.490305,40,144
700,2,14,0.712069,90,197
701,1,20,0.361169,138,232
702,22,24,0.403963,136,238
703,22,20,0.561329,138,235
704,3,17,0.134151,90,200
705,23,4,0.350196,40,147
706,23,3,0.81505,90,199
707,8,12,0.221325,134,232
708,17,10,0.534447,186,288
709,20,14,0.381041,88,198
710,3,22,0.841184,184,281
711,3,19,0.218951,186,281
712,11,13,0.639318,42,142
713,15,18,0.283489,38,132
714,0,4,0.0322504,90,185
715,3,22,0.113321,134,231
716,11,3,0.865686,136,236
717,3,5,0.783267,88,195
718,22,3,0.201858,134,230
719,15,13,0.189226,184,284
720,18,8,0.564295,38,138
721,23,3,0.93289,134,243
722,18,6,0.829771,86,189
723,22,24,0.463542,42,144
724,8,14,0.0163983,40,139
725,18,8,0.601945,42,142
726,0,11,0.0728942,38,135
727,10,1,0.448081,38,145
728,17,23,0.359015,88,187
729,3,2,0.962142,40,139
730,15,10,0.827723,88,179
731,24,10,0.971416,186,285
732,1,22,0.0906916,134,226
733,19,3,0.421711,42,137
734,22,19,0.131527,40,145
735,1,15,0.479862,136,244
736,24,11,0.705124,138,250
737,8,3,0.266341,134,227
738,19,23,0.607352,40,143
739,8,13,0.318057,138,235
740,19,5,0.441172,138,250
741,0,15,0.475127,88,201
742,8,17,0.551564,186,283
743,22,2,0.640852,86,185
744,5,1,0.0534046,90,189
745,3,14,0.409824,38,133
746,10,14,0.117258,138,251
747,20,8,0.229182,136,239
748,18,11,0.979037,138,247
749,15,6,0.189064,136,248
