NODES,25
INDEX,Name,X-coordinate,Y-coordinate
0,0,-,-
1,1,-,-
2,2,-,-
3,3,-,-
4,4,-,-
5,5,-,-
6,6,-,-
7,7,-,-
8,8,-,-
9,9,-,-
10,10,-,-
11,11,-,-
12,12,-,-
13,13,-,-
14,14,-,-
15,15,-,-
16,16,-,-
17,17,-,-
18,18,-,-
19,19,-,-
20,20,-,-
21,21,-,-
22,22,-,-
23,23,-,-
24,24,-,-
ARCS,529
Index,Origin,Destination,Variable Cost,Fixed Cost,Capacity,Travel time
0,0,1,0,117.8,1,5
1,1,0,0,117.8,1,5
2,1,2,0,234.05,1,7
3,1,3,0,260.4,1,8
4,1,4,0,175.15,1,6
5,1,5,0,486.7,1,15
6,1,6,0,323.95,1,9
7,1,8,0,323.95,1,9
8,1,9,0,447.95,1,12
9,1,10,0,883.5,1,26
10,1,11,0,255.75,1,8
11,1,12,0,387.5,1,10
12,1,13,0,489.8,1,14
13,1,14,0,525.45,1,16
14,1,15,0,1002.85,1,24
15,1,16,0,252.65,1,8
16,1,17,0,545.6,1,16
17,1,18,0,680.45,1,18
18,1,19,0,503.75,1,13
19,1,20,0,358.05,1,10
20,1,21,0,409.2,1,11
21,1,22,0,266.6,1,8
22,1,23,0,699.05,1,18
23,1,24,0,903.65,1,24
24,2,1,0,234.05,1,7
25,3,1,0,260.4,1,8
26,3,4,0,230.95,1,8
27,3,8,0,311.55,1,9
28,3,12,0,144.15,1,5
29,3,13,0,661.85,1,20
30,3,14,0,418.5,1,11
31,3,16,0,151.9,1,5
32,3,19,0,396.8,1,11
33,3,21,0,469.65,1,14
34,3,22,0,429.35,1,13
35,4,1,0,175.15,1,6
36,4,3,0,230.95,1,8
37,5,1,0,486.7,1,15
38,5,13,0,367.35,1,10
39,6,1,0,323.95,1,9
40,6,13,0,430.9,1,11
41,7,1,0,103.85,1,4
42,8,1,0,323.95,1,9
43,8,3,0,311.55,1,9
44,8,13,0,415.4,1,11
45,8,16,0,161.2,1,6
46,8,21,0,158.1,1,5
47,9,1,0,447.95,1,12
48,10,1,0,891.25,1,23
49,10,23,0,192.2,1,6
50,11,1,0,255.75,1,8
51,11,13,0,592.1,1,16
52,12,1,0,387.5,1,10
53,12,3,0,144.15,1,5
54,13,1,0,489.8,1,13
55,13,3,0,669.6,1,22
56,13,5,0,367.35,1,10
57,13,6,0,430.9,1,12
58,13,10,0,483.6,1,12
59,13,11,0,596.75,1,17
60,13,15,0,553.35,1,14
61,13,17,0,176.7,1,6
62,13,18,0,248,1,7
63,13,19,0,573.5,1,16
64,13,20,0,198.4,1,6
65,13,21,0,275.9,1,8
66,13,22,0,232.5,1,7
67,13,23,0,323.95,1,9
68,13,24,0,449.5,1,11
69,14,1,0,525.45,1,16
70,14,3,0,418.5,1,11
71,14,19,0,111.6,1,4
72,14,21,0,384.4,1,10
73,15,1,0,1002.85,1,24
74,15,13,0,553.35,1,16
75,15,18,0,350.3,1,10
76,15,21,0,747.1,1,20
77,15,23,0,412.3,1,11
78,16,1,0,252.65,1,8
79,16,3,0,151.9,1,5
80,16,8,0,161.2,1,6
81,16,13,0,581.25,1,17
82,16,21,0,305.35,1,9
83,17,1,0,544.05,1,14
84,17,13,0,176.7,1,6
85,17,18,0,127.1,1,5
86,17,21,0,292.95,1,8
87,18,1,0,666.5,1,17
88,18,10,0,308.45,1,10
89,18,13,0,248,1,7
90,18,15,0,350.3,1,10
91,18,17,0,127.1,1,5
92,18,19,0,719.2,1,19
93,18,21,0,421.6,1,11
94,18,22,0,421.6,1,13
95,18,23,0,116.25,1,4
96,18,24,0,237.15,1,7
97,19,1,0,503.75,1,13
98,19,3,0,396.8,1,11
99,19,8,0,240.25,1,7
100,19,14,0,111.6,1,4
101,19,21,0,297.6,1,8
102,20,1,0,358.05,1,10
103,20,13,0,198.4,1,6
104,20,23,0,522.35,1,15
105,21,1,0,409.2,1,11
106,21,3,0,458.8,1,13
107,21,8,0,158.1,1,5
108,21,13,0,275.9,1,8
109,21,14,0,384.4,1,10
110,21,15,0,829.25,1,22
111,21,17,0,292.95,1,8
112,21,18,0,420.05,1,13
113,21,19,0,297.6,1,8
114,21,23,0,440.2,1,11
115,22,1,0,266.6,1,8
116,22,3,0,429.35,1,12
117,22,13,0,232.5,1,7
118,23,1,0,699.05,1,17
119,23,10,0,192.2,1,6
120,23,13,0,323.95,1,9
121,23,15,0,412.3,1,11
122,23,17,0,153.45,1,5
123,23,18,0,116.25,1,4
124,23,21,0,446.4,1,13
125,23,24,0,305.35,1,9
126,24,1,0,903.65,1,24
127,24,13,0,449.5,1,11
128,24,18,0,237.15,1,7
129,24,23,0,305.35,1,9
130,0,2,0,161.2,1,6
131,0,3,0,353.4,1,10
132,0,4,0,285.2,1,9
133,0,5,0,474.3,1,13
134,0,6,0,246.45,1,8
135,0,8,0,427.8,1,12
136,0,9,0,379.75,1,11
137,0,10,0,931.55,1,25
138,0,11,0,158.1,1,5
139,0,12,0,401.45,1,11
140,0,14,0,632.4,1,17
141,0,15,0,1063.3,1,28
142,0,16,0,367.35,1,11
143,0,17,0,596.75,1,16
144,0,18,0,717.65,1,19
145,0,19,0,615.35,1,17
146,0,20,0,361.15,1,10
147,0,21,0,444.85,1,13
148,0,22,0,297.6,1,9
149,0,23,0,739.35,1,20
150,0,24,0,957.9,1,25
151,1,7,0,103.85,1,4
152,2,0,0,161.2,1,6
153,2,3,0,480.5,1,13
154,2,4,0,409.2,1,12
155,2,5,0,257.3,1,8
156,2,6,0,110.05,1,4
157,2,8,0,412.3,1,12
158,2,9,0,229.4,1,7
159,2,10,0,872.65,1,23
160,2,11,0,182.9,1,6
161,2,12,0,582.8,1,16
162,2,13,0,390.6,1,11
163,2,14,0,790.5,1,21
164,2,15,0,940.85,1,25
165,2,16,0,475.85,1,13
166,2,17,0,568.85,1,16
167,2,18,0,638.6,1,17
168,2,19,0,643.25,1,17
169,2,20,0,207.7,1,7
170,2,21,0,424.7,1,12
171,2,22,0,308.45,1,9
172,2,23,0,716.1,1,19
173,2,24,0,847.85,1,23
174,3,0,0,353.4,1,10
175,3,2,0,480.5,1,13
176,3,6,0,554.9,1,15
177,3,9,0,685.1,1,18
178,3,10,0,995.1,1,26
179,3,11,0,477.4,1,13
180,3,15,0,1224.5,1,32
181,3,17,0,764.15,1,20
182,3,18,0,833.9,1,22
183,3,20,0,620,1,17
184,3,23,0,888.15,1,23
185,3,24,0,1108.25,1,29
186,4,0,0,285.2,1,9
187,4,2,0,409.2,1,12
188,4,6,0,494.45,1,14
189,4,7,0,75.95,1,3
190,4,8,0,142.6,1,5
191,4,9,0,624.65,1,17
192,4,10,0,838.55,1,22
193,4,11,0,406.1,1,12
194,4,12,0,331.7,1,9
195,4,13,0,427.8,1,12
196,4,14,0,410.75,1,12
197,4,15,0,970.3,1,26
198,4,16,0,147.25,1,5
199,4,17,0,503.75,1,14
200,4,18,0,624.65,1,17
201,4,19,0,390.6,1,11
202,4,20,0,413.85,1,12
203,4,21,0,263.5,1,8
204,4,22,0,204.6,1,7
205,4,23,0,646.35,1,18
206,4,24,0,861.8,1,23
207,5,0,0,474.3,1,13
208,5,2,0,257.3,1,8
209,5,6,0,161.2,1,5
210,5,9,0,198.4,1,6
211,5,11,0,320.85,1,9
212,5,18,0,660.3,1,16
213,5,20,0,178.25,1,6
214,5,23,0,720.75,1,19
215,6,0,0,246.45,1,8
216,6,2,0,110.05,1,4
217,6,3,0,554.9,1,15
218,6,4,0,494.45,1,14
219,6,5,0,161.2,1,5
220,6,8,0,637.05,1,17
221,6,9,0,141.05,1,5
222,6,10,0,939.3,1,25
223,6,11,0,165.85,1,5
224,6,12,0,623.1,1,17
225,6,14,0,840.1,1,22
226,6,15,0,982.7,1,26
227,6,16,0,576.6,1,16
228,6,17,0,615.35,1,17
229,6,18,0,685.1,1,18
230,6,19,0,824.6,1,22
231,6,20,0,243.35,1,7
232,6,21,0,593.65,1,16
233,6,22,0,446.4,1,13
234,6,23,0,761.05,1,20
235,6,24,0,877.3,1,23
236,7,3,0,246.45,1,8
237,7,4,0,75.95,1,3
238,8,0,0,427.8,1,12
239,8,2,0,412.3,1,12
240,8,4,0,142.6,1,5
241,8,6,0,637.05,1,17
242,8,9,0,767.25,1,21
243,8,10,0,714.55,1,19
244,8,11,0,545.6,1,15
245,8,12,0,460.35,1,13
246,8,14,0,328.6,1,10
247,8,15,0,883.5,1,23
248,8,17,0,427.8,1,12
249,8,18,0,542.5,1,15
250,8,19,0,240.25,1,7
251,8,20,0,444.85,1,13
252,8,22,0,203.05,1,7
253,8,23,0,536.3,1,15
254,8,24,0,801.35,1,21
255,9,0,0,379.75,1,11
256,9,2,0,229.4,1,7
257,9,3,0,685.1,1,18
258,9,4,0,624.65,1,17
259,9,5,0,198.4,1,6
260,9,6,0,141.05,1,5
261,9,8,0,767.25,1,21
262,9,10,0,1069.5,1,28
263,9,11,0,297.6,1,8
264,9,12,0,753.3,1,20
265,9,13,0,469.65,1,12
266,9,14,0,652.55,1,18
267,9,15,0,1112.9,1,29
268,9,16,0,706.8,1,19
269,9,17,0,646.35,1,18
270,9,18,0,711.45,1,18
271,9,19,0,954.8,1,25
272,9,20,0,279,1,8
273,9,21,0,723.85,1,19
274,9,22,0,576.6,1,16
275,9,23,0,891.25,1,24
276,9,24,0,1019.9,1,27
277,10,0,0,931.55,1,25
278,10,2,0,872.65,1,23
279,10,3,0,995.1,1,26
280,10,4,0,838.55,1,22
281,10,6,0,939.3,1,25
282,10,8,0,714.55,1,19
283,10,9,0,1069.5,1,28
284,10,11,0,1133.05,1,30
285,10,12,0,1086.55,1,28
286,10,13,0,483.6,1,12
287,10,14,0,970.3,1,26
288,10,15,0,224.75,1,7
289,10,16,0,872.65,1,23
290,10,17,0,334.8,1,9
291,10,18,0,306.9,1,9
292,10,19,0,909.85,1,24
293,10,20,0,714.55,1,19
294,10,21,0,623.1,1,16
295,10,22,0,623.1,1,17
296,10,24,0,286.75,1,8
297,11,0,0,158.1,1,5
298,11,2,0,182.9,1,6
299,11,3,0,477.4,1,13
300,11,4,0,406.1,1,12
301,11,5,0,320.85,1,9
302,11,6,0,165.85,1,5
303,11,8,0,545.6,1,15
304,11,9,0,297.6,1,9
305,11,10,0,1133.05,1,30
306,11,12,0,523.9,1,14
307,11,14,0,770.35,1,21
308,11,15,0,1112.9,1,29
309,11,16,0,488.25,1,14
310,11,17,0,798.25,1,21
311,11,18,0,832.35,1,21
312,11,19,0,748.65,1,20
313,11,20,0,406.1,1,11
314,11,21,0,649.45,1,18
315,11,22,0,499.1,1,14
316,11,23,0,852.5,1,23
317,11,24,0,1021.45,1,27
318,12,0,0,401.45,1,11
319,12,2,0,582.8,1,16
320,12,4,0,331.7,1,10
321,12,6,0,623.1,1,17
322,12,8,0,460.35,1,13
323,12,9,0,753.3,1,20
324,12,10,0,1086.55,1,28
325,12,11,0,523.9,1,14
326,12,13,0,776.55,1,20
327,12,14,0,550.25,1,15
328,12,15,0,1233.8,1,32
329,12,16,0,296.05,1,9
330,12,17,0,776.55,1,21
331,12,18,0,1038.5,1,27
332,12,19,0,523.9,1,14
333,12,20,0,637.05,1,17
334,12,21,0,554.9,1,15
335,12,22,0,556.45,1,15
336,12,23,0,919.15,1,24
337,12,24,0,1137.7,1,30
338,13,2,0,390.6,1,11
339,13,4,0,427.8,1,12
340,13,8,0,415.4,1,11
341,13,9,0,469.65,1,12
342,13,14,0,655.65,1,17
343,13,16,0,530.1,1,14
344,14,0,0,632.4,1,17
345,14,2,0,790.5,1,21
346,14,4,0,410.75,1,12
347,14,6,0,840.1,1,22
348,14,8,0,328.6,1,10
349,14,9,0,652.55,1,18
350,14,10,0,970.3,1,26
351,14,11,0,770.35,1,21
352,14,12,0,550.25,1,15
353,14,13,0,655.65,1,17
354,14,15,0,1106.7,1,28
355,14,16,0,272.8,1,8
356,14,17,0,671.15,1,18
357,14,18,0,798.25,1,20
358,14,20,0,852.5,1,23
359,14,22,0,527,1,15
360,14,23,0,818.4,1,20
361,14,24,0,995.1,1,26
362,15,0,0,1063.3,1,28
363,15,2,0,940.85,1,25
364,15,3,0,1224.5,1,32
365,15,4,0,970.3,1,26
366,15,6,0,982.7,1,26
367,15,8,0,883.5,1,23
368,15,9,0,1112.9,1,29
369,15,10,0,224.75,1,7
370,15,11,0,1112.9,1,29
371,15,12,0,1233.8,1,32
372,15,14,0,1106.7,1,28
373,15,16,0,1027.65,1,27
374,15,17,0,454.15,1,12
375,15,19,0,1023,1,27
376,15,20,0,757.95,1,19
377,15,22,0,733.15,1,19
378,15,24,0,110.05,1,4
379,16,0,0,367.35,1,11
380,16,2,0,475.85,1,13
381,16,4,0,147.25,1,5
382,16,6,0,576.6,1,16
383,16,7,0,155,1,5
384,16,9,0,706.8,1,19
385,16,10,0,872.65,1,23
386,16,11,0,488.25,1,14
387,16,12,0,296.05,1,8
388,16,14,0,272.8,1,8
389,16,15,0,1027.65,1,27
390,16,17,0,570.4,1,16
391,16,18,0,686.65,1,19
392,16,19,0,251.1,1,7
393,16,20,0,525.45,1,15
394,16,22,0,302.25,1,9
395,16,23,0,692.85,1,19
396,16,24,0,951.7,1,25
397,17,0,0,596.75,1,16
398,17,2,0,568.85,1,16
399,17,3,0,764.15,1,20
400,17,4,0,503.75,1,14
401,17,5,0,530.1,1,14
402,17,6,0,615.35,1,17
403,17,8,0,427.8,1,12
404,17,9,0,649.45,1,18
405,17,10,0,334.8,1,10
406,17,11,0,798.25,1,21
407,17,12,0,776.55,1,21
408,17,14,0,671.15,1,17
409,17,15,0,454.15,1,12
410,17,16,0,570.4,1,16
411,17,19,0,581.25,1,16
412,17,20,0,373.55,1,10
413,17,22,0,294.5,1,8
414,17,23,0,153.45,1,5
415,17,24,0,362.7,1,10
416,18,0,0,719.2,1,19
417,18,2,0,638.6,1,17
418,18,3,0,833.9,1,22
419,18,4,0,624.65,1,17
420,18,5,0,660.3,1,16
421,18,6,0,685.1,1,18
422,18,8,0,542.5,1,15
423,18,9,0,711.45,1,18
424,18,11,0,832.35,1,21
425,18,12,0,1038.5,1,27
426,18,14,0,798.25,1,21
427,18,16,0,686.65,1,19
428,18,20,0,438.65,1,12
429,19,0,0,615.35,1,17
430,19,2,0,643.25,1,17
431,19,4,0,390.6,1,11
432,19,6,0,824.6,1,22
433,19,9,0,954.8,1,25
434,19,10,0,909.85,1,24
435,19,11,0,748.65,1,20
436,19,12,0,523.9,1,14
437,19,13,0,565.75,1,14
438,19,15,0,1023,1,27
439,19,16,0,251.1,1,7
440,19,17,0,581.25,1,16
441,19,18,0,709.9,1,18
442,19,20,0,764.15,1,20
443,19,22,0,437.1,1,12
444,19,23,0,728.5,1,18
445,19,24,0,942.4,1,25
446,20,0,0,361.15,1,10
447,20,2,0,207.7,1,7
448,20,3,0,620,1,17
449,20,4,0,413.85,1,12
450,20,5,0,178.25,1,6
451,20,6,0,243.35,1,7
452,20,8,0,444.85,1,13
453,20,9,0,279,1,8
454,20,10,0,714.55,1,19
455,20,11,0,406.1,1,11
456,20,12,0,637.05,1,17
457,20,14,0,878.85,1,23
458,20,15,0,757.95,1,19
459,20,16,0,525.45,1,15
460,20,17,0,373.55,1,11
461,20,18,0,438.65,1,12
462,20,19,0,764.15,1,20
463,20,21,0,466.55,1,13
464,20,22,0,272.8,1,8
465,20,24,0,641.7,1,17
466,21,0,0,444.85,1,13
467,21,2,0,424.7,1,12
468,21,4,0,263.5,1,8
469,21,6,0,593.65,1,16
470,21,9,0,723.85,1,19
471,21,10,0,623.1,1,16
472,21,11,0,646.35,1,18
473,21,12,0,554.9,1,15
474,21,16,0,305.35,1,9
475,21,20,0,466.55,1,13
476,21,22,0,142.6,1,5
477,21,24,0,651,1,18
478,22,0,0,297.6,1,9
479,22,2,0,308.45,1,10
480,22,4,0,204.6,1,7
481,22,6,0,446.4,1,13
482,22,8,0,203.05,1,6
483,22,9,0,576.6,1,16
484,22,10,0,623.1,1,17
485,22,11,0,499.1,1,14
486,22,12,0,556.45,1,15
487,22,14,0,527,1,15
488,22,15,0,733.15,1,19
489,22,16,0,302.25,1,9
490,22,17,0,294.5,1,8
491,22,18,0,404.55,1,10
492,22,19,0,437.1,1,12
493,22,20,0,272.8,1,9
494,22,21,0,142.6,1,5
495,22,23,0,432.45,1,11
496,22,24,0,643.25,1,17
497,23,0,0,739.35,1,20
498,23,2,0,716.1,1,19
499,23,3,0,888.15,1,23
500,23,4,0,646.35,1,18
501,23,6,0,761.05,1,20
502,23,8,0,536.3,1,15
503,23,9,0,891.25,1,24
504,23,11,0,852.5,1,23
505,23,12,0,919.15,1,24
506,23,14,0,818.4,1,20
507,23,16,0,692.85,1,19
508,23,19,0,728.5,1,18
509,23,20,0,522.35,1,14
510,23,22,0,432.45,1,11
511,24,0,0,957.9,1,25
512,24,2,0,847.85,1,23
513,24,3,0,1108.25,1,29
514,24,4,0,861.8,1,23
515,24,6,0,877.3,1,23
516,24,8,0,801.35,1,21
517,24,9,0,1019.9,1,27
518,24,10,0,286.75,1,8
519,24,11,0,1021.45,1,27
520,24,12,0,1137.7,1,30
521,24,14,0,995.1,1,26
522,24,15,0,110.05,1,4
523,24,16,0,951.7,1,25
524,24,17,0,362.7,1,10
525,24,19,0,942.4,1,25
526,24,20,0,641.7,1,17
527,24,21,0,651,1,16
528,24,22,0,643.25,1,17
PATHS,600
Index,Shipment origin,Shipment destination,1st terminal on path,2nd terminal on path,.....,6th terminal on path
0,0,1,0,1
1,0,2,0,1,2
2,0,3,0,1,3
3,0,4,0,1,4
4,0,5,0,1,5
5,0,6,0,1,6
6,0,7,0,1,7
7,0,8,0,1,8
8,0,9,0,1,9
9,0,10,0,1,10
10,0,11,0,1,11
11,0,12,0,1,12
12,0,13,0,1,13
13,0,14,0,1,14
14,0,15,0,1,15
15,0,16,0,1,16
16,0,17,0,1,17
17,0,18,0,1,18
18,0,19,0,1,19
19,0,20,0,1,20
20,0,21,0,1,21
21,0,22,0,1,22
22,0,23,0,1,23
23,0,24,0,1,24
24,1,0,1,0
25,1,2,1,2
26,1,3,1,3
27,1,4,1,4
28,1,5,1,5
29,1,6,1,6
30,1,7,1,7
31,1,8,1,8
32,1,9,1,9
33,1,10,1,10
34,1,11,1,11
35,1,12,1,12
36,1,13,1,13
37,1,14,1,14
38,1,15,1,15
39,1,16,1,16
40,1,17,1,17
41,1,18,1,18
42,1,19,1,19
43,1,20,1,20
44,1,21,1,21
45,1,22,1,22
46,1,23,1,23
47,1,24,1,24
48,2,0,2,1,0
49,2,1,2,1
50,2,3,2,1,3
51,2,4,2,1,4
52,2,5,2,1,5
53,2,6,2,1,6
54,2,8,2,1,8
55,2,7,2,1,7
56,2,9,2,1,9
57,2,10,2,1,10
58,2,11,2,1,11
59,2,12,2,1,12
60,2,13,2,1,13
61,2,14,2,1,14
62,2,15,2,1,15
63,2,16,2,1,16
64,2,17,2,1,17
65,2,18,2,1,18
66,2,19,2,1,19
67,2,20,2,1,20
68,2,21,2,1,21
69,2,22,2,1,22
70,2,23,2,1,23
71,2,24,2,1,24
72,3,0,3,1,0
73,3,1,3,1
74,3,2,3,1,2
75,3,4,3,4
76,3,5,3,1,5
77,3,6,3,1,6
78,3,7,3,1,7
79,3,8,3,8
80,3,9,3,1,9
81,3,10,3,13,10
82,3,11,3,1,11
83,3,12,3,12
84,3,13,3,13
85,3,14,3,14
86,3,15,3,13,15
87,3,16,3,16
88,3,17,3,13,17
89,3,18,3,13,18
90,3,19,3,19
91,3,20,3,1,20
92,3,21,3,21
93,3,22,3,22
94,3,23,3,21,23
95,3,24,3,13,24
96,4,0,4,1,0
97,4,1,4,1
98,4,2,4,1,2
99,4,3,4,3
100,4,5,4,1,5
101,4,6,4,1,6
102,4,7,4,1,7
103,4,8,4,1,8
104,4,9,4,1,9
105,4,10,4,1,10
106,4,11,4,1,11
107,4,12,4,3,12
108,4,13,4,1,13
109,4,14,4,3,14
110,4,15,4,1,15
111,4,16,4,3,16
112,4,17,4,1,17
113,4,18,4,1,18
114,4,19,4,3,19
115,4,20,4,1,20
116,4,21,4,1,21
117,4,22,4,1,22
118,4,23,4,1,23
119,4,24,4,1,24
120,5,0,5,1,0
121,5,1,5,1
122,5,2,5,1,2
123,5,3,5,1,3
124,5,4,5,1,4
125,5,6,5,1,6
126,5,7,5,1,7
127,5,8,5,1,8
128,5,9,5,1,9
129,5,10,5,13,10
130,5,11,5,1,11
131,5,12,5,1,12
132,5,13,5,13
133,5,14,5,1,14
134,5,15,5,13,15
135,5,16,5,1,16
136,5,17,5,13,17
137,5,18,5,13,18
138,5,19,5,13,21,19
139,5,20,5,13,20
140,5,21,5,13,21
141,5,22,5,1,22
142,5,23,5,13,23
143,5,24,5,13,24
144,6,0,6,1,0
145,6,1,6,1
146,6,2,6,1,2
147,6,3,6,1,3
148,6,4,6,1,4
149,6,5,6,1,5
150,6,7,6,1,7
151,6,8,6,1,8
152,6,9,6,1,9
153,6,10,6,1,10
154,6,11,6,1,11
155,6,12,6,1,12
156,6,13,6,1,13
157,6,14,6,1,14
158,6,15,6,1,15
159,6,16,6,1,16
160,6,17,6,1,17
161,6,18,6,1,18
162,6,19,6,1,19
163,6,20,6,1,20
164,6,21,6,1,21
165,6,22,6,1,22
166,6,23,6,1,23
167,6,24,6,1,24
168,7,0,7,1,0
169,7,1,7,1
170,7,2,7,1,2
171,7,3,7,3
172,7,4,7,4
173,7,5,7,1,5
174,7,6,7,3,6
175,7,8,7,3,8
176,7,9,7,1,9
177,7,10,7,1,9
178,7,11,7,3,11
179,7,12,7,4,12
180,7,13,7,4,13
181,7,14,7,4,14
182,7,15,7,4,15
183,7,16,7,4,16
184,7,17,7,1,17
185,7,18,7,1,18
186,7,19,7,1,19
187,7,20,7,1,20
188,7,21,7,1,21
189,7,22,7,1,22
190,7,23,7,1,23
191,7,24,7,1,24
192,8,0,8,1,0
193,8,1,8,1
194,8,2,8,1,2
195,8,3,8,3
196,8,4,8,1,4
197,8,5,8,1,5
198,8,6,8,1,6
199,8,7,8,1,7
200,8,9,8,1,9
201,8,10,8,21,23,10
202,8,11,8,1,11
203,8,12,8,3,12
204,8,13,8,21,13
205,8,14,8,21,14
206,8,15,8,21,13,15
207,8,16,8,3,16
208,8,17,8,21,17
209,8,18,8,21,18
210,8,19,8,21,19
211,8,20,8,1,20
212,8,21,8,21
213,8,22,8,1,22
214,8,23,8,21,23
215,8,24,8,21,13,24
216,9,0,9,1,0
217,9,1,9,1
218,9,2,9,1,2
219,9,3,9,1,3
220,9,4,9,1,4
221,9,5,9,1,5
222,9,6,9,1,6
223,9,7,9,1,7
224,9,8,9,1,8
225,9,10,9,1,10
226,9,11,9,1,11
227,9,12,9,1,12
228,9,13,9,1,13
229,9,14,9,1,14
230,9,15,9,1,15
231,9,16,9,1,16
232,9,17,9,1,17
233,9,18,9,1,18
234,9,19,9,1,19
235,9,20,9,1,20
236,9,21,9,1,21
237,9,22,9,1,22
238,9,23,9,1,23
239,9,24,9,1,24
240,10,0,10,1,0
241,10,1,10,1
242,10,2,10,1,2
243,10,3,10,1,3
244,10,4,10,1,4
245,10,5,10,23,13,5
246,10,6,10,23,13,6
247,10,7,10,1,7
248,10,8,10,23,21,8
249,10,9,10,1,9
250,10,11,10,1,11
251,10,12,10,1,12
252,10,13,10,23,13
253,10,14,10,23,21,14
254,10,15,10,23,15
255,10,16,10,1,16
256,10,17,10,23,17
257,10,18,10,23,18
258,10,19,10,23,21,19
259,10,20,10,23,13,20
260,10,21,10,23,21
261,10,22,10,23,22
262,10,23,10,23
263,10,24,10,23,24
264,11,0,11,1,0
265,11,1,11,1
266,11,2,11,1,2
267,11,3,11,1,3
268,11,4,11,1,4
269,11,5,11,1,5
270,11,6,11,1,6
271,11,7,11,1,7
272,11,8,11,1,8
273,11,9,11,1,9
274,11,10,11,13,10
275,11,12,11,1,12
276,11,13,11,13
277,11,14,11,1,14
278,11,15,11,13,15
279,11,16,11,1,16
280,11,17,11,13,17
281,11,18,11,13,18
282,11,19,11,1,19
283,11,20,11,1,20
284,11,21,11,1,21
285,11,22,11,1,22
286,11,23,11,13,23
287,11,24,11,13,24
288,12,0,12,1,0
289,12,1,12,1
290,12,2,12,1,2
291,12,3,12,3
292,12,4,12,3,4
293,12,5,12,1,5
294,12,6,12,1,6
295,12,7,12,1,7
296,12,8,12,3,8
297,12,9,12,1,9
298,12,10,12,1,10
299,12,11,12,1,11
300,12,13,12,3,13
301,12,14,12,3,14
302,12,15,12,1,15
303,12,16,12,3,16
304,12,17,12,1,17
305,12,18,12,1,18
306,12,19,12,3,19
307,12,20,12,1,20
308,12,21,12,3,21
309,12,22,12,3,22
310,12,23,12,1,23
311,12,24,12,1,24
312,13,0,13,1,0
313,13,1,13,1
314,13,2,13,1,2
315,13,3,13,3
316,13,4,13,4
317,13,5,13,5
318,13,6,13,6
319,13,7,13,1,7
320,13,8,13,21,8
321,13,9,13,1,9
322,13,10,13,10
323,13,11,13,11
324,13,12,13,3,12
325,13,14,13,21,14
326,13,15,13,15
327,13,16,13,1,16
328,13,17,13,17
329,13,18,13,18
330,13,19,13,21,19
331,13,20,13,20
332,13,21,13,21
333,13,22,13,22
334,13,23,13,23
335,13,24,13,24
336,14,0,14,1,0
337,14,1,14,1
338,14,2,14,1,2
339,14,3,14,3
340,14,4,14,3,4
341,14,5,14,1,5
342,14,6,14,1,6
343,14,7,14,1,7
344,14,8,14,3,8
345,14,9,14,1,9
346,14,10,14,21,23,10
347,14,11,14,1,11
348,14,12,14,3,12
349,14,13,14,21,13
350,14,15,14,21,13,15
351,14,16,14,3,16
352,14,17,14,21,17
353,14,18,14,21,18
354,14,19,14,1,19
355,14,20,14,1,20
356,14,21,14,21
357,14,22,14,1,22
358,14,23,14,21,23
359,14,24,14,21,13,24
360,15,0,15,1,0
361,15,1,15,1
362,15,2,15,1,2
363,15,3,15,13,3
364,15,4,15,1,4
365,15,5,15,13,5
366,15,6,15,13,6
367,15,7,15,1,7
368,15,8,15,21,8
369,15,9,15,1,9
370,15,10,15,10
371,15,11,15,1,11
372,15,12,15,1,12
373,15,13,15,13
374,15,14,15,21,14
375,15,16,15,1,16
376,15,17,15,17
377,15,18,15,18
378,15,19,15,21,19
379,15,20,15,13,20
380,15,21,15,21
381,15,22,15,13,22
382,15,23,15,23
383,15,24,15,24
384,16,0,16,1,0
385,16,1,16,1
386,16,2,16,1,2
387,16,3,16,3
388,16,4,16,3,4
389,16,5,16,1,5
390,16,6,16,1,6
391,16,7,16,1,7
392,16,8,16,3,8
393,16,9,16,1,9
394,16,10,16,13,10
395,16,11,16,1,11
396,16,12,16,3,12
397,16,13,16,13
398,16,14,16,3,14
399,16,15,16,13,15
400,16,17,16,13,17
401,16,18,16,13,18
402,16,19,16,3,19
403,16,20,16,1,20
404,16,21,16,21
405,16,22,16,3,22
406,16,23,16,13,23
407,16,24,16,13,24
408,17,0,17,1,0
409,17,1,17,1
410,17,2,17,1,2
411,17,3,17,13,3
412,17,4,17,1,4
413,17,5,17,13,5
414,17,6,17,13,6
415,17,7,17,1,7
416,17,8,17,21,8
417,17,9,17,1,9
418,17,10,17,13,10
419,17,11,17,1,11
420,17,12,17,1,12
421,17,13,17,13
422,17,14,17,21,14
423,17,15,17,13,15
424,17,16,17,1,16
425,17,18,17,18
426,17,19,17,21,19
427,17,20,17,13,20
428,17,21,17,21
429,17,22,17,13,22
430,17,23,17,13,23
431,17,24,17,13,24
432,18,0,18,1,0
433,18,1,18,1
434,18,2,18,1,2
435,18,3,18,13,3
436,18,4,18,1,4
437,18,5,18,13,5
438,18,6,18,13,6
439,18,7,18,1,7
440,18,8,18,21,8
441,18,9,18,13,1,9
442,18,10,18,10
443,18,11,18,1,11
444,18,12,18,1,12
445,18,13,18,13
446,18,14,18,21,14
447,18,15,18,15
448,18,16,18,1,16
449,18,17,18,17
450,18,19,18,21,19
451,18,20,18,13,20
452,18,21,18,21
453,18,22,18,13,22
454,18,23,18,23
455,18,24,18,24
456,19,0,19,1,0
457,19,1,19,1
458,19,2,19,1,2
459,19,3,19,3
460,19,4,19,3,4
461,19,5,19,1,5
462,19,6,19,1,6
463,19,7,19,1,7
464,19,8,19,21,8
465,19,9,19,1,9
466,19,10,19,1,10
467,19,11,19,1,11
468,19,12,19,3,12
469,19,13,19,21,13
470,19,14,19,1,14
471,19,15,19,21,13,15
472,19,16,19,3,16
473,19,17,19,21,17
474,19,18,19,21,18
475,19,20,19,1,20
476,19,21,19,21
477,19,22,19,1,22
478,19,23,19,21,23
479,19,24,19,21,13,24
480,20,0,20,1,0
481,20,1,20,1
482,20,2,20,1,2
483,20,3,20,1,3
484,20,4,20,1,4
485,20,5,20,1,5
486,20,6,20,1,6
487,20,7,20,1,7
488,20,8,20,1,8
489,20,9,20,1,9
490,20,10,20,13,10
491,20,11,20,1,11
492,20,12,20,1,12
493,20,13,20,13
494,20,14,20,1,14
495,20,15,20,13,15
496,20,16,20,1,16
497,20,17,20,13,17
498,20,18,20,13,18
499,20,19,20,1,19
500,20,21,20,1,21
501,20,22,20,13,22
502,20,23,20,13,23
503,20,24,20,13,24
504,21,0,21,1,0
505,21,1,21,1
506,21,2,21,1,2
507,21,3,21,3
508,21,4,21,1,4
509,21,5,21,13,5
510,21,6,21,13,6
511,21,7,21,1,7
512,21,8,21,8
513,21,9,21,1,9
514,21,10,21,23,10
515,21,11,21,1,11
516,21,12,21,3,12
517,21,13,21,13
518,21,14,21,14
519,21,15,21,13,15
520,21,16,21,3,16
521,21,17,21,17
522,21,18,21,18
523,21,19,21,19
524,21,20,21,1,20
525,21,22,21,1,22
526,21,23,21,23
527,21,24,21,13,24
528,22,0,22,1,0
529,22,1,22,1
530,22,2,22,1,2
531,22,3,22,3
532,22,4,22,1,4
533,22,5,22,13,5
534,22,6,22,1,6
535,22,7,22,1,7
536,22,8,22,1,8
537,22,9,22,1,9
538,22,10,22,13,10
539,22,11,22,1,11
540,22,12,22,3,12
541,22,13,22,13
542,22,14,22,1,14
543,22,15,22,13,15
544,22,16,22,1,16
545,22,17,22,13,17
546,22,18,22,13,18
547,22,19,22,1,19
548,22,20,22,13,20
549,22,21,22,1,21
550,22,23,22,13,23
551,22,24,22,13,24
552,23,0,23,1,0
553,23,1,23,1
554,23,2,23,1,2
555,23,3,23,1,3
556,23,4,23,1,4
557,23,5,23,13,5
558,23,6,23,13,6
559,23,7,23,1,7
560,23,8,23,21,8
561,23,9,23,1,9
562,23,10,23,10
563,23,11,23,1,11
564,23,12,23,1,12
565,23,13,23,13
566,23,14,23,21,14
567,23,15,23,15
568,23,16,23,1,16
569,23,17,23,17
570,23,18,23,18
571,23,19,23,21,19
572,23,20,23,13,20
573,23,21,23,21
574,23,22,23,22
575,23,24,23,24
576,24,0,24,1,0
577,24,1,24,1
578,24,2,24,1,2
579,24,3,24,13,3
580,24,4,24,1,4
581,24,5,24,13,5
582,24,6,24,13,6
583,24,7,24,1,7
584,24,8,24,18,21,8
585,24,9,24,13,1,9
586,24,10,24,23,10
587,24,11,24,13,11
588,24,12,24,1,12
589,24,13,24,13
590,24,14,24,18,21,14
591,24,15,24,15
592,24,16,24,1,16
593,24,17,24,13,17
594,24,18,24,18
595,24,19,24,18,21,19
596,24,20,24,13,20
597,24,21,24,18,21
598,24,22,24,13,22
599,24,23,24,23
COMMODITIES,600
Index,Origin,Destination,Demand/Size,Earliest available time,Latest delivery time
0,23,24,0.127054,88,169
1,24,10,0.0143682,88,175
2,10,5,0.0245206,186,283
3,11,15,0.922284,138,240
4,18,0,0.241781,40,134
5,19,8,0.456745,88,173
6,22,8,0.36024,38,127
7,10,13,0.928575,136,223
8,4,15,0.27114,42,144
9,10,1,0.944401,88,183
10,24,11,0.656168,184,284
11,17,24,0.67663,40,129
12,14,0,0.861364,134,227
13,11,17,0.351354,38,132
14,14,12,0.167415,40,128
15,17,13,0.528083,88,166
16,18,8,0.36547,186,274
17,15,13,0.946359,40,128
18,11,12,0.237967,88,178
19,18,10,0.81515,38,120
20,11,3,0.857688,90,178
21,10,8,0.294642,38,134
22,19,22,0.301399,134,227
23,15,22,0.653036,40,135
24,3,22,0.247305,134,219
25,12,2,0.247974,42,131
26,14,5,0.357263,90,193
27,24,10,0.0100871,86,173
28,3,2,0.837144,138,225
29,1,16,0.921805,186,266
30,19,1,0.367025,86,171
31,1,24,0.914808,42,138
32,8,9,0.245478,90,183
33,3,19,0.787674,88,171
34,12,16,0.629534,38,120
35,4,13,0.347105,134,226
36,3,4,0.132538,186,266
37,11,15,0.141791,88,190
38,1,21,0.338624,138,221
39,20,19,0.494456,42,137
40,11,18,0.649305,42,137
41,4,3,0.523035,184,264
42,1,22,0.821494,184,264
43,11,24,0.114262,138,237
44,13,24,0.589691,138,221
45,10,18,0.637708,88,170
46,23,19,0.90226,38,131
47,13,12,0.120907,86,185
48,2,19,0.311493,134,226
49,24,10,0.045093,40,127
50,15,1,0.234403,88,184
51,16,19,0.596585,38,126
52,13,15,0.308846,40,126
53,11,12,0.356664,184,274
54,11,23,0.0495524,138,235
55,15,24,0.991187,184,260
56,24,23,0.306829,186,267
57,8,18,0.1911,88,178
58,13,10,0.553791,88,172
59,1,24,0.409827,136,232
60,3,22,0.180337,40,125
61,11,12,0.475972,134,224
62,22,12,0.520298,90,179
63,23,24,0.789092,136,217
64,3,9,0.76108,42,134
65,2,12,0.0491093,86,175
66,1,20,0.0105145,40,122
67,3,1,0.389098,88,168
68,11,13,0.0172261,40,128
69,5,19,0.135581,88,186
70,20,15,0.444697,186,278
71,20,22,0.239923,86,171
72,23,21,0.772591,186,271
73,13,22,0.0660499,182,261
74,16,14,0.00828312,184,272
75,18,14,0.137817,90,183
76,15,14,0.448573,138,240
77,14,11,0.77991,134,230
78,0,1,0.722819,138,215
79,3,16,0.592961,138,215
80,1,3,0.359466,138,218
81,1,23,0.101643,40,130
82,18,19,0.907405,38,129
83,12,20,0.697484,136,228
84,21,3,0.279945,138,223
85,4,23,0.00571552,182,278
86,24,1,0.489993,42,138
87,13,1,0.144954,40,125
88,23,21,0.808754,42,127
89,18,8,0.551738,182,270
90,0,21,0.449248,40,128
91,20,1,0.281974,38,120
92,1,24,0.368933,138,234
93,15,0,0.417961,136,237
94,11,10,0.265289,138,238
95,23,3,0.765132,42,139
96,24,10,0.170568,134,221
97,11,15,0.291877,86,188
98,18,6,0.73493,138,229
99,1,19,0.633,186,271
100,11,3,0.593971,42,130
101,1,21,0.676569,90,173
102,19,3,0.874866,182,265
103,23,1,0.029432,90,179
104,22,18,0.74494,136,222
105,10,13,0.892687,90,177
106,3,18,0.461299,38,137
107,24,23,0.816085,88,169
108,18,4,0.794779,40,135
109,1,0,0.485409,184,261
110,24,13,0.842913,40,123
111,3,21,0.420958,40,126
112,13,18,0.20782,42,121
113,19,1,0.586026,38,123
114,21,11,0.0511234,42,133
115,23,16,0.213652,88,185
116,15,12,0.886582,88,194
117,8,12,0.245211,42,128
118,11,14,0.474391,38,134
119,24,20,0.140174,136,225
120,1,18,0.598094,186,276
121,19,21,0.72781,136,216
122,3,19,0.734225,90,173
123,23,4,0.337328,136,231
124,23,15,0.544305,88,171
125,13,11,0.324572,186,275
126,22,5,0.422595,42,131
127,9,3,0.691447,136,228
128,1,15,0.206068,90,186
129,23,17,0.162756,134,211
130,21,15,0.0826008,184,278
131,1,13,0.531526,86,172
132,19,3,0.109385,138,221
133,22,13,0.720567,38,117
134,13,24,0.239224,40,123
135,18,17,0.188049,184,261
136,5,3,0.666056,40,135
137,13,19,0.667688,134,222
138,12,15,0.412655,40,146
139,3,0,0.403964,40,125
140,0,19,0.273433,40,130
141,10,23,0.620513,184,262
142,18,2,0.468056,138,234
143,18,13,0.219625,134,213
144,15,21,0.110762,86,178
145,19,22,0.433459,42,135
146,11,0,0.831054,184,269
147,3,11,0.472842,40,128
148,20,2,0.231774,184,273
149,1,16,0.53372,38,118
150,5,1,0.948325,136,223
151,4,24,0.292439,90,192
152,18,2,0.402794,134,230
153,20,13,0.514799,42,120
154,13,22,0.0354075,40,119
155,5,23,0.804486,90,181
156,5,18,0.567388,88,177
157,2,3,0.332411,186,273
158,17,24,0.668374,134,223
159,13,1,0.125944,182,267
160,11,14,0.427437,42,138
161,20,13,0.145005,184,262
162,11,15,0.862156,38,140
163,23,13,0.849486,86,167
164,23,20,0.900347,40,127
165,10,23,0.813636,182,260
166,11,15,0.407461,42,144
167,12,1,0.96776,86,168
168,14,6,0.153579,90,187
169,14,1,0.666048,38,126
170,24,2,0.383152,88,191
171,3,19,0.400126,182,265
172,12,19,0.04365,38,126
173,15,18,0.751817,134,216
174,24,13,0.721324,184,267
175,14,22,0.643207,136,232
176,5,23,0.854639,42,133
177,18,20,0.297723,90,175
178,13,21,0.288308,136,216
179,9,3,0.536462,38,130
180,0,14,0.285915,38,131
181,15,3,0.452275,138,248
182,0,1,0.829091,38,115
183,11,18,0.600346,138,233
184,18,22,0.0465508,88,174
185,20,10,0.453745,184,274
186,19,21,0.639057,40,120
187,12,10,0.849197,134,242
188,15,1,0.355659,40,136
189,1,9,0.638968,186,270
190,5,16,0.375884,138,233
191,24,15,0.980802,182,258
192,14,15,0.925909,182,286
193,10,15,0.657168,38,127
194,15,18,0.507258,86,168
195,2,4,0.904378,136,221
196,20,13,0.214815,90,168
197,5,22,0.321346,134,229
198,3,6,0.194949,90,179
199,18,0,0.224178,42,136
200,22,8,0.233492,42,131
201,3,6,0.298313,136,225
202,23,10,0.370535,86,164
203,1,18,0.844232,38,128
204,3,23,0.555857,184,281
205,3,23,0.476874,40,137
206,18,15,0.738749,40,122
207,13,8,0.861284,184,269
208,16,14,0.964613,134,222
209,21,13,0.806834,90,170
210,23,13,0.316664,90,171
211,18,15,0.722388,88,170
212,17,15,0.0440825,86,178
213,16,8,0.938141,88,174
214,3,13,0.489861,86,178
215,19,3,0.147819,134,217
216,14,17,0.0824781,40,130
217,20,10,0.42211,42,132
218,1,6,0.719343,182,263
219,13,20,0.269727,138,216
220,1,3,0.00619207,90,170
221,4,1,0.156802,184,262
222,13,20,0.441307,136,214
223,22,5,0.433249,86,175
224,14,0,0.872619,86,179
225,15,10,0.644465,86,165
226,13,0,0.675319,138,228
227,18,12,0.38985,42,141
228,22,14,0.248986,86,182
229,12,11,0.202375,86,176
230,5,22,0.343513,40,135
231,8,17,0.473121,186,271
232,23,15,0.498353,86,169
233,24,17,0.802942,88,177
234,19,15,0.494009,186,288
235,23,19,0.694484,186,279
236,13,10,0.913955,38,122
237,1,11,0.552091,86,166
238,3,8,0.0446161,88,169
239,5,18,0.582118,42,131
240,1,23,0.648774,90,180
241,18,6,0.809108,40,131
242,14,3,0.17039,42,125
243,11,18,0.868577,90,185
244,13,8,0.741182,136,221
245,15,23,0.0239762,86,169
246,23,1,0.508509,88,177
247,0,20,0.732697,138,225
248,3,4,0.196122,86,166
249,16,4,0.902386,42,127
250,15,8,0.0511567,182,279
251,1,8,0.00243678,136,217
252,12,3,0.189232,134,211
253,18,21,0.86793,134,217
254,18,19,0.799448,138,229
255,3,24,0.05118,88,191
256,14,15,0.887531,42,146
257,0,11,0.0790926,90,175
258,3,16,0.460494,182,259
259,3,21,0.0842507,42,128
260,13,0,0.62962,38,128
261,1,15,0.184569,184,280
262,5,23,0.826127,134,225
263,2,20,0.030585,184,273
264,13,1,0.495399,86,171
265,22,12,0.47442,38,127
266,1,11,0.0879451,42,122
267,14,21,0.862507,86,168
268,4,0,0.158013,182,265
269,24,22,0.7151,184,274
270,5,13,0.263905,184,266
271,16,12,0.185095,88,170
272,11,1,0.2066,88,168
273,16,1,0.386945,38,118
274,3,14,0.726742,134,217
275,5,1,0.840466,184,271
276,22,3,0.256749,90,174
277,22,8,0.321437,138,227
278,3,9,0.635102,40,132
279,11,1,0.130481,90,170
280,14,18,0.464855,138,233
281,5,16,0.419762,182,277
282,22,18,0.729402,138,224
283,11,23,0.276649,90,187
284,18,19,0.954541,186,277
285,0,13,0.393397,42,133
286,1,20,0.00111207,86,168
287,3,13,0.266419,38,130
288,4,15,0.270979,40,142
289,12,11,0.207917,40,130
290,3,23,0.370748,136,233
291,15,19,0.448723,186,286
292,18,8,0.707671,184,272
293,4,23,0.171391,38,134
294,3,13,0.339051,184,276
295,3,11,0.549544,134,222
296,12,1,0.686513,138,220
297,14,11,0.757946,42,138
298,13,21,0.532513,88,168
299,12,1,0.744205,38,120
300,24,17,0.757644,184,273
301,4,3,0.280982,88,168
302,2,13,0.113745,86,179
303,12,20,0.671625,186,278
304,5,20,0.341092,40,128
305,3,13,0.476134,134,226
306,11,24,0.200626,86,185
307,3,5,0.835613,90,185
308,1,20,0.49072,184,266
309,9,16,0.933825,184,276
310,0,20,0.690746,90,177
311,3,20,0.102324,136,226
312,18,4,0.723413,182,277
313,16,4,0.776904,136,221
314,17,9,0.304742,40,138
315,12,16,0.690024,136,218
316,18,21,0.0278798,38,121
317,20,1,0.3751,90,172
318,16,2,0.289845,90,177
319,2,1,0.399002,184,263
320,8,1,0.254756,40,121
321,13,20,0.487932,134,212
322,18,6,0.87686,136,227
323,20,10,0.478503,138,228
324,5,15,0.476982,90,186
325,3,11,0.470051,90,178
326,12,16,0.723375,40,122
327,22,11,0.453263,42,130
328,22,23,0.552965,86,174
329,8,3,0.92826,38,119
330,20,19,0.447094,134,229
331,8,17,0.559932,88,173
332,12,3,0.430342,42,119
333,18,13,0.551665,138,217
334,15,8,0.19209,40,137
335,1,5,0.356014,138,225
336,16,20,0.194248,184,274
337,16,8,0.923404,186,272
338,22,15,0.13201,42,135
339,4,13,0.333498,42,134
340,5,23,0.800599,136,227
341,18,1,0.10862,88,177
342,1,12,0.500299,136,218
343,22,11,0.42119,38,126
344,12,10,0.747267,38,146
345,0,23,0.0620166,136,231
346,8,13,0.274363,182,267
347,18,19,0.214019,134,225
348,9,1,0.172701,184,268
349,14,11,0.682073,182,278
350,14,4,0.218842,42,133
351,13,18,0.586628,184,263
352,18,13,0.642353,86,165
353,2,0,0.0522373,42,126
354,10,12,0.075563,40,145
355,22,3,0.169364,38,122
356,17,24,0.607191,86,175
357,23,5,0.95669,40,131
358,16,1,0.831955,184,264
359,16,4,0.778997,86,171
360,19,15,0.567339,182,284
361,15,22,0.683973,184,279
362,0,12,0.272937,86,173
363,11,18,0.555518,134,229
364,23,18,0.931754,88,164
365,21,23,0.372716,134,217
366,14,5,0.38844,38,141
367,24,22,0.570077,42,132
368,15,18,0.9735,42,124
369,15,12,0.848271,86,192
370,15,6,0.22189,134,234
371,11,19,0.330295,186,279
372,18,3,0.141696,186,287
373,13,23,0.959083,86,167
374,20,13,0.754072,134,212
375,13,3,0.288809,88,182
376,1,0,0.339311,40,117
377,5,13,0.300432,186,268
378,18,4,0.764477,90,185
379,22,12,0.461481,40,129
380,17,18,0.427119,182,259
381,13,8,0.865986,186,271
382,11,14,0.451982,136,232
383,8,1,0.128972,86,167
384,22,23,0.6202,38,126
385,20,12,0.0175926,90,182
386,1,13,0.153446,138,224
387,4,15,0.237187,184,286
388,23,22,0.08942,184,267
389,13,18,0.97833,134,213
390,14,16,0.0751574,186,274
391,16,14,0.0940609,138,226
392,12,21,0.361977,90,181
393,2,1,0.0588984,138,217
394,19,3,0.615816,184,267
395,15,8,0.170533,42,139
396,19,22,0.526898,186,279
397,9,16,0.833697,88,180
398,0,1,0.48515,90,167
399,1,2,0.925537,138,217
400,1,18,0.0120547,88,178
401,14,15,0.197659,134,238
402,3,11,0.255126,86,174
403,11,4,0.158359,88,174
404,12,16,0.702762,184,266
405,0,3,0.349489,40,125
406,23,15,0.741279,38,121
407,24,6,0.389578,186,281
408,8,1,0.753144,42,123
409,11,15,0.13308,40,142
410,4,23,0.107917,90,186
411,8,24,0.0272139,90,186
412,2,14,0.745144,88,183
413,4,23,0.0431614,186,282
414,11,19,0.329748,184,277
415,2,4,0.965649,38,123
416,1,16,0.266282,134,214
417,1,23,0.274485,184,274
418,12,2,0.061585,134,223
419,15,14,0.359077,86,188
420,5,18,0.529714,134,223
421,14,23,0.383238,134,227
422,20,1,0.0888618,134,216
423,15,23,0.655343,182,265
424,3,4,0.952437,138,218
425,3,16,0.895681,184,261
426,14,13,0.870917,42,132
427,22,17,0.312065,184,269
428,2,14,0.627677,38,133
429,5,3,0.682556,90,185
430,17,10,0.567988,90,180
431,11,13,0.3815,184,272
432,0,16,0.731979,38,123
433,12,9,0.239214,134,228
434,1,22,0.64065,186,266
435,23,13,0.274483,38,119
436,3,12,0.290325,134,211
437,14,3,0.0292685,38,121
438,17,21,0.309617,40,120
439,19,23,0.868951,42,133
440,3,23,0.32573,134,231
441,24,13,0.402736,138,221
442,20,1,0.465443,138,220
443,19,23,0.573644,186,277
444,18,3,0.0107391,138,239
445,23,22,0.0808817,186,269
446,19,18,0.994672,136,229
447,23,3,0.747662,182,279
448,11,17,0.347593,182,276
449,21,19,0.382085,90,170
450,0,13,0.350612,90,181
451,4,12,0.168484,136,221
452,17,19,0.662777,186,274
453,5,16,0.36736,136,231
454,22,3,0.171723,134,218
455,23,6,0.597343,90,183
456,5,17,0.4175,38,126
457,5,4,0.203921,182,275
458,23,4,0.347248,186,281
459,6,16,0.354826,186,275
460,1,14,0.354682,184,272
461,6,16,0.389422,138,227
462,10,24,0.891504,42,129
463,1,24,0.197391,40,136
464,24,13,0.882871,182,265
465,11,22,0.775679,186,274
466,0,24,0.523079,184,285
467,23,4,0.40126,138,233
468,15,14,0.517826,182,284
469,5,23,0.895656,86,177
470,15,18,0.880655,88,170
471,16,22,0.40056,138,228
472,11,14,0.476294,138,234
473,5,3,0.684597,88,183
474,17,15,0.315367,138,230
475,3,0,0.32033,182,267
476,18,20,0.996088,88,173
477,19,20,0.351712,86,181
478,22,23,0.540532,136,224
479,3,12,0.0334734,186,263
480,15,21,0.281207,136,228
481,1,24,0.773907,134,230
482,4,14,0.497355,134,225
483,9,1,0.81453,42,126
484,24,21,0.113207,138,228
485,3,16,0.395409,134,211
486,10,13,0.920734,134,221
487,11,1,0.246436,186,266
488,19,20,0.335975,138,233
489,10,13,0.684857,40,127
490,2,18,0.0390053,40,137
491,23,13,0.376575,42,123
492,13,18,0.635179,182,261
493,1,19,0.862771,38,123
494,19,24,0.451564,138,237
495,19,10,0.224796,42,153
496,14,13,0.700883,88,178
497,20,10,0.466882,88,178
498,22,14,0.23952,42,138
499,1,13,0.79949,40,126
500,2,17,0.120227,90,185
501,23,20,0.998442,42,129
502,2,4,0.990868,42,127
503,24,19,0.782002,186,284
504,14,18,0.704314,186,281
505,15,18,0.166892,38,120
506,23,17,0.886351,184,261
507,15,10,0.380423,186,265
508,15,10,0.247039,42,121
509,1,24,0.0478193,38,134
510,16,13,0.909581,184,273
511,4,16,0.456242,134,219
512,8,15,0.0462648,136,235
513,5,20,0.292635,86,174
514,18,19,0.103425,90,181
515,19,1,0.322342,138,223
516,24,2,0.342997,86,189
517,19,17,0.295475,138,226
518,20,1,0.453018,86,168
519,8,23,0.273352,136,224
520,23,5,0.828938,136,227
521,20,3,0.388881,186,276
522,21,1,0.351628,42,125
523,18,12,0.403605,86,185
524,5,17,0.389892,42,130
525,11,4,0.146347,90,176
526,18,2,0.454076,182,278
527,8,2,0.0356129,136,224
528,3,19,0.931998,42,125
529,11,4,0.165445,134,220
530,12,21,0.331637,88,179
531,5,18,0.606301,86,175
532,20,19,0.421775,186,281
533,20,13,0.49182,40,118
534,0,1,0.738645,40,117
535,18,21,0.636312,138,221
536,15,14,0.286917,134,236
537,20,15,0.491693,184,276
538,18,14,0.185288,40,133
539,4,1,0.663571,134,212
540,15,18,0.966241,40,122
541,3,4,0.851817,42,122
542,23,24,0.431751,138,219
543,16,2,0.314695,184,271
544,18,14,0.133067,86,179
545,13,15,0.708691,86,172
546,15,24,0.187607,136,212
547,19,24,0.483464,88,187
548,17,13,0.377996,186,264
549,22,2,0.602848,42,129
550,1,5,0.0481317,42,129
551,13,1,0.116829,42,127
552,5,20,0.345059,138,226
553,12,3,0.621312,38,115
554,5,17,0.38139,86,174
555,24,14,0.165209,88,188
556,13,15,0.783056,136,222
557,16,13,0.00257577,86,175
558,13,19,0.504484,88,176
559,15,1,0.914923,184,280
560,13,5,0.322503,40,122
561,15,19,0.896888,134,234
562,16,1,0.476929,42,122
563,17,13,0.491258,90,168
564,24,23,0.791644,90,171
565,5,15,0.432904,88,184
566,20,22,0.230701,42,127
567,2,14,0.643661,138,233
568,0,6,0.126078,86,172
569,18,0,0.21604,88,182
570,13,17,0.598987,184,262
571,1,19,0.722083,182,267
572,20,19,0.492859,90,185
573,23,9,0.463056,86,187
574,22,24,0.464345,42,132
575,20,18,0.309188,40,125
576,3,9,0.557056,38,130
577,1,21,0.523301,184,267
578,20,13,0.107334,182,260
579,14,1,0.230302,138,226
580,21,1,0.048884,138,221
581,0,5,0.192305,38,130
582,23,15,0.702637,42,125
583,11,22,0.763658,90,178
584,23,24,0.307813,184,265
585,20,1,0.116039,136,218
586,10,1,0.764195,40,135
587,17,23,0.353301,186,273
588,21,24,0.294987,86,177
589,18,1,0.0109574,138,227
590,22,3,0.0629825,86,170
591,16,8,0.855157,182,268
592,3,9,0.501849,90,182
593,21,9,0.22751,40,135
594,12,1,0.550335,136,218
595,1,4,0.456132,40,118
596,13,0,0.560299,42,132
597,18,19,0.253176,42,133
598,24,20,0.0224557,186,275
599,11,19,0.356251,88,181
