NODES,25
INDEX,Name,X-coordinate,Y-coordinate
0,0,-,-
1,1,-,-
2,2,-,-
3,3,-,-
4,4,-,-
5,5,-,-
6,6,-,-
7,7,-,-
8,8,-,-
9,9,-,-
10,10,-,-
11,11,-,-
12,12,-,-
13,13,-,-
14,14,-,-
15,15,-,-
16,16,-,-
17,17,-,-
18,18,-,-
19,19,-,-
20,20,-,-
21,21,-,-
22,22,-,-
23,23,-,-
24,24,-,-
ARCS,529
Index,Origin,Destination,Variable Cost,Fixed Cost,Capacity,Travel time
0,0,1,0,117.8,1,5
1,1,0,0,117.8,1,5
2,1,2,0,234.05,1,7
3,1,3,0,260.4,1,8
4,1,4,0,175.15,1,6
5,1,5,0,486.7,1,15
6,1,6,0,323.95,1,9
7,1,8,0,323.95,1,9
8,1,9,0,447.95,1,12
9,1,10,0,883.5,1,26
10,1,11,0,255.75,1,8
11,1,12,0,387.5,1,10
12,1,13,0,489.8,1,14
13,1,14,0,525.45,1,16
14,1,15,0,1002.85,1,24
15,1,16,0,252.65,1,8
16,1,17,0,545.6,1,16
17,1,18,0,680.45,1,18
18,1,19,0,503.75,1,13
19,1,20,0,358.05,1,10
20,1,21,0,409.2,1,11
21,1,22,0,266.6,1,8
22,1,23,0,699.05,1,18
23,1,24,0,903.65,1,24
24,2,1,0,234.05,1,7
25,3,1,0,260.4,1,8
26,3,4,0,230.95,1,8
27,3,8,0,311.55,1,9
28,3,12,0,144.15,1,5
29,3,13,0,661.85,1,20
30,3,14,0,418.5,1,11
31,3,16,0,151.9,1,5
32,3,19,0,396.8,1,11
33,3,21,0,469.65,1,14
34,3,22,0,429.35,1,13
35,4,1,0,175.15,1,6
36,4,3,0,230.95,1,8
37,5,1,0,486.7,1,15
38,5,13,0,367.35,1,10
39,6,1,0,323.95,1,9
40,6,13,0,430.9,1,11
41,7,1,0,103.85,1,4
42,8,1,0,323.95,1,9
43,8,3,0,311.55,1,9
44,8,13,0,415.4,1,11
45,8,16,0,161.2,1,6
46,8,21,0,158.1,1,5
47,9,1,0,447.95,1,12
48,10,1,0,891.25,1,23
49,10,23,0,192.2,1,6
50,11,1,0,255.75,1,8
51,11,13,0,592.1,1,16
52,12,1,0,387.5,1,10
53,12,3,0,144.15,1,5
54,13,1,0,489.8,1,13
55,13,3,0,669.6,1,22
56,13,5,0,367.35,1,10
57,13,6,0,430.9,1,12
58,13,10,0,483.6,1,12
59,13,11,0,596.75,1,17
60,13,15,0,553.35,1,14
61,13,17,0,176.7,1,6
62,13,18,0,248,1,7
63,13,19,0,573.5,1,16
64,13,20,0,198.4,1,6
65,13,21,0,275.9,1,8
66,13,22,0,232.5,1,7
67,13,23,0,323.95,1,9
68,13,24,0,449.5,1,11
69,14,1,0,525.45,1,16
70,14,3,0,418.5,1,11
71,14,19,0,111.6,1,4
72,14,21,0,384.4,1,10
73,15,1,0,1002.85,1,24
74,15,13,0,553.35,1,16
75,15,18,0,350.3,1,10
76,15,21,0,747.1,1,20
77,15,23,0,412.3,1,11
78,16,1,0,252.65,1,8
79,16,3,0,151.9,1,5
80,16,8,0,161.2,1,6
81,16,13,0,581.25,1,17
82,16,21,0,305.35,1,9
83,17,1,0,544.05,1,14
84,17,13,0,176.7,1,6
85,17,18,0,127.1,1,5
86,17,21,0,292.95,1,8
87,18,1,0,666.5,1,17
88,18,10,0,308.45,1,10
89,18,13,0,248,1,7
90,18,15,0,350.3,1,10
91,18,17,0,127.1,1,5
92,18,19,0,719.2,1,19
93,18,21,0,421.6,1,11
94,18,22,0,421.6,1,13
95,18,23,0,116.25,1,4
96,18,24,0,237.15,1,7
97,19,1,0,503.75,1,13
98,19,3,0,396.8,1,11
99,19,8,0,240.25,1,7
100,19,14,0,111.6,1,4
101,19,21,0,297.6,1,8
102,20,1,0,358.05,1,10
103,20,13,0,198.4,1,6
104,20,23,0,522.35,1,15
105,21,1,0,409.2,1,11
106,21,3,0,458.8,1,13
107,21,8,0,158.1,1,5
108,21,13,0,275.9,1,8
109,21,14,0,384.4,1,10
110,21,15,0,829.25,1,22
111,21,17,0,292.95,1,8
112,21,18,0,420.05,1,13
113,21,19,0,297.6,1,8
114,21,23,0,440.2,1,11
115,22,1,0,266.6,1,8
116,22,3,0,429.35,1,12
117,22,13,0,232.5,1,7
118,23,1,0,699.05,1,17
119,23,10,0,192.2,1,6
120,23,13,0,323.95,1,9
121,23,15,0,412.3,1,11
122,23,17,0,153.45,1,5
123,23,18,0,116.25,1,4
124,23,21,0,446.4,1,13
125,23,24,0,305.35,1,9
126,24,1,0,903.65,1,24
127,24,13,0,449.5,1,11
128,24,18,0,237.15,1,7
129,24,23,0,305.35,1,9
130,0,2,0,161.2,1,6
131,0,3,0,353.4,1,10
132,0,4,0,285.2,1,9
133,0,5,0,474.3,1,13
134,0,6,0,246.45,1,8
135,0,8,0,427.8,1,12
136,0,9,0,379.75,1,11
137,0,10,0,931.55,1,25
138,0,11,0,158.1,1,5
139,0,12,0,401.45,1,11
140,0,14,0,632.4,1,17
141,0,15,0,1063.3,1,28
142,0,16,0,367.35,1,11
143,0,17,0,596.75,1,16
144,0,18,0,717.65,1,19
145,0,19,0,615.35,1,17
146,0,20,0,361.15,1,10
147,0,21,0,444.85,1,13
148,0,22,0,297.6,1,9
149,0,23,0,739.35,1,20
150,0,24,0,957.9,1,25
151,1,7,0,103.85,1,4
152,2,0,0,161.2,1,6
153,2,3,0,480.5,1,13
154,2,4,0,409.2,1,12
155,2,5,0,257.3,1,8
156,2,6,0,110.05,1,4
157,2,8,0,412.3,1,12
158,2,9,0,229.4,1,7
159,2,10,0,872.65,1,23
160,2,11,0,182.9,1,6
161,2,12,0,582.8,1,16
162,2,13,0,390.6,1,11
163,2,14,0,790.5,1,21
164,2,15,0,940.85,1,25
165,2,16,0,475.85,1,13
166,2,17,0,568.85,1,16
167,2,18,0,638.6,1,17
168,2,19,0,643.25,1,17
169,2,20,0,207.7,1,7
170,2,21,0,424.7,1,12
171,2,22,0,308.45,1,9
172,2,23,0,716.1,1,19
173,2,24,0,847.85,1,23
174,3,0,0,353.4,1,10
175,3,2,0,480.5,1,13
176,3,6,0,554.9,1,15
177,3,9,0,685.1,1,18
178,3,10,0,995.1,1,26
179,3,11,0,477.4,1,13
180,3,15,0,1224.5,1,32
181,3,17,0,764.15,1,20
182,3,18,0,833.9,1,22
183,3,20,0,620,1,17
184,3,23,0,888.15,1,23
185,3,24,0,1108.25,1,29
186,4,0,0,285.2,1,9
187,4,2,0,409.2,1,12
188,4,6,0,494.45,1,14
189,4,7,0,75.95,1,3
190,4,8,0,142.6,1,5
191,4,9,0,624.65,1,17
192,4,10,0,838.55,1,22
193,4,11,0,406.1,1,12
194,4,12,0,331.7,1,9
195,4,13,0,427.8,1,12
196,4,14,0,410.75,1,12
197,4,15,0,970.3,1,26
198,4,16,0,147.25,1,5
199,4,17,0,503.75,1,14
200,4,18,0,624.65,1,17
201,4,19,0,390.6,1,11
202,4,20,0,413.85,1,12
203,4,21,0,263.5,1,8
204,4,22,0,204.6,1,7
205,4,23,0,646.35,1,18
206,4,24,0,861.8,1,23
207,5,0,0,474.3,1,13
208,5,2,0,257.3,1,8
209,5,6,0,161.2,1,5
210,5,9,0,198.4,1,6
211,5,11,0,320.85,1,9
212,5,18,0,660.3,1,16
213,5,20,0,178.25,1,6
214,5,23,0,720.75,1,19
215,6,0,0,246.45,1,8
216,6,2,0,110.05,1,4
217,6,3,0,554.9,1,15
218,6,4,0,494.45,1,14
219,6,5,0,161.2,1,5
220,6,8,0,637.05,1,17
221,6,9,0,141.05,1,5
222,6,10,0,939.3,1,25
223,6,11,0,165.85,1,5
224,6,12,0,623.1,1,17
225,6,14,0,840.1,1,22
226,6,15,0,982.7,1,26
227,6,16,0,576.6,1,16
228,6,17,0,615.35,1,17
229,6,18,0,685.1,1,18
230,6,19,0,824.6,1,22
231,6,20,0,243.35,1,7
232,6,21,0,593.65,1,16
233,6,22,0,446.4,1,13
234,6,23,0,761.05,1,20
235,6,24,0,877.3,1,23
236,7,3,0,246.45,1,8
237,7,4,0,75.95,1,3
238,8,0,0,427.8,1,12
239,8,2,0,412.3,1,12
240,8,4,0,142.6,1,5
241,8,6,0,637.05,1,17
242,8,9,0,767.25,1,21
243,8,10,0,714.55,1,19
244,8,11,0,545.6,1,15
245,8,12,0,460.35,1,13
246,8,14,0,328.6,1,10
247,8,15,0,883.5,1,23
248,8,17,0,427.8,1,12
249,8,18,0,542.5,1,15
250,8,19,0,240.25,1,7
251,8,20,0,444.85,1,13
252,8,22,0,203.05,1,7
253,8,23,0,536.3,1,15
254,8,24,0,801.35,1,21
255,9,0,0,379.75,1,11
256,9,2,0,229.4,1,7
257,9,3,0,685.1,1,18
258,9,4,0,624.65,1,17
259,9,5,0,198.4,1,6
260,9,6,0,141.05,1,5
261,9,8,0,767.25,1,21
262,9,10,0,1069.5,1,28
263,9,11,0,297.6,1,8
264,9,12,0,753.3,1,20
265,9,13,0,469.65,1,12
266,9,14,0,652.55,1,18
267,9,15,0,1112.9,1,29
268,9,16,0,706.8,1,19
269,9,17,0,646.35,1,18
270,9,18,0,711.45,1,18
271,9,19,0,954.8,1,25
272,9,20,0,279,1,8
273,9,21,0,723.85,1,19
274,9,22,0,576.6,1,16
275,9,23,0,891.25,1,24
276,9,24,0,1019.9,1,27
277,10,0,0,931.55,1,25
278,10,2,0,872.65,1,23
279,10,3,0,995.1,1,26
280,10,4,0,838.55,1,22
281,10,6,0,939.3,1,25
282,10,8,0,714.55,1,19
283,10,9,0,1069.5,1,28
284,10,11,0,1133.05,1,30
285,10,12,0,1086.55,1,28
286,10,13,0,483.6,1,12
287,10,14,0,970.3,1,26
288,10,15,0,224.75,1,7
289,10,16,0,872.65,1,23
290,10,17,0,334.8,1,9
291,10,18,0,306.9,1,9
292,10,19,0,909.85,1,24
293,10,20,0,714.55,1,19
294,10,21,0,623.1,1,16
295,10,22,0,623.1,1,17
296,10,24,0,286.75,1,8
297,11,0,0,158.1,1,5
298,11,2,0,182.9,1,6
299,11,3,0,477.4,1,13
300,11,4,0,406.1,1,12
301,11,5,0,320.85,1,9
302,11,6,0,165.85,1,5
303,11,8,0,545.6,1,15
304,11,9,0,297.6,1,9
305,11,10,0,1133.05,1,30
306,11,12,0,523.9,1,14
307,11,14,0,770.35,1,21
308,11,15,0,1112.9,1,29
309,11,16,0,488.25,1,14
310,11,17,0,798.25,1,21
311,11,18,0,832.35,1,21
312,11,19,0,748.65,1,20
313,11,20,0,406.1,1,11
314,11,21,0,649.45,1,18
315,11,22,0,499.1,1,14
316,11,23,0,852.5,1,23
317,11,24,0,1021.45,1,27
318,12,0,0,401.45,1,11
319,12,2,0,582.8,1,16
320,12,4,0,331.7,1,10
321,12,6,0,623.1,1,17
322,12,8,0,460.35,1,13
323,12,9,0,753.3,1,20
324,12,10,0,1086.55,1,28
325,12,11,0,523.9,1,14
326,12,13,0,776.55,1,20
327,12,14,0,550.25,1,15
328,12,15,0,1233.8,1,32
329,12,16,0,296.05,1,9
330,12,17,0,776.55,1,21
331,12,18,0,1038.5,1,27
332,12,19,0,523.9,1,14
333,12,20,0,637.05,1,17
334,12,21,0,554.9,1,15
335,12,22,0,556.45,1,15
336,12,23,0,919.15,1,24
337,12,24,0,1137.7,1,30
338,13,2,0,390.6,1,11
339,13,4,0,427.8,1,12
340,13,8,0,415.4,1,11
341,13,9,0,469.65,1,12
342,13,14,0,655.65,1,17
343,13,16,0,530.1,1,14
344,14,0,0,632.4,1,17
345,14,2,0,790.5,1,21
346,14,4,0,410.75,1,12
347,14,6,0,840.1,1,22
348,14,8,0,328.6,1,10
349,14,9,0,652.55,1,18
350,14,10,0,970.3,1,26
351,14,11,0,770.35,1,21
352,14,12,0,550.25,1,15
353,14,13,0,655.65,1,17
354,14,15,0,1106.7,1,28
355,14,16,0,272.8,1,8
356,14,17,0,671.15,1,18
357,14,18,0,798.25,1,20
358,14,20,0,852.5,1,23
359,14,22,0,527,1,15
360,14,23,0,818.4,1,20
361,14,24,0,995.1,1,26
362,15,0,0,1063.3,1,28
363,15,2,0,940.85,1,25
364,15,3,0,1224.5,1,32
365,15,4,0,970.3,1,26
366,15,6,0,982.7,1,26
367,15,8,0,883.5,1,23
368,15,9,0,1112.9,1,29
369,15,10,0,224.75,1,7
370,15,11,0,1112.9,1,29
371,15,12,0,1233.8,1,32
372,15,14,0,1106.7,1,28
373,15,16,0,1027.65,1,27
374,15,17,0,454.15,1,12
375,15,19,0,1023,1,27
376,15,20,0,757.95,1,19
377,15,22,0,733.15,1,19
378,15,24,0,110.05,1,4
379,16,0,0,367.35,1,11
380,16,2,0,475.85,1,13
381,16,4,0,147.25,1,5
382,16,6,0,576.6,1,16
383,16,7,0,155,1,5
384,16,9,0,706.8,1,19
385,16,10,0,872.65,1,23
386,16,11,0,488.25,1,14
387,16,12,0,296.05,1,8
388,16,14,0,272.8,1,8
389,16,15,0,1027.65,1,27
390,16,17,0,570.4,1,16
391,16,18,0,686.65,1,19
392,16,19,0,251.1,1,7
393,16,20,0,525.45,1,15
394,16,22,0,302.25,1,9
395,16,23,0,692.85,1,19
396,16,24,0,951.7,1,25
397,17,0,0,596.75,1,16
398,17,2,0,568.85,1,16
399,17,3,0,764.15,1,20
400,17,4,0,503.75,1,14
401,17,5,0,530.1,1,14
402,17,6,0,615.35,1,17
403,17,8,0,427.8,1,12
404,17,9,0,649.45,1,18
405,17,10,0,334.8,1,10
406,17,11,0,798.25,1,21
407,17,12,0,776.55,1,21
408,17,14,0,671.15,1,17
409,17,15,0,454.15,1,12
410,17,16,0,570.4,1,16
411,17,19,0,581.25,1,16
412,17,20,0,373.55,1,10
413,17,22,0,294.5,1,8
414,17,23,0,153.45,1,5
415,17,24,0,362.7,1,10
416,18,0,0,719.2,1,19
417,18,2,0,638.6,1,17
418,18,3,0,833.9,1,22
419,18,4,0,624.65,1,17
420,18,5,0,660.3,1,16
421,18,6,0,685.1,1,18
422,18,8,0,542.5,1,15
423,18,9,0,711.45,1,18
424,18,11,0,832.35,1,21
425,18,12,0,1038.5,1,27
426,18,14,0,798.25,1,21
427,18,16,0,686.65,1,19
428,18,20,0,438.65,1,12
429,19,0,0,615.35,1,17
430,19,2,0,643.25,1,17
431,19,4,0,390.6,1,11
432,19,6,0,824.6,1,22
433,19,9,0,954.8,1,25
434,19,10,0,909.85,1,24
435,19,11,0,748.65,1,20
436,19,12,0,523.9,1,14
437,19,13,0,565.75,1,14
438,19,15,0,1023,1,27
439,19,16,0,251.1,1,7
440,19,17,0,581.25,1,16
441,19,18,0,709.9,1,18
442,19,20,0,764.15,1,20
443,19,22,0,437.1,1,12
444,19,23,0,728.5,1,18
445,19,24,0,942.4,1,25
446,20,0,0,361.15,1,10
447,20,2,0,207.7,1,7
448,20,3,0,620,1,17
449,20,4,0,413.85,1,12
450,20,5,0,178.25,1,6
451,20,6,0,243.35,1,7
452,20,8,0,444.85,1,13
453,20,9,0,279,1,8
454,20,10,0,714.55,1,19
455,20,11,0,406.1,1,11
456,20,12,0,637.05,1,17
457,20,14,0,878.85,1,23
458,20,15,0,757.95,1,19
459,20,16,0,525.45,1,15
460,20,17,0,373.55,1,11
461,20,18,0,438.65,1,12
462,20,19,0,764.15,1,20
463,20,21,0,466.55,1,13
464,20,22,0,272.8,1,8
465,20,24,0,641.7,1,17
466,21,0,0,444.85,1,13
467,21,2,0,424.7,1,12
468,21,4,0,263.5,1,8
469,21,6,0,593.65,1,16
470,21,9,0,723.85,1,19
471,21,10,0,623.1,1,16
472,21,11,0,646.35,1,18
473,21,12,0,554.9,1,15
474,21,16,0,305.35,1,9
475,21,20,0,466.55,1,13
476,21,22,0,142.6,1,5
477,21,24,0,651,1,18
478,22,0,0,297.6,1,9
479,22,2,0,308.45,1,10
480,22,4,0,204.6,1,7
481,22,6,0,446.4,1,13
482,22,8,0,203.05,1,6
483,22,9,0,576.6,1,16
484,22,10,0,623.1,1,17
485,22,11,0,499.1,1,14
486,22,12,0,556.45,1,15
487,22,14,0,527,1,15
488,22,15,0,733.15,1,19
489,22,16,0,302.25,1,9
490,22,17,0,294.5,1,8
491,22,18,0,404.55,1,10
492,22,19,0,437.1,1,12
493,22,20,0,272.8,1,9
494,22,21,0,142.6,1,5
495,22,23,0,432.45,1,11
496,22,24,0,643.25,1,17
497,23,0,0,739.35,1,20
498,23,2,0,716.1,1,19
499,23,3,0,888.15,1,23
500,23,4,0,646.35,1,18
501,23,6,0,761.05,1,20
502,23,8,0,536.3,1,15
503,23,9,0,891.25,1,24
504,23,11,0,852.5,1,23
505,23,12,0,919.15,1,24
506,23,14,0,818.4,1,20
507,23,16,0,692.85,1,19
508,23,19,0,728.5,1,18
509,23,20,0,522.35,1,14
510,23,22,0,432.45,1,11
511,24,0,0,957.9,1,25
512,24,2,0,847.85,1,23
513,24,3,0,1108.25,1,29
514,24,4,0,861.8,1,23
515,24,6,0,877.3,1,23
516,24,8,0,801.35,1,21
517,24,9,0,1019.9,1,27
518,24,10,0,286.75,1,8
519,24,11,0,1021.45,1,27
520,24,12,0,1137.7,1,30
521,24,14,0,995.1,1,26
522,24,15,0,110.05,1,4
523,24,16,0,951.7,1,25
524,24,17,0,362.7,1,10
525,24,19,0,942.4,1,25
526,24,20,0,641.7,1,17
527,24,21,0,651,1,16
528,24,22,0,643.25,1,17
PATHS,600
Index,Shipment origin,Shipment destination,1st terminal on path,2nd terminal on path,.....,6th terminal on path
0,0,1,0,1
1,0,2,0,1,2
2,0,3,0,1,3
3,0,4,0,1,4
4,0,5,0,1,5
5,0,6,0,1,6
6,0,7,0,1,7
7,0,8,0,1,8
8,0,9,0,1,9
9,0,10,0,1,10
10,0,11,0,1,11
11,0,12,0,1,12
12,0,13,0,1,13
13,0,14,0,1,14
14,0,15,0,1,15
15,0,16,0,1,16
16,0,17,0,1,17
17,0,18,0,1,18
18,0,19,0,1,19
19,0,20,0,1,20
20,0,21,0,1,21
21,0,22,0,1,22
22,0,23,0,1,23
23,0,24,0,1,24
24,1,0,1,0
25,1,2,1,2
26,1,3,1,3
27,1,4,1,4
28,1,5,1,5
29,1,6,1,6
30,1,7,1,7
31,1,8,1,8
32,1,9,1,9
33,1,10,1,10
34,1,11,1,11
35,1,12,1,12
36,1,13,1,13
37,1,14,1,14
38,1,15,1,15
39,1,16,1,16
40,1,17,1,17
41,1,18,1,18
42,1,19,1,19
43,1,20,1,20
44,1,21,1,21
45,1,22,1,22
46,1,23,1,23
47,1,24,1,24
48,2,0,2,1,0
49,2,1,2,1
50,2,3,2,1,3
51,2,4,2,1,4
52,2,5,2,1,5
53,2,6,2,1,6
54,2,8,2,1,8
55,2,7,2,1,7
56,2,9,2,1,9
57,2,10,2,1,10
58,2,11,2,1,11
59,2,12,2,1,12
60,2,13,2,1,13
61,2,14,2,1,14
62,2,15,2,1,15
63,2,16,2,1,16
64,2,17,2,1,17
65,2,18,2,1,18
66,2,19,2,1,19
67,2,20,2,1,20
68,2,21,2,1,21
69,2,22,2,1,22
70,2,23,2,1,23
71,2,24,2,1,24
72,3,0,3,1,0
73,3,1,3,1
74,3,2,3,1,2
75,3,4,3,4
76,3,5,3,1,5
77,3,6,3,1,6
78,3,7,3,1,7
79,3,8,3,8
80,3,9,3,1,9
81,3,10,3,13,10
82,3,11,3,1,11
83,3,12,3,12
84,3,13,3,13
85,3,14,3,14
86,3,15,3,13,15
87,3,16,3,16
88,3,17,3,13,17
89,3,18,3,13,18
90,3,19,3,19
91,3,20,3,1,20
92,3,21,3,21
93,3,22,3,22
94,3,23,3,21,23
95,3,24,3,13,24
96,4,0,4,1,0
97,4,1,4,1
98,4,2,4,1,2
99,4,3,4,3
100,4,5,4,1,5
101,4,6,4,1,6
102,4,7,4,1,7
103,4,8,4,1,8
104,4,9,4,1,9
105,4,10,4,1,10
106,4,11,4,1,11
107,4,12,4,3,12
108,4,13,4,1,13
109,4,14,4,3,14
110,4,15,4,1,15
111,4,16,4,3,16
112,4,17,4,1,17
113,4,18,4,1,18
114,4,19,4,3,19
115,4,20,4,1,20
116,4,21,4,1,21
117,4,22,4,1,22
118,4,23,4,1,23
119,4,24,4,1,24
120,5,0,5,1,0
121,5,1,5,1
122,5,2,5,1,2
123,5,3,5,1,3
124,5,4,5,1,4
125,5,6,5,1,6
126,5,7,5,1,7
127,5,8,5,1,8
128,5,9,5,1,9
129,5,10,5,13,10
130,5,11,5,1,11
131,5,12,5,1,12
132,5,13,5,13
133,5,14,5,1,14
134,5,15,5,13,15
135,5,16,5,1,16
136,5,17,5,13,17
137,5,18,5,13,18
138,5,19,5,13,21,19
139,5,20,5,13,20
140,5,21,5,13,21
141,5,22,5,1,22
142,5,23,5,13,23
143,5,24,5,13,24
144,6,0,6,1,0
145,6,1,6,1
146,6,2,6,1,2
147,6,3,6,1,3
148,6,4,6,1,4
149,6,5,6,1,5
150,6,7,6,1,7
151,6,8,6,1,8
152,6,9,6,1,9
153,6,10,6,1,10
154,6,11,6,1,11
155,6,12,6,1,12
156,6,13,6,1,13
157,6,14,6,1,14
158,6,15,6,1,15
159,6,16,6,1,16
160,6,17,6,1,17
161,6,18,6,1,18
162,6,19,6,1,19
163,6,20,6,1,20
164,6,21,6,1,21
165,6,22,6,1,22
166,6,23,6,1,23
167,6,24,6,1,24
168,7,0,7,1,0
169,7,1,7,1
170,7,2,7,1,2
171,7,3,7,3
172,7,4,7,4
173,7,5,7,1,5
174,7,6,7,3,6
175,7,8,7,3,8
176,7,9,7,1,9
177,7,10,7,1,9
178,7,11,7,3,11
179,7,12,7,4,12
180,7,13,7,4,13
181,7,14,7,4,14
182,7,15,7,4,15
183,7,16,7,4,16
184,7,17,7,1,17
185,7,18,7,1,18
186,7,19,7,1,19
187,7,20,7,1,20
188,7,21,7,1,21
189,7,22,7,1,22
190,7,23,7,1,23
191,7,24,7,1,24
192,8,0,8,1,0
193,8,1,8,1
194,8,2,8,1,2
195,8,3,8,3
196,8,4,8,1,4
197,8,5,8,1,5
198,8,6,8,1,6
199,8,7,8,1,7
200,8,9,8,1,9
201,8,10,8,21,23,10
202,8,11,8,1,11
203,8,12,8,3,12
204,8,13,8,21,13
205,8,14,8,21,14
206,8,15,8,21,13,15
207,8,16,8,3,16
208,8,17,8,21,17
209,8,18,8,21,18
210,8,19,8,21,19
211,8,20,8,1,20
212,8,21,8,21
213,8,22,8,1,22
214,8,23,8,21,23
215,8,24,8,21,13,24
216,9,0,9,1,0
217,9,1,9,1
218,9,2,9,1,2
219,9,3,9,1,3
220,9,4,9,1,4
221,9,5,9,1,5
222,9,6,9,1,6
223,9,7,9,1,7
224,9,8,9,1,8
225,9,10,9,1,10
226,9,11,9,1,11
227,9,12,9,1,12
228,9,13,9,1,13
229,9,14,9,1,14
230,9,15,9,1,15
231,9,16,9,1,16
232,9,17,9,1,17
233,9,18,9,1,18
234,9,19,9,1,19
235,9,20,9,1,20
236,9,21,9,1,21
237,9,22,9,1,22
238,9,23,9,1,23
239,9,24,9,1,24
240,10,0,10,1,0
241,10,1,10,1
242,10,2,10,1,2
243,10,3,10,1,3
244,10,4,10,1,4
245,10,5,10,23,13,5
246,10,6,10,23,13,6
247,10,7,10,1,7
248,10,8,10,23,21,8
249,10,9,10,1,9
250,10,11,10,1,11
251,10,12,10,1,12
252,10,13,10,23,13
253,10,14,10,23,21,14
254,10,15,10,23,15
255,10,16,10,1,16
256,10,17,10,23,17
257,10,18,10,23,18
258,10,19,10,23,21,19
259,10,20,10,23,13,20
260,10,21,10,23,21
261,10,22,10,23,22
262,10,23,10,23
263,10,24,10,23,24
264,11,0,11,1,0
265,11,1,11,1
266,11,2,11,1,2
267,11,3,11,1,3
268,11,4,11,1,4
269,11,5,11,1,5
270,11,6,11,1,6
271,11,7,11,1,7
272,11,8,11,1,8
273,11,9,11,1,9
274,11,10,11,13,10
275,11,12,11,1,12
276,11,13,11,13
277,11,14,11,1,14
278,11,15,11,13,15
279,11,16,11,1,16
280,11,17,11,13,17
281,11,18,11,13,18
282,11,19,11,1,19
283,11,20,11,1,20
284,11,21,11,1,21
285,11,22,11,1,22
286,11,23,11,13,23
287,11,24,11,13,24
288,12,0,12,1,0
289,12,1,12,1
290,12,2,12,1,2
291,12,3,12,3
292,12,4,12,3,4
293,12,5,12,1,5
294,12,6,12,1,6
295,12,7,12,1,7
296,12,8,12,3,8
297,12,9,12,1,9
298,12,10,12,1,10
299,12,11,12,1,11
300,12,13,12,3,13
301,12,14,12,3,14
302,12,15,12,1,15
303,12,16,12,3,16
304,12,17,12,1,17
305,12,18,12,1,18
306,12,19,12,3,19
307,12,20,12,1,20
308,12,21,12,3,21
309,12,22,12,3,22
310,12,23,12,1,23
311,12,24,12,1,24
312,13,0,13,1,0
313,13,1,13,1
314,13,2,13,1,2
315,13,3,13,3
316,13,4,13,4
317,13,5,13,5
318,13,6,13,6
319,13,7,13,1,7
320,13,8,13,21,8
321,13,9,13,1,9
322,13,10,13,10
323,13,11,13,11
324,13,12,13,3,12
325,13,14,13,21,14
326,13,15,13,15
327,13,16,13,1,16
328,13,17,13,17
329,13,18,13,18
330,13,19,13,21,19
331,13,20,13,20
332,13,21,13,21
333,13,22,13,22
334,13,23,13,23
335,13,24,13,24
336,14,0,14,1,0
337,14,1,14,1
338,14,2,14,1,2
339,14,3,14,3
340,14,4,14,3,4
341,14,5,14,1,5
342,14,6,14,1,6
343,14,7,14,1,7
344,14,8,14,3,8
345,14,9,14,1,9
346,14,10,14,21,23,10
347,14,11,14,1,11
348,14,12,14,3,12
349,14,13,14,21,13
350,14,15,14,21,13,15
351,14,16,14,3,16
352,14,17,14,21,17
353,14,18,14,21,18
354,14,19,14,1,19
355,14,20,14,1,20
356,14,21,14,21
357,14,22,14,1,22
358,14,23,14,21,23
359,14,24,14,21,13,24
360,15,0,15,1,0
361,15,1,15,1
362,15,2,15,1,2
363,15,3,15,13,3
364,15,4,15,1,4
365,15,5,15,13,5
366,15,6,15,13,6
367,15,7,15,1,7
368,15,8,15,21,8
369,15,9,15,1,9
370,15,10,15,10
371,15,11,15,1,11
372,15,12,15,1,12
373,15,13,15,13
374,15,14,15,21,14
375,15,16,15,1,16
376,15,17,15,17
377,15,18,15,18
378,15,19,15,21,19
379,15,20,15,13,20
380,15,21,15,21
381,15,22,15,13,22
382,15,23,15,23
383,15,24,15,24
384,16,0,16,1,0
385,16,1,16,1
386,16,2,16,1,2
387,16,3,16,3
388,16,4,16,3,4
389,16,5,16,1,5
390,16,6,16,1,6
391,16,7,16,1,7
392,16,8,16,3,8
393,16,9,16,1,9
394,16,10,16,13,10
395,16,11,16,1,11
396,16,12,16,3,12
397,16,13,16,13
398,16,14,16,3,14
399,16,15,16,13,15
400,16,17,16,13,17
401,16,18,16,13,18
402,16,19,16,3,19
403,16,20,16,1,20
404,16,21,16,21
405,16,22,16,3,22
406,16,23,16,13,23
407,16,24,16,13,24
408,17,0,17,1,0
409,17,1,17,1
410,17,2,17,1,2
411,17,3,17,13,3
412,17,4,17,1,4
413,17,5,17,13,5
414,17,6,17,13,6
415,17,7,17,1,7
416,17,8,17,21,8
417,17,9,17,1,9
418,17,10,17,13,10
419,17,11,17,1,11
420,17,12,17,1,12
421,17,13,17,13
422,17,14,17,21,14
423,17,15,17,13,15
424,17,16,17,1,16
425,17,18,17,18
426,17,19,17,21,19
427,17,20,17,13,20
428,17,21,17,21
429,17,22,17,13,22
430,17,23,17,13,23
431,17,24,17,13,24
432,18,0,18,1,0
433,18,1,18,1
434,18,2,18,1,2
435,18,3,18,13,3
436,18,4,18,1,4
437,18,5,18,13,5
438,18,6,18,13,6
439,18,7,18,1,7
440,18,8,18,21,8
441,18,9,18,13,1,9
442,18,10,18,10
443,18,11,18,1,11
444,18,12,18,1,12
445,18,13,18,13
446,18,14,18,21,14
447,18,15,18,15
448,18,16,18,1,16
449,18,17,18,17
450,18,19,18,21,19
451,18,20,18,13,20
452,18,21,18,21
453,18,22,18,13,22
454,18,23,18,23
455,18,24,18,24
456,19,0,19,1,0
457,19,1,19,1
458,19,2,19,1,2
459,19,3,19,3
460,19,4,19,3,4
461,19,5,19,1,5
462,19,6,19,1,6
463,19,7,19,1,7
464,19,8,19,21,8
465,19,9,19,1,9
466,19,10,19,1,10
467,19,11,19,1,11
468,19,12,19,3,12
469,19,13,19,21,13
470,19,14,19,1,14
471,19,15,19,21,13,15
472,19,16,19,3,16
473,19,17,19,21,17
474,19,18,19,21,18
475,19,20,19,1,20
476,19,21,19,21
477,19,22,19,1,22
478,19,23,19,21,23
479,19,24,19,21,13,24
480,20,0,20,1,0
481,20,1,20,1
482,20,2,20,1,2
483,20,3,20,1,3
484,20,4,20,1,4
485,20,5,20,1,5
486,20,6,20,1,6
487,20,7,20,1,7
488,20,8,20,1,8
489,20,9,20,1,9
490,20,10,20,13,10
491,20,11,20,1,11
492,20,12,20,1,12
493,20,13,20,13
494,20,14,20,1,14
495,20,15,20,13,15
496,20,16,20,1,16
497,20,17,20,13,17
498,20,18,20,13,18
499,20,19,20,1,19
500,20,21,20,1,21
501,20,22,20,13,22
502,20,23,20,13,23
503,20,24,20,13,24
504,21,0,21,1,0
505,21,1,21,1
506,21,2,21,1,2
507,21,3,21,3
508,21,4,21,1,4
509,21,5,21,13,5
510,21,6,21,13,6
511,21,7,21,1,7
512,21,8,21,8
513,21,9,21,1,9
514,21,10,21,23,10
515,21,11,21,1,11
516,21,12,21,3,12
517,21,13,21,13
518,21,14,21,14
519,21,15,21,13,15
520,21,16,21,3,16
521,21,17,21,17
522,21,18,21,18
523,21,19,21,19
524,21,20,21,1,20
525,21,22,21,1,22
526,21,23,21,23
527,21,24,21,13,24
528,22,0,22,1,0
529,22,1,22,1
530,22,2,22,1,2
531,22,3,22,3
532,22,4,22,1,4
533,22,5,22,13,5
534,22,6,22,1,6
535,22,7,22,1,7
536,22,8,22,1,8
537,22,9,22,1,9
538,22,10,22,13,10
539,22,11,22,1,11
540,22,12,22,3,12
541,22,13,22,13
542,22,14,22,1,14
543,22,15,22,13,15
544,22,16,22,1,16
545,22,17,22,13,17
546,22,18,22,13,18
547,22,19,22,1,19
548,22,20,22,13,20
549,22,21,22,1,21
550,22,23,22,13,23
551,22,24,22,13,24
552,23,0,23,1,0
553,23,1,23,1
554,23,2,23,1,2
555,23,3,23,1,3
556,23,4,23,1,4
557,23,5,23,13,5
558,23,6,23,13,6
559,23,7,23,1,7
560,23,8,23,21,8
561,23,9,23,1,9
562,23,10,23,10
563,23,11,23,1,11
564,23,12,23,1,12
565,23,13,23,13
566,23,14,23,21,14
567,23,15,23,15
568,23,16,23,1,16
569,23,17,23,17
570,23,18,23,18
571,23,19,23,21,19
572,23,20,23,13,20
573,23,21,23,21
574,23,22,23,22
575,23,24,23,24
576,24,0,24,1,0
577,24,1,24,1
578,24,2,24,1,2
579,24,3,24,13,3
580,24,4,24,1,4
581,24,5,24,13,5
582,24,6,24,13,6
583,24,7,24,1,7
584,24,8,24,18,21,8
585,24,9,24,13,1,9
586,24,10,24,23,10
587,24,11,24,13,11
588,24,12,24,1,12
589,24,13,24,13
590,24,14,24,18,21,14
591,24,15,24,15
592,24,16,24,1,16
593,24,17,24,13,17
594,24,18,24,18
595,24,19,24,18,21,19
596,24,20,24,13,20
597,24,21,24,18,21
598,24,22,24,13,22
599,24,23,24,23
COMMODITIES,550
Index,Origin,Destination,Demand/Size,Earliest available time,Latest delivery time
0,15,19,0.498086,138,262
1,6,1,0.00507153,40,145
2,18,3,0.817132,38,163
3,2,8,0.491921,138,250
4,22,3,0.188411,86,194
5,12,16,0.680554,182,288
6,15,22,0.691845,88,207
7,15,10,0.497294,40,143
8,1,0,0.311898,138,239
9,21,3,0.154797,138,247
10,22,2,0.697821,38,149
11,1,9,0.296602,136,244
12,1,3,0.329717,90,194
13,10,22,0.0670704,134,247
14,1,23,0.896162,138,252
15,16,3,0.709583,40,141
16,11,23,0.246339,138,259
17,21,19,0.416313,90,194
18,22,2,0.601866,42,153
19,5,18,0.557787,90,203
20,0,18,0.833727,38,157
21,23,8,0.90666,42,156
22,13,11,0.330639,90,203
23,13,19,0.860921,138,250
24,15,18,0.167911,182,288
25,10,16,0.0997852,86,213
26,10,18,0.608453,134,240
27,18,6,0.787423,88,203
28,9,3,0.603046,134,250
29,24,20,0.149525,136,249
30,13,10,0.148943,86,194
31,1,11,0.649655,40,144
32,20,13,0.993313,134,236
33,3,0,0.514083,138,247
34,9,1,0.639164,88,196
35,1,15,0.545874,40,160
36,11,4,0.20551,88,198
37,13,21,0.345928,40,144
38,12,21,0.377638,86,201
39,11,8,0.374548,86,199
40,11,18,0.72158,138,257
41,23,24,0.886241,38,143
42,22,24,0.444954,136,250
43,5,22,0.345339,38,157
44,5,1,0.372007,136,247
45,11,4,0.15589,136,246
46,11,3,0.705108,138,250
47,1,16,0.51685,90,194
48,17,1,0.0974013,138,248
49,23,21,0.864638,136,245
50,3,14,0.652557,138,245
51,0,3,0.350555,42,151
52,19,4,0.0654892,134,249
53,17,13,0.0832723,186,288
54,10,12,0.078067,40,169
55,18,19,0.166083,136,251
56,0,19,0.242706,88,202
57,14,5,0.377876,138,265
58,18,6,0.870516,138,253
59,22,18,0.852173,138,248
60,3,8,0.743496,182,287
61,18,22,0.0218352,136,246
62,13,20,0.324444,88,190
63,4,1,0.595248,88,190
64,15,5,0.423177,136,258
65,1,4,0.0618707,38,140
66,10,13,0.956222,136,247
67,3,2,0.828927,90,201
68,23,24,0.0877534,86,191
69,20,15,0.45151,42,158
70,2,1,0.488476,138,241
71,1,5,0.037329,138,249
72,1,6,0.82649,42,147
73,13,20,0.683312,184,286
74,1,2,0.284402,86,189
75,3,1,0.448501,88,192
76,24,17,0.729748,136,249
77,11,4,0.188419,42,152
78,17,23,0.412546,40,151
79,18,23,0.459712,182,282
80,18,23,0.899858,40,140
81,3,4,0.449798,42,146
82,1,18,0.917532,134,248
83,17,13,0.154851,134,236
84,23,1,0.271054,136,249
85,10,21,0.0492884,86,201
86,19,18,0.910887,88,205
87,3,6,0.271193,40,153
88,18,13,0.995483,38,141
89,11,1,0.401318,184,288
90,22,13,0.727603,184,287
91,1,18,0.0592921,88,202
92,5,14,0.287973,90,217
93,18,23,0.0376097,186,286
94,22,1,0.353556,90,194
95,3,15,0.21435,42,172
96,1,17,0.60556,40,152
97,4,16,0.494037,136,245
98,16,21,0.630169,182,287
99,0,23,0.932296,138,257
100,21,19,0.406329,86,190
101,19,22,0.418391,88,205
102,3,20,0.0937269,40,154
103,1,12,0.0131354,90,196
104,11,1,0.905936,88,192
105,2,22,0.209033,88,199
106,1,9,0.22082,38,146
107,15,23,0.317868,42,149
108,17,18,0.222319,138,239
109,11,19,0.310332,134,251
110,19,8,0.450488,40,149
111,14,1,0.982482,90,202
112,16,1,0.466358,38,142
113,19,17,0.293811,134,246
114,24,23,0.631216,182,287
115,0,8,0.388475,42,152
116,4,14,0.48145,90,205
117,13,15,0.513076,40,150
118,4,1,0.069956,86,188
119,3,12,0.818823,136,237
120,23,8,0.778661,88,202
121,3,22,0.505196,136,245
122,22,1,0.728186,86,190
123,1,17,0.615877,90,202
124,5,13,0.290486,90,196
125,12,20,0.689189,90,206
126,8,1,0.824131,134,239
127,1,21,0.270102,138,245
128,3,6,0.0415341,88,201
129,12,13,0.176837,38,159
130,6,16,0.380613,42,155
131,22,21,0.47483,88,203
132,18,22,0.945509,134,244
133,4,1,0.164732,40,142
134,18,23,0.876988,136,236
135,23,9,0.564262,88,213
136,3,1,0.373014,86,190
137,0,23,0.0921092,134,253
138,0,11,0.0417079,40,149
139,3,19,0.804582,38,145
140,11,23,0.15794,88,209
141,15,23,0.846775,90,197
142,11,15,0.269824,40,166
143,0,1,0.672783,138,239
144,15,20,0.996177,136,254
145,2,15,0.301981,134,261
146,1,6,0.928767,38,143
147,1,19,0.996124,40,149
148,1,22,0.948429,184,288
149,17,18,0.374483,38,139
150,15,21,0.260883,90,206
151,3,12,0.964181,134,235
152,12,20,0.754982,134,250
153,5,13,0.298726,138,244
154,21,24,0.288785,136,251
155,1,20,0.00600534,182,288
156,11,23,0.801532,42,163
157,14,11,0.810552,40,160
158,3,19,0.791491,136,243
159,16,2,0.300297,90,201
160,18,13,0.671135,182,285
161,11,1,0.671409,134,238
162,20,22,0.271092,38,147
163,10,19,0.4086,88,211
164,11,13,0.532402,40,152
165,22,21,0.452583,90,205
166,10,6,0.0971897,138,261
167,15,18,0.953601,38,144
168,3,18,0.508389,134,257
169,9,1,0.0398834,40,148
170,18,22,0.953372,88,198
171,18,14,0.138863,38,155
172,0,15,0.45272,136,261
173,18,21,0.787526,138,245
174,15,12,0.949071,134,264
175,23,20,0.862982,136,247
176,22,2,0.615295,138,249
177,11,8,0.376068,134,247
178,14,9,0.48338,38,162
179,18,1,0.926618,136,249
180,13,20,0.211191,134,236
181,16,0,0.718553,136,245
182,16,13,0.880595,86,199
183,12,16,0.705137,136,242
184,22,18,0.827349,40,150
185,1,8,0.581245,90,195
186,14,11,0.806778,88,208
187,0,20,0.692691,90,201
188,23,9,0.600415,86,211
189,20,14,0.379914,88,210
190,0,24,0.53944,42,167
191,5,16,0.376689,136,255
192,14,23,0.419615,90,207
193,1,6,0.67703,88,193
194,14,18,0.849159,138,257
195,15,20,0.0712416,40,158
196,16,12,0.196462,136,242
197,14,13,0.864508,134,248
198,13,17,0.184633,136,238
199,1,13,0.790727,42,152
200,19,21,0.681617,40,144
201,13,18,0.0808811,88,191
202,4,3,0.128386,184,288
203,18,13,0.845546,136,239
204,11,14,0.436689,138,258
205,21,13,0.795197,90,194
206,3,2,0.944593,42,153
207,24,2,0.366669,90,217
208,15,24,0.658839,184,284
209,21,8,0.459381,90,191
210,3,18,0.465977,88,211
211,19,10,0.229363,136,271
212,19,22,0.500674,86,203
213,24,23,0.444635,86,191
214,18,5,0.974011,136,249
215,23,13,0.197546,40,145
216,3,16,0.310534,136,237
217,16,15,0.557956,38,165
218,23,13,0.474605,134,239
219,16,21,0.666211,136,241
220,0,23,0.0569792,90,209
221,0,1,0.840492,186,287
222,11,22,0.778683,136,248
223,16,3,0.988993,138,239
224,16,12,0.194276,86,192
225,20,17,0.459296,38,146
226,0,24,0.540208,88,213
227,13,1,0.230479,40,149
228,18,17,0.899689,136,237
229,10,19,0.468279,90,213
230,3,0,0.28534,38,147
231,24,10,0.168129,42,153
232,23,24,0.258387,88,193
233,16,3,0.570467,86,187
234,15,23,0.701265,86,193
235,16,15,0.557704,42,169
236,20,10,0.460273,90,204
237,17,18,0.283725,184,285
238,12,21,0.36679,90,205
239,16,3,0.632129,38,139
240,1,9,0.615094,134,242
241,16,22,0.379948,136,250
242,15,22,0.665279,134,253
243,21,3,0.350887,86,195
244,1,14,0.24139,136,248
245,10,15,0.42286,90,203
246,3,4,0.839613,40,144
247,1,21,0.496825,86,193
248,17,23,0.269949,88,199
249,20,19,0.426351,136,255
250,22,17,0.312029,134,243
251,16,6,0.104867,42,155
252,15,3,0.380459,138,272
253,15,18,0.370162,90,196
254,3,4,0.11402,86,190
255,0,23,0.901858,42,161
256,18,8,0.817289,42,154
257,9,3,0.613043,42,158
258,24,22,0.810257,40,154
259,1,21,0.448159,90,197
260,1,2,0.166721,182,285
261,21,17,0.414276,40,144
262,15,14,0.406641,90,216
263,3,1,0.517636,184,288
264,2,17,0.119254,134,253
265,20,0,0.0637069,42,153
266,18,20,0.316274,42,151
267,23,14,0.604071,40,159
268,16,0,0.693319,138,247
269,17,13,0.232817,138,240
270,11,3,0.805055,38,150
271,23,4,0.397041,136,255
272,13,19,0.560639,86,198
273,10,20,0.105719,38,155
274,13,24,0.986524,38,145
275,1,4,0.0837215,42,144
276,17,18,0.30489,136,237
277,2,20,0.961883,138,251
278,11,24,0.10135,42,165
279,1,3,0.603547,138,242
280,11,19,0.327674,40,157
281,1,12,0.918144,38,144
282,8,18,0.164715,136,250
283,3,12,0.284562,90,191
284,1,20,0.361266,38,144
285,15,8,0.0176251,38,159
286,8,23,0.26902,88,200
287,11,13,0.0157885,136,248
288,14,5,0.328347,86,213
289,3,6,0.0836562,134,247
290,23,5,0.904898,42,157
291,12,2,0.216113,42,155
292,15,1,0.301834,134,254
293,5,13,0.506677,136,242
294,1,0,0.0683557,186,287
295,1,14,0.202275,90,202
296,1,8,0.67662,136,241
297,3,12,0.228326,86,187
298,2,3,0.354505,42,153
299,24,18,0.771166,136,239
300,10,24,0.835996,136,247
301,23,0,0.649599,86,204
302,3,15,0.248881,138,268
303,16,23,0.0813726,88,210
304,1,4,0.652462,182,284
305,4,16,0.422047,38,147
306,14,3,0.322311,42,149
307,23,3,0.772079,42,163
308,23,10,0.204797,134,236
309,22,4,0.0364353,134,244
310,20,1,0.0206546,134,240
311,1,16,0.0626244,138,242
312,14,8,0.409494,134,250
313,10,23,0.159355,88,190
314,13,18,0.679693,86,189
315,1,10,0.755228,42,164
316,16,21,0.602778,86,191
317,3,14,0.0601758,134,241
318,18,11,0.0256091,138,259
319,22,3,0.0505836,88,196
320,21,8,0.462171,186,287
321,0,23,0.915909,38,157
322,22,3,0.159723,134,242
323,3,11,0.490847,40,152
324,11,1,0.914517,42,146
325,10,18,0.497787,136,242
326,15,17,0.081489,138,246
327,14,18,0.538495,42,161
328,13,15,0.735604,42,152
329,5,3,0.610966,38,157
330,6,17,0.0582883,90,211
331,5,1,0.600861,38,149
332,5,13,0.278966,42,148
333,11,3,0.733239,40,152
334,14,11,0.728975,136,256
335,24,18,0.786743,182,285
336,23,4,0.376867,88,207
337,18,23,0.781499,42,142
338,23,5,0.931004,38,153
339,13,22,0.945664,138,241
340,18,10,0.0903607,182,288
341,16,13,0.0371547,40,153
342,1,14,0.544169,42,154
343,16,3,0.867806,184,285
344,23,8,0.867292,90,204
345,5,22,0.295741,88,207
346,2,15,0.342837,86,213
347,3,9,0.495994,86,202
348,17,19,0.662561,90,202
349,19,21,0.738808,86,190
350,22,11,0.442758,136,248
351,1,21,0.578373,40,147
352,0,5,0.194874,134,250
353,3,16,0.111652,42,143
354,21,1,0.161609,88,195
355,0,11,0.0447694,136,245
356,3,15,0.285657,38,168
357,19,15,0.548685,136,262
358,14,16,0.143522,136,248
359,23,17,0.09558,90,191
360,11,24,0.176458,86,209
361,24,15,0.0226103,40,140
362,10,3,0.0577881,42,169
363,13,21,0.319089,136,240
364,18,2,0.429022,86,206
365,9,3,0.467597,40,156
366,21,11,0.0575753,42,157
367,18,1,0.478734,42,155
368,1,16,0.335822,136,240
369,8,12,0.23929,134,244
370,8,12,0.212279,42,152
371,18,15,0.693899,88,194
372,0,24,0.548568,138,263
373,8,17,0.437076,40,149
374,9,1,0.86108,134,242
375,1,10,0.821289,136,258
376,13,22,0.0163116,88,191
377,11,21,0.338251,134,249
378,1,2,0.635065,90,193
379,16,11,0.744776,86,198
380,20,3,0.377164,88,202
381,15,20,0.00152757,38,156
382,16,10,0.0311483,88,213
383,16,22,0.349855,90,204
384,3,1,0.451255,136,240
385,20,13,0.25825,38,140
386,12,6,0.148185,40,155
387,19,11,0.670028,134,251
388,16,22,0.269241,42,156
389,1,16,0.00146482,38,142
390,14,21,0.792281,90,196
391,17,13,0.579314,184,286
392,4,14,0.494913,40,155
393,1,9,0.404102,40,148
394,15,14,0.324353,136,262
395,23,22,0.151821,138,245
396,15,10,0.427991,86,189
397,11,18,0.0600922,42,161
398,20,15,0.496973,136,252
399,8,17,0.576745,86,195
400,3,4,0.119404,90,194
401,16,2,0.309336,42,153
402,13,14,0.227236,88,202
403,11,16,0.412364,90,202
404,23,24,0.320558,134,239
405,16,3,0.849157,88,189
406,18,15,0.38844,40,146
407,5,13,0.417497,38,144
408,19,24,0.415602,40,163
409,20,23,0.10698,138,249
410,13,14,0.117144,138,252
411,3,16,0.0832595,184,285
412,10,13,0.90288,42,153
413,6,3,0.267323,134,247
414,23,15,0.735918,42,149
415,24,18,0.935242,138,241
416,23,10,0.101627,38,140
417,1,18,0.97258,86,200
418,20,22,0.226459,134,243
419,9,16,0.855162,134,250
420,18,8,0.768976,90,202
421,13,18,0.559231,134,237
422,24,18,0.752278,184,287
423,3,1,0.879836,90,194
424,12,3,0.72358,134,235
425,15,1,0.057958,90,210
426,11,15,0.421269,90,216
427,13,15,0.592766,134,244
428,13,21,0.4625,86,190
429,14,12,0.188674,86,198
430,20,19,0.465292,138,257
431,13,21,0.379445,182,286
432,18,24,0.527884,90,193
433,22,8,0.322925,86,199
434,23,1,0.320911,88,201
435,2,4,0.908454,138,247
436,24,1,0.886554,136,256
437,23,17,0.281205,42,143
438,15,1,0.808418,38,158
439,1,12,0.209895,88,194
440,20,12,0.0173258,138,254
441,10,13,0.776272,134,245
442,3,22,0.873734,88,197
443,23,15,0.156763,90,197
444,19,20,0.302817,42,161
445,5,17,0.422106,134,246
446,22,23,0.620664,42,154
447,22,6,0.326624,38,151
448,18,21,0.497826,90,197
449,15,10,0.483384,134,237
450,3,24,0.0360519,90,217
451,19,1,0.796551,88,197
452,1,11,0.575573,86,190
453,23,14,0.642264,90,209
454,21,24,0.306009,42,157
455,16,1,0.0728383,136,240
456,24,11,0.656143,134,258
457,23,21,0.958835,42,151
458,19,11,0.65027,38,155
459,9,3,0.597829,38,154
460,18,15,0.130908,38,144
461,13,6,0.981536,138,246
462,1,16,0.0892057,184,288
463,16,12,0.20255,42,148
464,19,23,0.798609,138,253
465,6,18,0.0339278,38,161
466,11,1,0.221303,90,194
467,23,5,0.856018,136,251
468,1,8,0.509078,86,191
469,21,1,0.187684,136,243
470,17,1,0.391078,86,196
471,11,1,0.306069,138,242
472,16,6,0.105039,90,203
473,24,10,0.150737,138,249
474,21,12,0.0137621,134,248
475,2,23,0.0962694,38,159
476,15,0,0.425464,38,163
477,23,11,0.38704,138,259
478,23,3,0.92035,86,207
479,13,11,0.985351,134,247
480,1,24,0.808574,134,254
481,18,11,0.0157233,42,163
482,10,13,0.713767,138,249
483,23,6,0.68902,134,251
484,13,23,0.569678,138,243
485,8,3,0.0373164,90,195
486,1,21,0.103067,38,145
487,3,20,0.0728897,88,202
488,23,15,0.303872,136,243
489,18,14,0.158425,42,159
490,15,16,0.36012,138,266
491,17,15,0.333339,138,254
492,23,13,0.761043,136,241
493,22,8,0.268945,38,151
494,16,1,0.53967,134,238
495,1,8,0.758155,88,193
496,18,24,0.0896256,184,287
497,4,23,0.129048,42,162
498,12,10,0.808647,38,170
499,8,3,0.634639,42,147
500,10,23,0.599868,186,288
501,18,12,0.37673,90,213
502,17,15,0.391566,90,206
503,1,22,0.30197,134,238
504,16,13,0.931216,134,247
505,0,24,0.537207,90,215
506,23,1,0.921897,90,203
507,6,16,0.423738,134,247
508,21,24,0.308085,86,201
509,24,3,0.0161468,86,215
510,21,1,0.242785,90,197
511,16,14,0.0885359,134,246
512,23,14,0.58527,42,161
513,1,19,0.527266,90,199
514,3,4,0.233231,182,286
515,3,0,0.360964,40,149
516,2,19,0.290295,86,202
517,21,9,0.210177,134,253
518,18,1,0.985118,88,201
519,14,23,0.395496,138,255
520,1,5,0.691147,88,199
521,1,0,0.860087,184,285
522,1,4,0.146959,90,192
523,15,18,0.724555,42,148
524,23,17,0.714156,138,239
525,3,9,0.522874,134,250
526,18,19,0.188317,138,253
527,3,16,0.325749,182,283
528,9,1,0.123065,42,150
529,3,24,0.869833,134,261
530,5,17,0.389751,40,152
531,12,2,0.139473,90,203
532,13,24,0.153089,138,245
533,16,12,0.1978,182,288
534,18,15,0.760221,90,196
535,5,17,0.368605,88,200
536,15,17,0.8288,86,194
537,13,18,0.171872,184,287
538,23,19,0.00326011,42,159
539,16,11,0.657222,138,250
540,19,8,0.428736,136,245
541,3,6,0.117369,90,203
542,20,1,0.286912,42,148
543,0,24,0.582526,86,211
544,1,23,0.213017,40,154
545,17,19,0.736193,134,246
546,18,8,0.514148,38,150
547,3,24,0.00899712,38,165
548,20,14,0.355923,86,208
549,10,23,0.509736,42,144
