NODES,25
INDEX,Name,X-coordinate,Y-coordinate
0,0,-,-
1,1,-,-
2,2,-,-
3,3,-,-
4,4,-,-
5,5,-,-
6,6,-,-
7,7,-,-
8,8,-,-
9,9,-,-
10,10,-,-
11,11,-,-
12,12,-,-
13,13,-,-
14,14,-,-
15,15,-,-
16,16,-,-
17,17,-,-
18,18,-,-
19,19,-,-
20,20,-,-
21,21,-,-
22,22,-,-
23,23,-,-
24,24,-,-
ARCS,529
Index,Origin,Destination,Variable Cost,Fixed Cost,Capacity,Travel time
0,0,1,0,117.8,1,5
1,1,0,0,117.8,1,5
2,1,2,0,234.05,1,7
3,1,3,0,260.4,1,8
4,1,4,0,175.15,1,6
5,1,5,0,486.7,1,15
6,1,6,0,323.95,1,9
7,1,8,0,323.95,1,9
8,1,9,0,447.95,1,12
9,1,10,0,883.5,1,26
10,1,11,0,255.75,1,8
11,1,12,0,387.5,1,10
12,1,13,0,489.8,1,14
13,1,14,0,525.45,1,16
14,1,15,0,1002.85,1,24
15,1,16,0,252.65,1,8
16,1,17,0,545.6,1,16
17,1,18,0,680.45,1,18
18,1,19,0,503.75,1,13
19,1,20,0,358.05,1,10
20,1,21,0,409.2,1,11
21,1,22,0,266.6,1,8
22,1,23,0,699.05,1,18
23,1,24,0,903.65,1,24
24,2,1,0,234.05,1,7
25,3,1,0,260.4,1,8
26,3,4,0,230.95,1,8
27,3,8,0,311.55,1,9
28,3,12,0,144.15,1,5
29,3,13,0,661.85,1,20
30,3,14,0,418.5,1,11
31,3,16,0,151.9,1,5
32,3,19,0,396.8,1,11
33,3,21,0,469.65,1,14
34,3,22,0,429.35,1,13
35,4,1,0,175.15,1,6
36,4,3,0,230.95,1,8
37,5,1,0,486.7,1,15
38,5,13,0,367.35,1,10
39,6,1,0,323.95,1,9
40,6,13,0,430.9,1,11
41,7,1,0,103.85,1,4
42,8,1,0,323.95,1,9
43,8,3,0,311.55,1,9
44,8,13,0,415.4,1,11
45,8,16,0,161.2,1,6
46,8,21,0,158.1,1,5
47,9,1,0,447.95,1,12
48,10,1,0,891.25,1,23
49,10,23,0,192.2,1,6
50,11,1,0,255.75,1,8
51,11,13,0,592.1,1,16
52,12,1,0,387.5,1,10
53,12,3,0,144.15,1,5
54,13,1,0,489.8,1,13
55,13,3,0,669.6,1,22
56,13,5,0,367.35,1,10
57,13,6,0,430.9,1,12
58,13,10,0,483.6,1,12
59,13,11,0,596.75,1,17
60,13,15,0,553.35,1,14
61,13,17,0,176.7,1,6
62,13,18,0,248,1,7
63,13,19,0,573.5,1,16
64,13,20,0,198.4,1,6
65,13,21,0,275.9,1,8
66,13,22,0,232.5,1,7
67,13,23,0,323.95,1,9
68,13,24,0,449.5,1,11
69,14,1,0,525.45,1,16
70,14,3,0,418.5,1,11
71,14,19,0,111.6,1,4
72,14,21,0,384.4,1,10
73,15,1,0,1002.85,1,24
74,15,13,0,553.35,1,16
75,15,18,0,350.3,1,10
76,15,21,0,747.1,1,20
77,15,23,0,412.3,1,11
78,16,1,0,252.65,1,8
79,16,3,0,151.9,1,5
80,16,8,0,161.2,1,6
81,16,13,0,581.25,1,17
82,16,21,0,305.35,1,9
83,17,1,0,544.05,1,14
84,17,13,0,176.7,1,6
85,17,18,0,127.1,1,5
86,17,21,0,292.95,1,8
87,18,1,0,666.5,1,17
88,18,10,0,308.45,1,10
89,18,13,0,248,1,7
90,18,15,0,350.3,1,10
91,18,17,0,127.1,1,5
92,18,19,0,719.2,1,19
93,18,21,0,421.6,1,11
94,18,22,0,421.6,1,13
95,18,23,0,116.25,1,4
96,18,24,0,237.15,1,7
97,19,1,0,503.75,1,13
98,19,3,0,396.8,1,11
99,19,8,0,240.25,1,7
100,19,14,0,111.6,1,4
101,19,21,0,297.6,1,8
102,20,1,0,358.05,1,10
103,20,13,0,198.4,1,6
104,20,23,0,522.35,1,15
105,21,1,0,409.2,1,11
106,21,3,0,458.8,1,13
107,21,8,0,158.1,1,5
108,21,13,0,275.9,1,8
109,21,14,0,384.4,1,10
110,21,15,0,829.25,1,22
111,21,17,0,292.95,1,8
112,21,18,0,420.05,1,13
113,21,19,0,297.6,1,8
114,21,23,0,440.2,1,11
115,22,1,0,266.6,1,8
116,22,3,0,429.35,1,12
117,22,13,0,232.5,1,7
118,23,1,0,699.05,1,17
119,23,10,0,192.2,1,6
120,23,13,0,323.95,1,9
121,23,15,0,412.3,1,11
122,23,17,0,153.45,1,5
123,23,18,0,116.25,1,4
124,23,21,0,446.4,1,13
125,23,24,0,305.35,1,9
126,24,1,0,903.65,1,24
127,24,13,0,449.5,1,11
128,24,18,0,237.15,1,7
129,24,23,0,305.35,1,9
130,0,2,0,161.2,1,6
131,0,3,0,353.4,1,10
132,0,4,0,285.2,1,9
133,0,5,0,474.3,1,13
134,0,6,0,246.45,1,8
135,0,8,0,427.8,1,12
136,0,9,0,379.75,1,11
137,0,10,0,931.55,1,25
138,0,11,0,158.1,1,5
139,0,12,0,401.45,1,11
140,0,14,0,632.4,1,17
141,0,15,0,1063.3,1,28
142,0,16,0,367.35,1,11
143,0,17,0,596.75,1,16
144,0,18,0,717.65,1,19
145,0,19,0,615.35,1,17
146,0,20,0,361.15,1,10
147,0,21,0,444.85,1,13
148,0,22,0,297.6,1,9
149,0,23,0,739.35,1,20
150,0,24,0,957.9,1,25
151,1,7,0,103.85,1,4
152,2,0,0,161.2,1,6
153,2,3,0,480.5,1,13
154,2,4,0,409.2,1,12
155,2,5,0,257.3,1,8
156,2,6,0,110.05,1,4
157,2,8,0,412.3,1,12
158,2,9,0,229.4,1,7
159,2,10,0,872.65,1,23
160,2,11,0,182.9,1,6
161,2,12,0,582.8,1,16
162,2,13,0,390.6,1,11
163,2,14,0,790.5,1,21
164,2,15,0,940.85,1,25
165,2,16,0,475.85,1,13
166,2,17,0,568.85,1,16
167,2,18,0,638.6,1,17
168,2,19,0,643.25,1,17
169,2,20,0,207.7,1,7
170,2,21,0,424.7,1,12
171,2,22,0,308.45,1,9
172,2,23,0,716.1,1,19
173,2,24,0,847.85,1,23
174,3,0,0,353.4,1,10
175,3,2,0,480.5,1,13
176,3,6,0,554.9,1,15
177,3,9,0,685.1,1,18
178,3,10,0,995.1,1,26
179,3,11,0,477.4,1,13
180,3,15,0,1224.5,1,32
181,3,17,0,764.15,1,20
182,3,18,0,833.9,1,22
183,3,20,0,620,1,17
184,3,23,0,888.15,1,23
185,3,24,0,1108.25,1,29
186,4,0,0,285.2,1,9
187,4,2,0,409.2,1,12
188,4,6,0,494.45,1,14
189,4,7,0,75.95,1,3
190,4,8,0,142.6,1,5
191,4,9,0,624.65,1,17
192,4,10,0,838.55,1,22
193,4,11,0,406.1,1,12
194,4,12,0,331.7,1,9
195,4,13,0,427.8,1,12
196,4,14,0,410.75,1,12
197,4,15,0,970.3,1,26
198,4,16,0,147.25,1,5
199,4,17,0,503.75,1,14
200,4,18,0,624.65,1,17
201,4,19,0,390.6,1,11
202,4,20,0,413.85,1,12
203,4,21,0,263.5,1,8
204,4,22,0,204.6,1,7
205,4,23,0,646.35,1,18
206,4,24,0,861.8,1,23
207,5,0,0,474.3,1,13
208,5,2,0,257.3,1,8
209,5,6,0,161.2,1,5
210,5,9,0,198.4,1,6
211,5,11,0,320.85,1,9
212,5,18,0,660.3,1,16
213,5,20,0,178.25,1,6
214,5,23,0,720.75,1,19
215,6,0,0,246.45,1,8
216,6,2,0,110.05,1,4
217,6,3,0,554.9,1,15
218,6,4,0,494.45,1,14
219,6,5,0,161.2,1,5
220,6,8,0,637.05,1,17
221,6,9,0,141.05,1,5
222,6,10,0,939.3,1,25
223,6,11,0,165.85,1,5
224,6,12,0,623.1,1,17
225,6,14,0,840.1,1,22
226,6,15,0,982.7,1,26
227,6,16,0,576.6,1,16
228,6,17,0,615.35,1,17
229,6,18,0,685.1,1,18
230,6,19,0,824.6,1,22
231,6,20,0,243.35,1,7
232,6,21,0,593.65,1,16
233,6,22,0,446.4,1,13
234,6,23,0,761.05,1,20
235,6,24,0,877.3,1,23
236,7,3,0,246.45,1,8
237,7,4,0,75.95,1,3
238,8,0,0,427.8,1,12
239,8,2,0,412.3,1,12
240,8,4,0,142.6,1,5
241,8,6,0,637.05,1,17
242,8,9,0,767.25,1,21
243,8,10,0,714.55,1,19
244,8,11,0,545.6,1,15
245,8,12,0,460.35,1,13
246,8,14,0,328.6,1,10
247,8,15,0,883.5,1,23
248,8,17,0,427.8,1,12
249,8,18,0,542.5,1,15
250,8,19,0,240.25,1,7
251,8,20,0,444.85,1,13
252,8,22,0,203.05,1,7
253,8,23,0,536.3,1,15
254,8,24,0,801.35,1,21
255,9,0,0,379.75,1,11
256,9,2,0,229.4,1,7
257,9,3,0,685.1,1,18
258,9,4,0,624.65,1,17
259,9,5,0,198.4,1,6
260,9,6,0,141.05,1,5
261,9,8,0,767.25,1,21
262,9,10,0,1069.5,1,28
263,9,11,0,297.6,1,8
264,9,12,0,753.3,1,20
265,9,13,0,469.65,1,12
266,9,14,0,652.55,1,18
267,9,15,0,1112.9,1,29
268,9,16,0,706.8,1,19
269,9,17,0,646.35,1,18
270,9,18,0,711.45,1,18
271,9,19,0,954.8,1,25
272,9,20,0,279,1,8
273,9,21,0,723.85,1,19
274,9,22,0,576.6,1,16
275,9,23,0,891.25,1,24
276,9,24,0,1019.9,1,27
277,10,0,0,931.55,1,25
278,10,2,0,872.65,1,23
279,10,3,0,995.1,1,26
280,10,4,0,838.55,1,22
281,10,6,0,939.3,1,25
282,10,8,0,714.55,1,19
283,10,9,0,1069.5,1,28
284,10,11,0,1133.05,1,30
285,10,12,0,1086.55,1,28
286,10,13,0,483.6,1,12
287,10,14,0,970.3,1,26
288,10,15,0,224.75,1,7
289,10,16,0,872.65,1,23
290,10,17,0,334.8,1,9
291,10,18,0,306.9,1,9
292,10,19,0,909.85,1,24
293,10,20,0,714.55,1,19
294,10,21,0,623.1,1,16
295,10,22,0,623.1,1,17
296,10,24,0,286.75,1,8
297,11,0,0,158.1,1,5
298,11,2,0,182.9,1,6
299,11,3,0,477.4,1,13
300,11,4,0,406.1,1,12
301,11,5,0,320.85,1,9
302,11,6,0,165.85,1,5
303,11,8,0,545.6,1,15
304,11,9,0,297.6,1,9
305,11,10,0,1133.05,1,30
306,11,12,0,523.9,1,14
307,11,14,0,770.35,1,21
308,11,15,0,1112.9,1,29
309,11,16,0,488.25,1,14
310,11,17,0,798.25,1,21
311,11,18,0,832.35,1,21
312,11,19,0,748.65,1,20
313,11,20,0,406.1,1,11
314,11,21,0,649.45,1,18
315,11,22,0,499.1,1,14
316,11,23,0,852.5,1,23
317,11,24,0,1021.45,1,27
318,12,0,0,401.45,1,11
319,12,2,0,582.8,1,16
320,12,4,0,331.7,1,10
321,12,6,0,623.1,1,17
322,12,8,0,460.35,1,13
323,12,9,0,753.3,1,20
324,12,10,0,1086.55,1,28
325,12,11,0,523.9,1,14
326,12,13,0,776.55,1,20
327,12,14,0,550.25,1,15
328,12,15,0,1233.8,1,32
329,12,16,0,296.05,1,9
330,12,17,0,776.55,1,21
331,12,18,0,1038.5,1,27
332,12,19,0,523.9,1,14
333,12,20,0,637.05,1,17
334,12,21,0,554.9,1,15
335,12,22,0,556.45,1,15
336,12,23,0,919.15,1,24
337,12,24,0,1137.7,1,30
338,13,2,0,390.6,1,11
339,13,4,0,427.8,1,12
340,13,8,0,415.4,1,11
341,13,9,0,469.65,1,12
342,13,14,0,655.65,1,17
343,13,16,0,530.1,1,14
344,14,0,0,632.4,1,17
345,14,2,0,790.5,1,21
346,14,4,0,410.75,1,12
347,14,6,0,840.1,1,22
348,14,8,0,328.6,1,10
349,14,9,0,652.55,1,18
350,14,10,0,970.3,1,26
351,14,11,0,770.35,1,21
352,14,12,0,550.25,1,15
353,14,13,0,655.65,1,17
354,14,15,0,1106.7,1,28
355,14,16,0,272.8,1,8
356,14,17,0,671.15,1,18
357,14,18,0,798.25,1,20
358,14,20,0,852.5,1,23
359,14,22,0,527,1,15
360,14,23,0,818.4,1,20
361,14,24,0,995.1,1,26
362,15,0,0,1063.3,1,28
363,15,2,0,940.85,1,25
364,15,3,0,1224.5,1,32
365,15,4,0,970.3,1,26
366,15,6,0,982.7,1,26
367,15,8,0,883.5,1,23
368,15,9,0,1112.9,1,29
369,15,10,0,224.75,1,7
370,15,11,0,1112.9,1,29
371,15,12,0,1233.8,1,32
372,15,14,0,1106.7,1,28
373,15,16,0,1027.65,1,27
374,15,17,0,454.15,1,12
375,15,19,0,1023,1,27
376,15,20,0,757.95,1,19
377,15,22,0,733.15,1,19
378,15,24,0,110.05,1,4
379,16,0,0,367.35,1,11
380,16,2,0,475.85,1,13
381,16,4,0,147.25,1,5
382,16,6,0,576.6,1,16
383,16,7,0,155,1,5
384,16,9,0,706.8,1,19
385,16,10,0,872.65,1,23
386,16,11,0,488.25,1,14
387,16,12,0,296.05,1,8
388,16,14,0,272.8,1,8
389,16,15,0,1027.65,1,27
390,16,17,0,570.4,1,16
391,16,18,0,686.65,1,19
392,16,19,0,251.1,1,7
393,16,20,0,525.45,1,15
394,16,22,0,302.25,1,9
395,16,23,0,692.85,1,19
396,16,24,0,951.7,1,25
397,17,0,0,596.75,1,16
398,17,2,0,568.85,1,16
399,17,3,0,764.15,1,20
400,17,4,0,503.75,1,14
401,17,5,0,530.1,1,14
402,17,6,0,615.35,1,17
403,17,8,0,427.8,1,12
404,17,9,0,649.45,1,18
405,17,10,0,334.8,1,10
406,17,11,0,798.25,1,21
407,17,12,0,776.55,1,21
408,17,14,0,671.15,1,17
409,17,15,0,454.15,1,12
410,17,16,0,570.4,1,16
411,17,19,0,581.25,1,16
412,17,20,0,373.55,1,10
413,17,22,0,294.5,1,8
414,17,23,0,153.45,1,5
415,17,24,0,362.7,1,10
416,18,0,0,719.2,1,19
417,18,2,0,638.6,1,17
418,18,3,0,833.9,1,22
419,18,4,0,624.65,1,17
420,18,5,0,660.3,1,16
421,18,6,0,685.1,1,18
422,18,8,0,542.5,1,15
423,18,9,0,711.45,1,18
424,18,11,0,832.35,1,21
425,18,12,0,1038.5,1,27
426,18,14,0,798.25,1,21
427,18,16,0,686.65,1,19
428,18,20,0,438.65,1,12
429,19,0,0,615.35,1,17
430,19,2,0,643.25,1,17
431,19,4,0,390.6,1,11
432,19,6,0,824.6,1,22
433,19,9,0,954.8,1,25
434,19,10,0,909.85,1,24
435,19,11,0,748.65,1,20
436,19,12,0,523.9,1,14
437,19,13,0,565.75,1,14
438,19,15,0,1023,1,27
439,19,16,0,251.1,1,7
440,19,17,0,581.25,1,16
441,19,18,0,709.9,1,18
442,19,20,0,764.15,1,20
443,19,22,0,437.1,1,12
444,19,23,0,728.5,1,18
445,19,24,0,942.4,1,25
446,20,0,0,361.15,1,10
447,20,2,0,207.7,1,7
448,20,3,0,620,1,17
449,20,4,0,413.85,1,12
450,20,5,0,178.25,1,6
451,20,6,0,243.35,1,7
452,20,8,0,444.85,1,13
453,20,9,0,279,1,8
454,20,10,0,714.55,1,19
455,20,11,0,406.1,1,11
456,20,12,0,637.05,1,17
457,20,14,0,878.85,1,23
458,20,15,0,757.95,1,19
459,20,16,0,525.45,1,15
460,20,17,0,373.55,1,11
461,20,18,0,438.65,1,12
462,20,19,0,764.15,1,20
463,20,21,0,466.55,1,13
464,20,22,0,272.8,1,8
465,20,24,0,641.7,1,17
466,21,0,0,444.85,1,13
467,21,2,0,424.7,1,12
468,21,4,0,263.5,1,8
469,21,6,0,593.65,1,16
470,21,9,0,723.85,1,19
471,21,10,0,623.1,1,16
472,21,11,0,646.35,1,18
473,21,12,0,554.9,1,15
474,21,16,0,305.35,1,9
475,21,20,0,466.55,1,13
476,21,22,0,142.6,1,5
477,21,24,0,651,1,18
478,22,0,0,297.6,1,9
479,22,2,0,308.45,1,10
480,22,4,0,204.6,1,7
481,22,6,0,446.4,1,13
482,22,8,0,203.05,1,6
483,22,9,0,576.6,1,16
484,22,10,0,623.1,1,17
485,22,11,0,499.1,1,14
486,22,12,0,556.45,1,15
487,22,14,0,527,1,15
488,22,15,0,733.15,1,19
489,22,16,0,302.25,1,9
490,22,17,0,294.5,1,8
491,22,18,0,404.55,1,10
492,22,19,0,437.1,1,12
493,22,20,0,272.8,1,9
494,22,21,0,142.6,1,5
495,22,23,0,432.45,1,11
496,22,24,0,643.25,1,17
497,23,0,0,739.35,1,20
498,23,2,0,716.1,1,19
499,23,3,0,888.15,1,23
500,23,4,0,646.35,1,18
501,23,6,0,761.05,1,20
502,23,8,0,536.3,1,15
503,23,9,0,891.25,1,24
504,23,11,0,852.5,1,23
505,23,12,0,919.15,1,24
506,23,14,0,818.4,1,20
507,23,16,0,692.85,1,19
508,23,19,0,728.5,1,18
509,23,20,0,522.35,1,14
510,23,22,0,432.45,1,11
511,24,0,0,957.9,1,25
512,24,2,0,847.85,1,23
513,24,3,0,1108.25,1,29
514,24,4,0,861.8,1,23
515,24,6,0,877.3,1,23
516,24,8,0,801.35,1,21
517,24,9,0,1019.9,1,27
518,24,10,0,286.75,1,8
519,24,11,0,1021.45,1,27
520,24,12,0,1137.7,1,30
521,24,14,0,995.1,1,26
522,24,15,0,110.05,1,4
523,24,16,0,951.7,1,25
524,24,17,0,362.7,1,10
525,24,19,0,942.4,1,25
526,24,20,0,641.7,1,17
527,24,21,0,651,1,16
528,24,22,0,643.25,1,17
PATHS,600
Index,Shipment origin,Shipment destination,1st terminal on path,2nd terminal on path,.....,6th terminal on path
0,0,1,0,1
1,0,2,0,1,2
2,0,3,0,1,3
3,0,4,0,1,4
4,0,5,0,1,5
5,0,6,0,1,6
6,0,7,0,1,7
7,0,8,0,1,8
8,0,9,0,1,9
9,0,10,0,1,10
10,0,11,0,1,11
11,0,12,0,1,12
12,0,13,0,1,13
13,0,14,0,1,14
14,0,15,0,1,15
15,0,16,0,1,16
16,0,17,0,1,17
17,0,18,0,1,18
18,0,19,0,1,19
19,0,20,0,1,20
20,0,21,0,1,21
21,0,22,0,1,22
22,0,23,0,1,23
23,0,24,0,1,24
24,1,0,1,0
25,1,2,1,2
26,1,3,1,3
27,1,4,1,4
28,1,5,1,5
29,1,6,1,6
30,1,7,1,7
31,1,8,1,8
32,1,9,1,9
33,1,10,1,10
34,1,11,1,11
35,1,12,1,12
36,1,13,1,13
37,1,14,1,14
38,1,15,1,15
39,1,16,1,16
40,1,17,1,17
41,1,18,1,18
42,1,19,1,19
43,1,20,1,20
44,1,21,1,21
45,1,22,1,22
46,1,23,1,23
47,1,24,1,24
48,2,0,2,1,0
49,2,1,2,1
50,2,3,2,1,3
51,2,4,2,1,4
52,2,5,2,1,5
53,2,6,2,1,6
54,2,8,2,1,8
55,2,7,2,1,7
56,2,9,2,1,9
57,2,10,2,1,10
58,2,11,2,1,11
59,2,12,2,1,12
60,2,13,2,1,13
61,2,14,2,1,14
62,2,15,2,1,15
63,2,16,2,1,16
64,2,17,2,1,17
65,2,18,2,1,18
66,2,19,2,1,19
67,2,20,2,1,20
68,2,21,2,1,21
69,2,22,2,1,22
70,2,23,2,1,23
71,2,24,2,1,24
72,3,0,3,1,0
73,3,1,3,1
74,3,2,3,1,2
75,3,4,3,4
76,3,5,3,1,5
77,3,6,3,1,6
78,3,7,3,1,7
79,3,8,3,8
80,3,9,3,1,9
81,3,10,3,13,10
82,3,11,3,1,11
83,3,12,3,12
84,3,13,3,13
85,3,14,3,14
86,3,15,3,13,15
87,3,16,3,16
88,3,17,3,13,17
89,3,18,3,13,18
90,3,19,3,19
91,3,20,3,1,20
92,3,21,3,21
93,3,22,3,22
94,3,23,3,21,23
95,3,24,3,13,24
96,4,0,4,1,0
97,4,1,4,1
98,4,2,4,1,2
99,4,3,4,3
100,4,5,4,1,5
101,4,6,4,1,6
102,4,7,4,1,7
103,4,8,4,1,8
104,4,9,4,1,9
105,4,10,4,1,10
106,4,11,4,1,11
107,4,12,4,3,12
108,4,13,4,1,13
109,4,14,4,3,14
110,4,15,4,1,15
111,4,16,4,3,16
112,4,17,4,1,17
113,4,18,4,1,18
114,4,19,4,3,19
115,4,20,4,1,20
116,4,21,4,1,21
117,4,22,4,1,22
118,4,23,4,1,23
119,4,24,4,1,24
120,5,0,5,1,0
121,5,1,5,1
122,5,2,5,1,2
123,5,3,5,1,3
124,5,4,5,1,4
125,5,6,5,1,6
126,5,7,5,1,7
127,5,8,5,1,8
128,5,9,5,1,9
129,5,10,5,13,10
130,5,11,5,1,11
131,5,12,5,1,12
132,5,13,5,13
133,5,14,5,1,14
134,5,15,5,13,15
135,5,16,5,1,16
136,5,17,5,13,17
137,5,18,5,13,18
138,5,19,5,13,21,19
139,5,20,5,13,20
140,5,21,5,13,21
141,5,22,5,1,22
142,5,23,5,13,23
143,5,24,5,13,24
144,6,0,6,1,0
145,6,1,6,1
146,6,2,6,1,2
147,6,3,6,1,3
148,6,4,6,1,4
149,6,5,6,1,5
150,6,7,6,1,7
151,6,8,6,1,8
152,6,9,6,1,9
153,6,10,6,1,10
154,6,11,6,1,11
155,6,12,6,1,12
156,6,13,6,1,13
157,6,14,6,1,14
158,6,15,6,1,15
159,6,16,6,1,16
160,6,17,6,1,17
161,6,18,6,1,18
162,6,19,6,1,19
163,6,20,6,1,20
164,6,21,6,1,21
165,6,22,6,1,22
166,6,23,6,1,23
167,6,24,6,1,24
168,7,0,7,1,0
169,7,1,7,1
170,7,2,7,1,2
171,7,3,7,3
172,7,4,7,4
173,7,5,7,1,5
174,7,6,7,3,6
175,7,8,7,3,8
176,7,9,7,1,9
177,7,10,7,1,9
178,7,11,7,3,11
179,7,12,7,4,12
180,7,13,7,4,13
181,7,14,7,4,14
182,7,15,7,4,15
183,7,16,7,4,16
184,7,17,7,1,17
185,7,18,7,1,18
186,7,19,7,1,19
187,7,20,7,1,20
188,7,21,7,1,21
189,7,22,7,1,22
190,7,23,7,1,23
191,7,24,7,1,24
192,8,0,8,1,0
193,8,1,8,1
194,8,2,8,1,2
195,8,3,8,3
196,8,4,8,1,4
197,8,5,8,1,5
198,8,6,8,1,6
199,8,7,8,1,7
200,8,9,8,1,9
201,8,10,8,21,23,10
202,8,11,8,1,11
203,8,12,8,3,12
204,8,13,8,21,13
205,8,14,8,21,14
206,8,15,8,21,13,15
207,8,16,8,3,16
208,8,17,8,21,17
209,8,18,8,21,18
210,8,19,8,21,19
211,8,20,8,1,20
212,8,21,8,21
213,8,22,8,1,22
214,8,23,8,21,23
215,8,24,8,21,13,24
216,9,0,9,1,0
217,9,1,9,1
218,9,2,9,1,2
219,9,3,9,1,3
220,9,4,9,1,4
221,9,5,9,1,5
222,9,6,9,1,6
223,9,7,9,1,7
224,9,8,9,1,8
225,9,10,9,1,10
226,9,11,9,1,11
227,9,12,9,1,12
228,9,13,9,1,13
229,9,14,9,1,14
230,9,15,9,1,15
231,9,16,9,1,16
232,9,17,9,1,17
233,9,18,9,1,18
234,9,19,9,1,19
235,9,20,9,1,20
236,9,21,9,1,21
237,9,22,9,1,22
238,9,23,9,1,23
239,9,24,9,1,24
240,10,0,10,1,0
241,10,1,10,1
242,10,2,10,1,2
243,10,3,10,1,3
244,10,4,10,1,4
245,10,5,10,23,13,5
246,10,6,10,23,13,6
247,10,7,10,1,7
248,10,8,10,23,21,8
249,10,9,10,1,9
250,10,11,10,1,11
251,10,12,10,1,12
252,10,13,10,23,13
253,10,14,10,23,21,14
254,10,15,10,23,15
255,10,16,10,1,16
256,10,17,10,23,17
257,10,18,10,23,18
258,10,19,10,23,21,19
259,10,20,10,23,13,20
260,10,21,10,23,21
261,10,22,10,23,22
262,10,23,10,23
263,10,24,10,23,24
264,11,0,11,1,0
265,11,1,11,1
266,11,2,11,1,2
267,11,3,11,1,3
268,11,4,11,1,4
269,11,5,11,1,5
270,11,6,11,1,6
271,11,7,11,1,7
272,11,8,11,1,8
273,11,9,11,1,9
274,11,10,11,13,10
275,11,12,11,1,12
276,11,13,11,13
277,11,14,11,1,14
278,11,15,11,13,15
279,11,16,11,1,16
280,11,17,11,13,17
281,11,18,11,13,18
282,11,19,11,1,19
283,11,20,11,1,20
284,11,21,11,1,21
285,11,22,11,1,22
286,11,23,11,13,23
287,11,24,11,13,24
288,12,0,12,1,0
289,12,1,12,1
290,12,2,12,1,2
291,12,3,12,3
292,12,4,12,3,4
293,12,5,12,1,5
294,12,6,12,1,6
295,12,7,12,1,7
296,12,8,12,3,8
297,12,9,12,1,9
298,12,10,12,1,10
299,12,11,12,1,11
300,12,13,12,3,13
301,12,14,12,3,14
302,12,15,12,1,15
303,12,16,12,3,16
304,12,17,12,1,17
305,12,18,12,1,18
306,12,19,12,3,19
307,12,20,12,1,20
308,12,21,12,3,21
309,12,22,12,3,22
310,12,23,12,1,23
311,12,24,12,1,24
312,13,0,13,1,0
313,13,1,13,1
314,13,2,13,1,2
315,13,3,13,3
316,13,4,13,4
317,13,5,13,5
318,13,6,13,6
319,13,7,13,1,7
320,13,8,13,21,8
321,13,9,13,1,9
322,13,10,13,10
323,13,11,13,11
324,13,12,13,3,12
325,13,14,13,21,14
326,13,15,13,15
327,13,16,13,1,16
328,13,17,13,17
329,13,18,13,18
330,13,19,13,21,19
331,13,20,13,20
332,13,21,13,21
333,13,22,13,22
334,13,23,13,23
335,13,24,13,24
336,14,0,14,1,0
337,14,1,14,1
338,14,2,14,1,2
339,14,3,14,3
340,14,4,14,3,4
341,14,5,14,1,5
342,14,6,14,1,6
343,14,7,14,1,7
344,14,8,14,3,8
345,14,9,14,1,9
346,14,10,14,21,23,10
347,14,11,14,1,11
348,14,12,14,3,12
349,14,13,14,21,13
350,14,15,14,21,13,15
351,14,16,14,3,16
352,14,17,14,21,17
353,14,18,14,21,18
354,14,19,14,1,19
355,14,20,14,1,20
356,14,21,14,21
357,14,22,14,1,22
358,14,23,14,21,23
359,14,24,14,21,13,24
360,15,0,15,1,0
361,15,1,15,1
362,15,2,15,1,2
363,15,3,15,13,3
364,15,4,15,1,4
365,15,5,15,13,5
366,15,6,15,13,6
367,15,7,15,1,7
368,15,8,15,21,8
369,15,9,15,1,9
370,15,10,15,10
371,15,11,15,1,11
372,15,12,15,1,12
373,15,13,15,13
374,15,14,15,21,14
375,15,16,15,1,16
376,15,17,15,17
377,15,18,15,18
378,15,19,15,21,19
379,15,20,15,13,20
380,15,21,15,21
381,15,22,15,13,22
382,15,23,15,23
383,15,24,15,24
384,16,0,16,1,0
385,16,1,16,1
386,16,2,16,1,2
387,16,3,16,3
388,16,4,16,3,4
389,16,5,16,1,5
390,16,6,16,1,6
391,16,7,16,1,7
392,16,8,16,3,8
393,16,9,16,1,9
394,16,10,16,13,10
395,16,11,16,1,11
396,16,12,16,3,12
397,16,13,16,13
398,16,14,16,3,14
399,16,15,16,13,15
400,16,17,16,13,17
401,16,18,16,13,18
402,16,19,16,3,19
403,16,20,16,1,20
404,16,21,16,21
405,16,22,16,3,22
406,16,23,16,13,23
407,16,24,16,13,24
408,17,0,17,1,0
409,17,1,17,1
410,17,2,17,1,2
411,17,3,17,13,3
412,17,4,17,1,4
413,17,5,17,13,5
414,17,6,17,13,6
415,17,7,17,1,7
416,17,8,17,21,8
417,17,9,17,1,9
418,17,10,17,13,10
419,17,11,17,1,11
420,17,12,17,1,12
421,17,13,17,13
422,17,14,17,21,14
423,17,15,17,13,15
424,17,16,17,1,16
425,17,18,17,18
426,17,19,17,21,19
427,17,20,17,13,20
428,17,21,17,21
429,17,22,17,13,22
430,17,23,17,13,23
431,17,24,17,13,24
432,18,0,18,1,0
433,18,1,18,1
434,18,2,18,1,2
435,18,3,18,13,3
436,18,4,18,1,4
437,18,5,18,13,5
438,18,6,18,13,6
439,18,7,18,1,7
440,18,8,18,21,8
441,18,9,18,13,1,9
442,18,10,18,10
443,18,11,18,1,11
444,18,12,18,1,12
445,18,13,18,13
446,18,14,18,21,14
447,18,15,18,15
448,18,16,18,1,16
449,18,17,18,17
450,18,19,18,21,19
451,18,20,18,13,20
452,18,21,18,21
453,18,22,18,13,22
454,18,23,18,23
455,18,24,18,24
456,19,0,19,1,0
457,19,1,19,1
458,19,2,19,1,2
459,19,3,19,3
460,19,4,19,3,4
461,19,5,19,1,5
462,19,6,19,1,6
463,19,7,19,1,7
464,19,8,19,21,8
465,19,9,19,1,9
466,19,10,19,1,10
467,19,11,19,1,11
468,19,12,19,3,12
469,19,13,19,21,13
470,19,14,19,1,14
471,19,15,19,21,13,15
472,19,16,19,3,16
473,19,17,19,21,17
474,19,18,19,21,18
475,19,20,19,1,20
476,19,21,19,21
477,19,22,19,1,22
478,19,23,19,21,23
479,19,24,19,21,13,24
480,20,0,20,1,0
481,20,1,20,1
482,20,2,20,1,2
483,20,3,20,1,3
484,20,4,20,1,4
485,20,5,20,1,5
486,20,6,20,1,6
487,20,7,20,1,7
488,20,8,20,1,8
489,20,9,20,1,9
490,20,10,20,13,10
491,20,11,20,1,11
492,20,12,20,1,12
493,20,13,20,13
494,20,14,20,1,14
495,20,15,20,13,15
496,20,16,20,1,16
497,20,17,20,13,17
498,20,18,20,13,18
499,20,19,20,1,19
500,20,21,20,1,21
501,20,22,20,13,22
502,20,23,20,13,23
503,20,24,20,13,24
504,21,0,21,1,0
505,21,1,21,1
506,21,2,21,1,2
507,21,3,21,3
508,21,4,21,1,4
509,21,5,21,13,5
510,21,6,21,13,6
511,21,7,21,1,7
512,21,8,21,8
513,21,9,21,1,9
514,21,10,21,23,10
515,21,11,21,1,11
516,21,12,21,3,12
517,21,13,21,13
518,21,14,21,14
519,21,15,21,13,15
520,21,16,21,3,16
521,21,17,21,17
522,21,18,21,18
523,21,19,21,19
524,21,20,21,1,20
525,21,22,21,1,22
526,21,23,21,23
527,21,24,21,13,24
528,22,0,22,1,0
529,22,1,22,1
530,22,2,22,1,2
531,22,3,22,3
532,22,4,22,1,4
533,22,5,22,13,5
534,22,6,22,1,6
535,22,7,22,1,7
536,22,8,22,1,8
537,22,9,22,1,9
538,22,10,22,13,10
539,22,11,22,1,11
540,22,12,22,3,12
541,22,13,22,13
542,22,14,22,1,14
543,22,15,22,13,15
544,22,16,22,1,16
545,22,17,22,13,17
546,22,18,22,13,18
547,22,19,22,1,19
548,22,20,22,13,20
549,22,21,22,1,21
550,22,23,22,13,23
551,22,24,22,13,24
552,23,0,23,1,0
553,23,1,23,1
554,23,2,23,1,2
555,23,3,23,1,3
556,23,4,23,1,4
557,23,5,23,13,5
558,23,6,23,13,6
559,23,7,23,1,7
560,23,8,23,21,8
561,23,9,23,1,9
562,23,10,23,10
563,23,11,23,1,11
564,23,12,23,1,12
565,23,13,23,13
566,23,14,23,21,14
567,23,15,23,15
568,23,16,23,1,16
569,23,17,23,17
570,23,18,23,18
571,23,19,23,21,19
572,23,20,23,13,20
573,23,21,23,21
574,23,22,23,22
575,23,24,23,24
576,24,0,24,1,0
577,24,1,24,1
578,24,2,24,1,2
579,24,3,24,13,3
580,24,4,24,1,4
581,24,5,24,13,5
582,24,6,24,13,6
583,24,7,24,1,7
584,24,8,24,18,21,8
585,24,9,24,13,1,9
586,24,10,24,23,10
587,24,11,24,13,11
588,24,12,24,1,12
589,24,13,24,13
590,24,14,24,18,21,14
591,24,15,24,15
592,24,16,24,1,16
593,24,17,24,13,17
594,24,18,24,18
595,24,19,24,18,21,19
596,24,20,24,13,20
597,24,21,24,18,21
598,24,22,24,13,22
599,24,23,24,23
COMMODITIES,650
Index,Origin,Destination,Demand/Size,Earliest available time,Latest delivery time
0,16,12,0.199579,90,196
1,4,12,0.177373,86,195
2,21,8,0.464877,42,143
3,1,8,0.0394399,136,241
4,13,22,0.241807,134,237
5,17,21,0.28375,90,194
6,13,20,0.480911,138,240
7,2,0,0.0466672,88,196
8,19,17,0.292677,86,198
9,3,22,0.998572,38,147
10,22,1,0.234836,184,288
11,10,9,0.401836,90,221
12,5,15,0.441069,88,208
13,0,18,0.78525,42,161
14,15,20,0.0483097,88,206
15,16,2,0.332788,136,247
16,22,20,0.497449,88,197
17,24,5,0.0399487,40,157
18,16,9,0.271101,38,154
19,19,24,0.417537,88,211
20,9,12,0.00454545,86,204
21,18,0,0.230945,42,160
22,19,16,0.116585,42,154
23,14,1,0.523244,138,250
24,12,17,0.00635159,40,162
25,13,20,0.614422,134,236
26,23,11,0.365141,42,163
27,19,17,0.309575,88,200
28,0,13,0.358995,86,201
29,22,12,0.468859,138,251
30,16,1,0.395571,38,142
31,22,8,0.327976,40,153
32,13,22,0.205191,138,241
33,16,21,0.696134,40,145
34,11,8,0.435286,90,203
35,24,8,0.0526907,136,255
36,1,3,0.506133,38,142
37,4,14,0.479577,40,155
38,13,12,0.121693,90,213
39,4,16,0.45036,38,147
40,22,14,0.244225,138,258
41,19,16,0.105885,88,200
42,8,16,0.0111652,134,244
43,1,11,0.389018,136,240
44,23,10,0.193802,186,288
45,6,4,0.0188001,134,245
46,16,13,0.972235,42,155
47,8,13,0.289062,136,245
48,18,2,0.473026,136,256
49,8,9,0.250837,42,159
50,17,0,0.00962038,134,249
51,20,14,0.348456,134,256
52,17,11,0.108915,38,156
53,0,6,0.114684,40,150
54,5,14,0.33299,136,263
55,13,15,0.52274,138,248
56,0,19,0.238347,136,250
57,6,14,0.0181129,86,207
58,15,8,0.0613469,88,209
59,2,23,0.0964689,134,255
60,11,16,0.384514,86,198
61,14,0,0.899026,88,205
62,15,1,0.709749,38,158
63,15,22,0.64694,42,161
64,21,11,0.0574095,86,201
65,2,21,0.00472138,134,248
66,19,8,0.456656,42,151
67,24,3,0.016561,38,167
68,21,23,0.321708,42,149
69,24,20,0.0356798,90,203
70,12,9,0.220823,138,256
71,17,1,0.0967233,90,200
72,10,21,0.0479305,136,251
73,18,2,0.431369,38,158
74,1,16,0.486597,134,238
75,24,1,0.881575,40,160
76,19,11,0.631716,38,155
77,22,13,0.791429,182,285
78,22,16,0.126054,138,250
79,13,17,0.713099,138,240
80,14,10,0.189201,88,211
81,15,8,0.124547,136,257
82,21,8,0.482121,186,287
83,16,9,0.254968,90,206
84,23,17,0.157072,90,191
85,23,6,0.702367,136,253
86,18,17,0.0866253,38,139
87,19,15,0.538117,134,260
88,18,10,0.564915,182,288
89,16,12,0.177052,138,244
90,8,15,0.0391957,88,211
91,14,2,0.0979067,86,205
92,6,3,0.247805,42,155
93,11,8,0.373605,88,201
94,23,6,0.628153,138,255
95,9,16,0.979819,40,156
96,18,1,0.0533902,88,201
97,19,11,0.654178,42,159
98,21,18,0.22273,42,151
99,1,6,0.214721,40,145
100,13,17,0.979982,90,192
101,1,5,0.247954,136,247
102,0,9,0.133145,138,251
103,9,16,0.86225,42,158
104,12,18,0.135449,136,260
105,23,11,0.215572,90,211
106,3,5,0.878222,42,161
107,12,23,0.0672761,88,212
108,12,16,0.634791,38,144
109,1,4,0.245669,138,240
110,24,3,0.0172259,88,217
111,8,3,0.84127,136,241
112,3,22,0.0864303,86,195
113,8,3,0.118844,88,193
114,11,16,0.371679,90,202
115,13,6,0.939194,90,198
116,14,17,0.08927,134,248
117,4,0,0.13083,134,241
118,11,4,0.155912,134,244
119,3,1,0.821696,134,238
120,11,8,0.385221,136,249
121,11,17,0.317951,88,206
122,21,22,0.0211075,40,155
123,22,10,0.0679977,134,249
124,24,13,0.5796,134,241
125,2,1,0.333762,42,145
126,11,18,0.202681,88,207
127,2,14,0.674906,38,157
128,17,10,0.596843,138,252
129,19,2,0.0220008,40,156
130,21,24,0.282413,42,157
131,16,2,0.324202,38,149
132,24,20,0.193192,40,153
133,2,15,0.311637,40,167
134,1,8,0.928928,38,143
135,14,0,0.67375,134,251
136,4,12,0.178403,134,243
137,8,16,0.0122143,40,150
138,15,5,0.453248,38,160
139,23,12,0.378546,42,165
140,18,2,0.431663,90,210
141,4,6,0.0661499,42,153
142,8,19,0.0944756,90,199
143,19,15,0.505735,86,212
144,3,1,0.50114,42,146
145,13,20,0.510463,42,144
146,22,15,0.129109,138,255
147,16,11,0.721556,90,202
148,3,22,0.325027,134,243
149,3,22,0.116238,136,245
150,20,22,0.270687,138,247
151,3,18,0.494317,40,163
152,0,12,0.260894,42,153
153,11,14,0.483989,90,210
154,10,15,0.4758,38,151
155,4,14,0.497875,138,253
156,11,0,0.969624,134,243
157,20,16,0.0149827,90,204
158,22,8,0.276903,134,247
159,20,12,0.0182898,90,206
160,17,1,0.411366,138,248
161,2,0,0.0460038,40,148
162,18,15,0.0398114,136,242
163,1,16,0.626198,90,194
164,21,20,0.00706296,42,159
165,4,21,0.0127832,38,151
166,1,0,0.228562,136,237
167,2,1,0.520758,184,287
168,13,11,0.953794,136,249
169,15,24,0.918305,134,234
170,15,21,0.17921,88,204
171,12,10,0.755683,42,174
172,0,20,0.798003,40,151
173,3,16,0.202373,90,191
174,6,16,0.392382,88,201
175,1,14,0.694692,134,246
176,19,12,0.0366272,90,202
177,1,12,0.229177,90,196
178,22,14,0.266413,136,256
179,18,8,0.63189,86,198
180,20,17,0.402489,40,148
181,20,15,0.417753,86,202
182,14,16,0.115999,90,202
183,14,12,0.178741,138,250
184,13,18,0.27062,182,285
185,12,2,0.0834312,136,249
186,14,13,0.956472,134,248
187,21,15,0.0791084,88,206
188,15,4,0.186711,136,262
189,19,3,0.639543,88,195
190,13,4,0.0808984,42,150
191,16,14,0.0651271,90,202
192,21,15,0.0727932,42,160
193,0,10,0.454419,88,215
194,8,15,0.0417231,138,261
195,24,5,0.0370209,86,203
196,13,23,0.502933,136,241
197,4,15,0.227486,88,214
198,16,2,0.297893,90,201
199,1,11,0.989374,40,144
200,14,12,0.160616,90,202
201,3,0,0.399107,38,147
202,17,16,0.0663198,40,158
203,0,1,0.78384,38,139
204,19,5,0.463599,134,258
205,19,3,0.126567,42,149
206,14,23,0.440467,86,203
207,11,1,0.287265,42,146
208,24,22,0.61428,42,156
209,24,14,0.154276,88,212
210,1,0,0.0946715,42,143
211,22,20,0.496762,138,247
212,22,16,0.134702,38,150
213,17,24,0.653553,90,203
214,24,2,0.3626,88,215
215,20,14,0.321208,88,210
216,3,0,0.353693,86,195
217,23,16,0.197716,86,207
218,2,20,0.0133518,40,153
219,18,19,0.108772,40,155
220,2,4,0.954262,90,199
221,16,20,0.198813,42,156
222,19,17,0.273926,134,246
223,19,18,0.215281,40,157
224,23,22,0.304664,134,241
225,16,20,0.221298,90,204
226,24,12,0.0404282,88,218
227,18,14,0.153972,90,207
228,0,10,0.492495,40,167
229,3,24,0.977861,40,167
230,14,10,0.192696,90,213
231,21,17,0.419656,88,192
232,1,9,0.775974,42,150
233,14,18,0.818065,88,207
234,4,15,0.247209,40,166
235,18,16,0.476299,88,209
236,24,13,0.594482,42,149
237,11,13,0.0196284,88,200
238,14,24,0.0330036,136,261
239,0,3,0.326126,88,197
240,15,6,0.197976,40,164
241,18,16,0.516449,38,159
242,1,24,0.36054,88,208
243,0,17,0.228385,86,203
244,14,0,0.911837,86,203
245,4,6,0.0626326,90,201
246,15,20,0.0430413,138,256
247,23,11,0.299151,138,259
248,19,2,0.0202801,86,202
249,16,8,0.103308,90,200
250,4,0,0.132875,40,147
251,2,1,0.15228,138,241
252,11,23,0.201339,138,259
253,15,13,0.0549959,90,202
254,12,15,0.420119,136,266
255,15,18,0.489298,90,196
256,22,14,0.260181,40,160
257,1,3,0.132633,138,242
258,4,0,0.157962,136,243
259,18,5,0.98633,134,247
260,23,1,0.778183,134,247
261,1,8,0.500222,86,191
262,16,1,0.825463,88,192
263,17,11,0.112302,134,252
264,1,23,0.771807,134,248
265,0,5,0.201121,38,154
266,16,11,0.736962,40,152
267,21,14,0.00944336,42,148
268,24,21,0.113684,88,202
269,12,3,0.637574,138,239
270,14,11,0.729334,88,208
271,19,16,0.118439,38,150
272,8,19,0.0838914,38,147
273,12,19,0.0494519,90,202
274,12,20,0.722363,136,252
275,10,19,0.456543,38,161
276,21,20,0.00751894,90,207
277,15,21,0.117056,138,254
278,16,15,0.608168,138,265
279,1,17,0.666144,40,152
280,18,4,0.74901,136,255
281,18,19,0.0639037,88,203
282,3,24,0.0537688,138,265
283,0,17,0.252534,90,207
284,14,21,0.812246,138,244
285,16,20,0.233163,134,248
286,15,22,0.702031,40,159
287,17,18,0.446513,182,283
288,11,13,0.380269,42,154
289,24,8,0.0586569,134,253
290,8,1,0.548449,182,287
291,16,13,0.872888,138,251
292,21,17,0.366009,90,194
293,19,24,0.447078,38,161
294,6,3,0.245016,136,249
295,18,24,0.463637,40,143
296,18,6,0.787699,38,153
297,3,4,0.0164439,86,190
298,3,6,0.206727,88,201
299,13,17,0.0403838,186,288
300,6,4,0.0164432,38,149
301,22,4,0.0341152,136,246
302,23,16,0.186535,136,257
303,23,12,0.342066,88,211
304,14,13,0.985922,86,200
305,19,1,0.0648589,38,147
306,23,6,0.637821,88,205
307,18,15,0.0611321,138,244
308,16,20,0.193727,38,152
309,10,18,0.420501,138,244
310,17,16,0.07497,138,256
311,14,3,0.72385,136,243
312,23,1,0.884685,86,199
313,21,1,0.126781,40,147
314,24,13,0.682197,40,147
315,12,22,0.230922,138,252
316,12,23,0.0738912,86,210
317,11,16,0.396838,88,200
318,1,8,0.724643,134,239
319,17,24,0.691134,88,201
320,23,15,0.12717,40,147
321,13,1,0.259727,38,147
322,24,20,0.130951,134,247
323,18,5,0.138811,38,151
324,0,21,0.465589,38,150
325,6,16,0.378985,38,151
326,22,19,0.125371,86,203
327,16,18,0.168851,138,258
328,24,15,0.333077,134,234
329,12,23,0.0643637,138,262
330,1,18,0.910694,38,152
331,0,3,0.363285,90,199
332,23,3,0.691735,90,211
333,23,22,0.299104,90,197
334,2,1,0.21073,40,143
335,4,6,0.0736656,40,151
336,5,17,0.433192,88,200
337,16,8,0.97504,38,148
338,17,5,0.255428,136,248
339,21,24,0.289724,90,205
340,18,16,0.491528,40,161
341,5,23,0.810955,90,205
342,11,0,0.806747,88,197
343,3,17,0.134587,136,258
344,20,19,0.419102,40,159
345,19,24,0.445512,42,165
346,20,19,0.423629,90,209
347,10,1,0.418856,38,157
348,23,9,0.396787,86,211
349,11,21,0.299033,40,155
350,16,13,0.912643,136,249
351,22,14,0.24842,134,254
352,5,20,0.348648,90,202
353,5,16,0.390369,86,205
354,3,24,0.956506,136,263
355,13,12,0.130078,38,161
356,21,3,0.2226,90,199
357,22,21,0.486671,134,249
358,0,5,0.199151,90,206
359,15,17,0.393552,42,150
360,12,13,0.194113,90,211
361,3,1,0.527171,136,240
362,6,3,0.242881,40,153
363,22,20,0.513841,134,243
364,11,22,0.915627,136,248
365,15,1,0.498193,90,210
366,15,4,0.219755,38,164
367,10,16,0.110982,136,263
368,14,4,0.218279,42,157
369,11,23,0.852835,86,207
370,13,19,0.688988,40,152
371,24,5,0.0352152,138,255
372,13,10,0.196543,134,242
373,19,2,0.0221202,138,254
374,24,22,0.599648,90,204
375,23,19,0.016758,86,203
376,0,20,0.781279,90,201
377,1,9,0.638511,38,146
378,4,1,0.775911,86,188
379,15,24,0.682423,138,238
380,9,1,0.528518,136,244
381,1,2,0.264501,182,285
382,11,23,0.100988,88,209
383,16,6,0.101196,138,251
384,18,17,0.540081,42,143
385,5,13,0.241289,38,144
386,22,16,0.115481,88,200
387,15,16,0.421706,138,266
388,1,4,0.722474,40,142
389,21,17,0.408335,134,238
390,20,14,0.371999,38,160
391,1,9,0.294305,90,198
392,0,5,0.186045,42,158
393,1,18,0.280395,136,250
394,1,4,0.82216,134,236
395,0,12,0.260838,90,201
396,17,20,0.276703,138,246
397,14,2,0.0879369,38,157
398,23,1,0.518451,138,251
399,13,17,0.703503,134,236
400,11,17,0.347186,38,156
401,14,23,0.418944,136,253
402,10,24,0.806207,136,247
403,23,11,0.390914,40,161
404,18,24,0.75576,134,237
405,3,14,0.191819,88,195
406,23,1,0.173455,88,201
407,11,16,0.377878,134,246
408,17,16,0.0683642,90,208
409,16,18,0.17209,86,206
410,4,0,0.139704,88,195
411,11,19,0.31041,88,205
412,14,23,0.406117,38,155
413,14,10,0.196263,138,261
414,2,17,0.12553,88,207
415,10,6,0.0817904,136,259
416,17,18,0.445631,186,287
417,15,10,0.030206,38,141
418,17,5,0.232916,38,150
419,1,4,0.344683,88,190
420,3,1,0.846399,86,190
421,13,2,0.295514,86,202
422,15,5,0.441921,42,164
423,10,14,0.116635,134,259
424,17,9,0.357205,136,258
425,2,3,0.363533,38,149
426,14,0,0.804415,40,157
427,4,14,0.441018,88,203
428,0,20,0.825351,42,153
429,0,19,0.279766,88,202
430,21,18,0.225382,90,199
431,16,1,0.730757,182,286
432,3,12,0.193582,182,283
433,16,13,0.905419,38,151
434,24,18,0.768891,182,285
435,16,11,0.700956,86,198
436,16,11,0.764575,134,246
437,4,0,0.136123,86,193
438,1,6,0.972883,182,287
439,14,2,0.0971549,40,159
440,13,2,0.312978,134,250
441,24,15,0.838479,42,142
442,2,19,0.272854,38,154
443,5,20,0.316489,134,246
444,0,10,0.493118,136,263
445,15,21,0.201021,38,154
446,12,6,0.147533,138,253
447,18,12,0.404842,86,209
448,12,17,0.00674547,90,212
449,8,15,0.0394862,42,165
450,15,4,0.189132,134,260
451,6,16,0.383506,134,247
452,10,5,0.0247508,86,207
453,6,16,0.407883,42,155
454,3,5,0.935213,134,253
455,18,8,0.348658,88,200
456,8,15,0.0397739,134,257
457,20,4,0.00761921,90,202
458,15,8,0.990025,90,211
459,1,20,0.013341,40,146
460,15,1,0.500214,40,160
461,16,9,0.242409,42,158
462,8,2,0.0306101,90,202
463,18,20,0.174563,136,245
464,18,0,0.237084,88,206
465,5,1,0.422954,90,201
466,20,15,0.43938,38,154
467,15,10,0.64567,134,237
468,1,16,0.303862,136,240
469,10,24,0.908625,42,153
470,14,3,0.241064,40,147
471,12,20,0.721731,134,250
472,21,14,0.00820175,138,244
473,13,22,0.309882,86,189
474,11,19,0.331539,40,157
475,10,16,0.104709,86,213
476,19,24,0.42267,90,213
477,16,8,0.814455,136,246
478,6,14,0.0168149,136,257
479,8,17,0.332854,90,199
480,22,19,0.120606,138,255
481,2,1,0.331036,182,285
482,18,15,0.626368,40,146
483,23,12,0.326636,138,261
484,5,13,0.36713,88,194
485,9,1,0.529414,42,150
486,8,2,0.0365549,86,198
487,0,16,0.686805,134,243
488,17,15,0.25885,138,254
489,22,6,0.331987,86,199
490,21,23,0.330925,134,241
491,1,22,0.80132,134,238
492,18,1,0.852614,42,155
493,20,10,0.423404,138,252
494,2,23,0.105398,42,163
495,22,24,0.432272,90,204
496,23,6,0.62925,90,207
497,5,16,0.394908,38,157
498,20,14,0.343964,86,208
499,22,2,0.672834,40,151
500,21,19,0.367635,40,144
501,23,10,0.56958,40,142
502,5,13,0.434909,90,196
503,11,4,0.118102,88,198
504,17,11,0.112112,86,204
505,3,21,0.616028,40,150
506,13,2,0.289491,136,252
507,19,18,0.0941468,86,203
508,0,3,0.313658,86,195
509,13,0,0.656134,42,156
510,15,14,0.453625,134,260
511,14,0,0.617528,42,159
512,13,22,0.278999,184,287
513,17,15,0.254479,86,202
514,8,23,0.248637,42,154
515,14,15,0.701576,40,168
516,1,4,0.441344,136,238
517,1,11,0.66689,86,190
518,23,1,0.801379,90,203
519,2,20,0.000593679,90,203
520,1,22,0.543643,90,194
521,17,24,0.700253,40,153
522,1,12,0.436724,138,244
523,24,6,0.428401,138,257
524,15,1,0.67734,42,162
525,1,12,0.353026,182,288
526,3,4,0.0397568,134,238
527,10,21,0.0460257,90,205
528,14,16,0.0867389,134,246
529,8,16,0.0119932,38,148
530,0,6,0.11611,138,248
531,20,1,0.450388,138,244
532,18,20,0.811975,90,199
533,22,1,0.2088,42,146
534,20,13,0.74946,184,286
535,0,24,0.532174,42,167
536,20,12,0.017057,40,156
537,8,3,0.688136,134,239
538,19,2,0.0192049,134,250
539,19,8,0.401045,88,197
540,13,10,0.563505,90,198
541,23,14,0.466681,86,205
542,20,19,0.458704,38,157
543,1,20,0.806958,182,288
544,8,18,0.166259,90,204
545,4,24,0.318662,134,260
546,1,16,0.128502,138,242
547,10,19,0.472319,136,259
548,15,21,0.192199,134,250
549,18,16,0.520482,138,259
550,23,3,0.682433,40,161
551,21,5,0.00454545,86,200
552,13,14,0.203792,86,200
553,3,16,0.509285,38,139
554,10,9,0.367849,40,171
555,13,14,0.072172,40,154
556,14,1,0.745607,40,152
557,23,22,0.0145969,138,245
558,10,3,0.0521107,86,213
559,17,8,0.211011,138,247
560,1,9,0.922303,136,244
561,18,5,0.0584208,138,251
562,20,4,0.00726878,134,246
563,16,13,0.98338,88,201
564,16,6,0.107609,90,203
565,20,1,0.824764,86,192
566,16,11,0.754183,138,250
567,15,10,0.704238,138,241
568,18,12,0.417734,40,163
569,17,15,0.348846,40,156
570,1,23,0.335506,38,152
571,19,13,0.531208,40,152
572,19,2,0.0207267,38,154
573,4,23,0.14348,42,162
574,15,14,0.546912,88,214
575,12,20,0.719836,90,206
576,21,24,0.306924,138,253
577,11,3,0.642401,88,200
578,10,18,0.551154,90,196
579,13,5,0.320749,88,194
580,1,12,0.816887,38,144
581,2,3,0.311358,136,247
582,8,3,0.771408,38,143
583,2,19,0.301205,42,158
584,19,18,0.960629,136,253
585,22,10,0.0710086,40,155
586,3,0,0.384485,88,197
587,14,24,0.0324251,86,211
588,16,11,0.702966,136,248
589,17,2,0.0383434,90,207
590,11,3,0.738444,136,248
591,21,12,0.0133737,38,152
592,0,20,0.80214,134,245
593,11,19,0.361818,42,159
594,8,15,0.0402858,40,163
595,13,11,0.973152,134,247
596,15,13,0.219412,134,246
597,15,24,0.308275,90,190
598,4,16,0.459085,88,197
599,6,4,0.0188726,136,247
600,8,4,0.00840136,90,201
601,17,21,0.288849,42,146
602,3,0,0.362738,136,245
603,19,8,0.450902,38,147
604,5,24,0.0662856,134,251
605,22,0,0.186469,86,195
606,11,23,0.82162,40,161
607,16,15,0.573077,40,167
608,14,18,0.815558,38,157
609,14,23,0.385683,42,159
610,16,14,0.117774,38,150
611,21,20,0.00657271,86,203
612,21,22,0.0201618,42,157
613,1,22,0.714936,138,242
614,22,1,0.629892,182,286
615,8,1,0.629498,88,193
616,18,16,0.512195,42,163
617,22,13,0.701766,90,193
618,0,17,0.225867,38,155
619,12,19,0.0496483,38,150
620,17,23,0.422986,38,149
621,17,20,0.265179,40,148
622,0,22,0.262298,136,245
623,0,24,0.542721,138,263
624,23,1,0.536877,40,153
625,0,24,0.520483,86,211
626,24,17,0.717134,138,251
627,13,1,0.886565,42,151
628,1,11,0.9203,38,142
629,3,11,0.417949,40,152
630,24,22,0.741483,86,200
631,10,6,0.0844532,40,163
632,5,14,0.284417,40,167
633,12,10,0.857929,86,218
634,5,12,0.0150859,38,159
635,1,11,0.971227,134,238
636,4,16,0.497262,40,149
637,24,15,0.0148911,40,140
638,10,14,0.115955,138,263
639,24,22,0.761224,38,152
640,14,16,0.113183,88,200
641,21,22,0.022593,90,205
642,23,6,0.661393,42,159
643,22,4,0.0369484,88,198
644,22,14,0.233559,42,162
645,3,1,0.468437,88,192
646,12,13,0.196162,134,255
647,1,20,0.949858,134,240
648,23,2,0.095486,86,206
649,22,1,0.607161,136,240
