NODES,25
INDEX,Name,X-coordinate,Y-coordinate
0,0,-,-
1,1,-,-
2,2,-,-
3,3,-,-
4,4,-,-
5,5,-,-
6,6,-,-
7,7,-,-
8,8,-,-
9,9,-,-
10,10,-,-
11,11,-,-
12,12,-,-
13,13,-,-
14,14,-,-
15,15,-,-
16,16,-,-
17,17,-,-
18,18,-,-
19,19,-,-
20,20,-,-
21,21,-,-
22,22,-,-
23,23,-,-
24,24,-,-
ARCS,529
Index,Origin,Destination,Variable Cost,Fixed Cost,Capacity,Travel time
0,0,1,0,117.8,1,5
1,1,0,0,117.8,1,5
2,1,2,0,234.05,1,7
3,1,3,0,260.4,1,8
4,1,4,0,175.15,1,6
5,1,5,0,486.7,1,15
6,1,6,0,323.95,1,9
7,1,8,0,323.95,1,9
8,1,9,0,447.95,1,12
9,1,10,0,883.5,1,26
10,1,11,0,255.75,1,8
11,1,12,0,387.5,1,10
12,1,13,0,489.8,1,14
13,1,14,0,525.45,1,16
14,1,15,0,1002.85,1,24
15,1,16,0,252.65,1,8
16,1,17,0,545.6,1,16
17,1,18,0,680.45,1,18
18,1,19,0,503.75,1,13
19,1,20,0,358.05,1,10
20,1,21,0,409.2,1,11
21,1,22,0,266.6,1,8
22,1,23,0,699.05,1,18
23,1,24,0,903.65,1,24
24,2,1,0,234.05,1,7
25,3,1,0,260.4,1,8
26,3,4,0,230.95,1,8
27,3,8,0,311.55,1,9
28,3,12,0,144.15,1,5
29,3,13,0,661.85,1,20
30,3,14,0,418.5,1,11
31,3,16,0,151.9,1,5
32,3,19,0,396.8,1,11
33,3,21,0,469.65,1,14
34,3,22,0,429.35,1,13
35,4,1,0,175.15,1,6
36,4,3,0,230.95,1,8
37,5,1,0,486.7,1,15
38,5,13,0,367.35,1,10
39,6,1,0,323.95,1,9
40,6,13,0,430.9,1,11
41,7,1,0,103.85,1,4
42,8,1,0,323.95,1,9
43,8,3,0,311.55,1,9
44,8,13,0,415.4,1,11
45,8,16,0,161.2,1,6
46,8,21,0,158.1,1,5
47,9,1,0,447.95,1,12
48,10,1,0,891.25,1,23
49,10,23,0,192.2,1,6
50,11,1,0,255.75,1,8
51,11,13,0,592.1,1,16
52,12,1,0,387.5,1,10
53,12,3,0,144.15,1,5
54,13,1,0,489.8,1,13
55,13,3,0,669.6,1,22
56,13,5,0,367.35,1,10
57,13,6,0,430.9,1,12
58,13,10,0,483.6,1,12
59,13,11,0,596.75,1,17
60,13,15,0,553.35,1,14
61,13,17,0,176.7,1,6
62,13,18,0,248,1,7
63,13,19,0,573.5,1,16
64,13,20,0,198.4,1,6
65,13,21,0,275.9,1,8
66,13,22,0,232.5,1,7
67,13,23,0,323.95,1,9
68,13,24,0,449.5,1,11
69,14,1,0,525.45,1,16
70,14,3,0,418.5,1,11
71,14,19,0,111.6,1,4
72,14,21,0,384.4,1,10
73,15,1,0,1002.85,1,24
74,15,13,0,553.35,1,16
75,15,18,0,350.3,1,10
76,15,21,0,747.1,1,20
77,15,23,0,412.3,1,11
78,16,1,0,252.65,1,8
79,16,3,0,151.9,1,5
80,16,8,0,161.2,1,6
81,16,13,0,581.25,1,17
82,16,21,0,305.35,1,9
83,17,1,0,544.05,1,14
84,17,13,0,176.7,1,6
85,17,18,0,127.1,1,5
86,17,21,0,292.95,1,8
87,18,1,0,666.5,1,17
88,18,10,0,308.45,1,10
89,18,13,0,248,1,7
90,18,15,0,350.3,1,10
91,18,17,0,127.1,1,5
92,18,19,0,719.2,1,19
93,18,21,0,421.6,1,11
94,18,22,0,421.6,1,13
95,18,23,0,116.25,1,4
96,18,24,0,237.15,1,7
97,19,1,0,503.75,1,13
98,19,3,0,396.8,1,11
99,19,8,0,240.25,1,7
100,19,14,0,111.6,1,4
101,19,21,0,297.6,1,8
102,20,1,0,358.05,1,10
103,20,13,0,198.4,1,6
104,20,23,0,522.35,1,15
105,21,1,0,409.2,1,11
106,21,3,0,458.8,1,13
107,21,8,0,158.1,1,5
108,21,13,0,275.9,1,8
109,21,14,0,384.4,1,10
110,21,15,0,829.25,1,22
111,21,17,0,292.95,1,8
112,21,18,0,420.05,1,13
113,21,19,0,297.6,1,8
114,21,23,0,440.2,1,11
115,22,1,0,266.6,1,8
116,22,3,0,429.35,1,12
117,22,13,0,232.5,1,7
118,23,1,0,699.05,1,17
119,23,10,0,192.2,1,6
120,23,13,0,323.95,1,9
121,23,15,0,412.3,1,11
122,23,17,0,153.45,1,5
123,23,18,0,116.25,1,4
124,23,21,0,446.4,1,13
125,23,24,0,305.35,1,9
126,24,1,0,903.65,1,24
127,24,13,0,449.5,1,11
128,24,18,0,237.15,1,7
129,24,23,0,305.35,1,9
130,0,2,0,161.2,1,6
131,0,3,0,353.4,1,10
132,0,4,0,285.2,1,9
133,0,5,0,474.3,1,13
134,0,6,0,246.45,1,8
135,0,8,0,427.8,1,12
136,0,9,0,379.75,1,11
137,0,10,0,931.55,1,25
138,0,11,0,158.1,1,5
139,0,12,0,401.45,1,11
140,0,14,0,632.4,1,17
141,0,15,0,1063.3,1,28
142,0,16,0,367.35,1,11
143,0,17,0,596.75,1,16
144,0,18,0,717.65,1,19
145,0,19,0,615.35,1,17
146,0,20,0,361.15,1,10
147,0,21,0,444.85,1,13
148,0,22,0,297.6,1,9
149,0,23,0,739.35,1,20
150,0,24,0,957.9,1,25
151,1,7,0,103.85,1,4
152,2,0,0,161.2,1,6
153,2,3,0,480.5,1,13
154,2,4,0,409.2,1,12
155,2,5,0,257.3,1,8
156,2,6,0,110.05,1,4
157,2,8,0,412.3,1,12
158,2,9,0,229.4,1,7
159,2,10,0,872.65,1,23
160,2,11,0,182.9,1,6
161,2,12,0,582.8,1,16
162,2,13,0,390.6,1,11
163,2,14,0,790.5,1,21
164,2,15,0,940.85,1,25
165,2,16,0,475.85,1,13
166,2,17,0,568.85,1,16
167,2,18,0,638.6,1,17
168,2,19,0,643.25,1,17
169,2,20,0,207.7,1,7
170,2,21,0,424.7,1,12
171,2,22,0,308.45,1,9
172,2,23,0,716.1,1,19
173,2,24,0,847.85,1,23
174,3,0,0,353.4,1,10
175,3,2,0,480.5,1,13
176,3,6,0,554.9,1,15
177,3,9,0,685.1,1,18
178,3,10,0,995.1,1,26
179,3,11,0,477.4,1,13
180,3,15,0,1224.5,1,32
181,3,17,0,764.15,1,20
182,3,18,0,833.9,1,22
183,3,20,0,620,1,17
184,3,23,0,888.15,1,23
185,3,24,0,1108.25,1,29
186,4,0,0,285.2,1,9
187,4,2,0,409.2,1,12
188,4,6,0,494.45,1,14
189,4,7,0,75.95,1,3
190,4,8,0,142.6,1,5
191,4,9,0,624.65,1,17
192,4,10,0,838.55,1,22
193,4,11,0,406.1,1,12
194,4,12,0,331.7,1,9
195,4,13,0,427.8,1,12
196,4,14,0,410.75,1,12
197,4,15,0,970.3,1,26
198,4,16,0,147.25,1,5
199,4,17,0,503.75,1,14
200,4,18,0,624.65,1,17
201,4,19,0,390.6,1,11
202,4,20,0,413.85,1,12
203,4,21,0,263.5,1,8
204,4,22,0,204.6,1,7
205,4,23,0,646.35,1,18
206,4,24,0,861.8,1,23
207,5,0,0,474.3,1,13
208,5,2,0,257.3,1,8
209,5,6,0,161.2,1,5
210,5,9,0,198.4,1,6
211,5,11,0,320.85,1,9
212,5,18,0,660.3,1,16
213,5,20,0,178.25,1,6
214,5,23,0,720.75,1,19
215,6,0,0,246.45,1,8
216,6,2,0,110.05,1,4
217,6,3,0,554.9,1,15
218,6,4,0,494.45,1,14
219,6,5,0,161.2,1,5
220,6,8,0,637.05,1,17
221,6,9,0,141.05,1,5
222,6,10,0,939.3,1,25
223,6,11,0,165.85,1,5
224,6,12,0,623.1,1,17
225,6,14,0,840.1,1,22
226,6,15,0,982.7,1,26
227,6,16,0,576.6,1,16
228,6,17,0,615.35,1,17
229,6,18,0,685.1,1,18
230,6,19,0,824.6,1,22
231,6,20,0,243.35,1,7
232,6,21,0,593.65,1,16
233,6,22,0,446.4,1,13
234,6,23,0,761.05,1,20
235,6,24,0,877.3,1,23
236,7,3,0,246.45,1,8
237,7,4,0,75.95,1,3
238,8,0,0,427.8,1,12
239,8,2,0,412.3,1,12
240,8,4,0,142.6,1,5
241,8,6,0,637.05,1,17
242,8,9,0,767.25,1,21
243,8,10,0,714.55,1,19
244,8,11,0,545.6,1,15
245,8,12,0,460.35,1,13
246,8,14,0,328.6,1,10
247,8,15,0,883.5,1,23
248,8,17,0,427.8,1,12
249,8,18,0,542.5,1,15
250,8,19,0,240.25,1,7
251,8,20,0,444.85,1,13
252,8,22,0,203.05,1,7
253,8,23,0,536.3,1,15
254,8,24,0,801.35,1,21
255,9,0,0,379.75,1,11
256,9,2,0,229.4,1,7
257,9,3,0,685.1,1,18
258,9,4,0,624.65,1,17
259,9,5,0,198.4,1,6
260,9,6,0,141.05,1,5
261,9,8,0,767.25,1,21
262,9,10,0,1069.5,1,28
263,9,11,0,297.6,1,8
264,9,12,0,753.3,1,20
265,9,13,0,469.65,1,12
266,9,14,0,652.55,1,18
267,9,15,0,1112.9,1,29
268,9,16,0,706.8,1,19
269,9,17,0,646.35,1,18
270,9,18,0,711.45,1,18
271,9,19,0,954.8,1,25
272,9,20,0,279,1,8
273,9,21,0,723.85,1,19
274,9,22,0,576.6,1,16
275,9,23,0,891.25,1,24
276,9,24,0,1019.9,1,27
277,10,0,0,931.55,1,25
278,10,2,0,872.65,1,23
279,10,3,0,995.1,1,26
280,10,4,0,838.55,1,22
281,10,6,0,939.3,1,25
282,10,8,0,714.55,1,19
283,10,9,0,1069.5,1,28
284,10,11,0,1133.05,1,30
285,10,12,0,1086.55,1,28
286,10,13,0,483.6,1,12
287,10,14,0,970.3,1,26
288,10,15,0,224.75,1,7
289,10,16,0,872.65,1,23
290,10,17,0,334.8,1,9
291,10,18,0,306.9,1,9
292,10,19,0,909.85,1,24
293,10,20,0,714.55,1,19
294,10,21,0,623.1,1,16
295,10,22,0,623.1,1,17
296,10,24,0,286.75,1,8
297,11,0,0,158.1,1,5
298,11,2,0,182.9,1,6
299,11,3,0,477.4,1,13
300,11,4,0,406.1,1,12
301,11,5,0,320.85,1,9
302,11,6,0,165.85,1,5
303,11,8,0,545.6,1,15
304,11,9,0,297.6,1,9
305,11,10,0,1133.05,1,30
306,11,12,0,523.9,1,14
307,11,14,0,770.35,1,21
308,11,15,0,1112.9,1,29
309,11,16,0,488.25,1,14
310,11,17,0,798.25,1,21
311,11,18,0,832.35,1,21
312,11,19,0,748.65,1,20
313,11,20,0,406.1,1,11
314,11,21,0,649.45,1,18
315,11,22,0,499.1,1,14
316,11,23,0,852.5,1,23
317,11,24,0,1021.45,1,27
318,12,0,0,401.45,1,11
319,12,2,0,582.8,1,16
320,12,4,0,331.7,1,10
321,12,6,0,623.1,1,17
322,12,8,0,460.35,1,13
323,12,9,0,753.3,1,20
324,12,10,0,1086.55,1,28
325,12,11,0,523.9,1,14
326,12,13,0,776.55,1,20
327,12,14,0,550.25,1,15
328,12,15,0,1233.8,1,32
329,12,16,0,296.05,1,9
330,12,17,0,776.55,1,21
331,12,18,0,1038.5,1,27
332,12,19,0,523.9,1,14
333,12,20,0,637.05,1,17
334,12,21,0,554.9,1,15
335,12,22,0,556.45,1,15
336,12,23,0,919.15,1,24
337,12,24,0,1137.7,1,30
338,13,2,0,390.6,1,11
339,13,4,0,427.8,1,12
340,13,8,0,415.4,1,11
341,13,9,0,469.65,1,12
342,13,14,0,655.65,1,17
343,13,16,0,530.1,1,14
344,14,0,0,632.4,1,17
345,14,2,0,790.5,1,21
346,14,4,0,410.75,1,12
347,14,6,0,840.1,1,22
348,14,8,0,328.6,1,10
349,14,9,0,652.55,1,18
350,14,10,0,970.3,1,26
351,14,11,0,770.35,1,21
352,14,12,0,550.25,1,15
353,14,13,0,655.65,1,17
354,14,15,0,1106.7,1,28
355,14,16,0,272.8,1,8
356,14,17,0,671.15,1,18
357,14,18,0,798.25,1,20
358,14,20,0,852.5,1,23
359,14,22,0,527,1,15
360,14,23,0,818.4,1,20
361,14,24,0,995.1,1,26
362,15,0,0,1063.3,1,28
363,15,2,0,940.85,1,25
364,15,3,0,1224.5,1,32
365,15,4,0,970.3,1,26
366,15,6,0,982.7,1,26
367,15,8,0,883.5,1,23
368,15,9,0,1112.9,1,29
369,15,10,0,224.75,1,7
370,15,11,0,1112.9,1,29
371,15,12,0,1233.8,1,32
372,15,14,0,1106.7,1,28
373,15,16,0,1027.65,1,27
374,15,17,0,454.15,1,12
375,15,19,0,1023,1,27
376,15,20,0,757.95,1,19
377,15,22,0,733.15,1,19
378,15,24,0,110.05,1,4
379,16,0,0,367.35,1,11
380,16,2,0,475.85,1,13
381,16,4,0,147.25,1,5
382,16,6,0,576.6,1,16
383,16,7,0,155,1,5
384,16,9,0,706.8,1,19
385,16,10,0,872.65,1,23
386,16,11,0,488.25,1,14
387,16,12,0,296.05,1,8
388,16,14,0,272.8,1,8
389,16,15,0,1027.65,1,27
390,16,17,0,570.4,1,16
391,16,18,0,686.65,1,19
392,16,19,0,251.1,1,7
393,16,20,0,525.45,1,15
394,16,22,0,302.25,1,9
395,16,23,0,692.85,1,19
396,16,24,0,951.7,1,25
397,17,0,0,596.75,1,16
398,17,2,0,568.85,1,16
399,17,3,0,764.15,1,20
400,17,4,0,503.75,1,14
401,17,5,0,530.1,1,14
402,17,6,0,615.35,1,17
403,17,8,0,427.8,1,12
404,17,9,0,649.45,1,18
405,17,10,0,334.8,1,10
406,17,11,0,798.25,1,21
407,17,12,0,776.55,1,21
408,17,14,0,671.15,1,17
409,17,15,0,454.15,1,12
410,17,16,0,570.4,1,16
411,17,19,0,581.25,1,16
412,17,20,0,373.55,1,10
413,17,22,0,294.5,1,8
414,17,23,0,153.45,1,5
415,17,24,0,362.7,1,10
416,18,0,0,719.2,1,19
417,18,2,0,638.6,1,17
418,18,3,0,833.9,1,22
419,18,4,0,624.65,1,17
420,18,5,0,660.3,1,16
421,18,6,0,685.1,1,18
422,18,8,0,542.5,1,15
423,18,9,0,711.45,1,18
424,18,11,0,832.35,1,21
425,18,12,0,1038.5,1,27
426,18,14,0,798.25,1,21
427,18,16,0,686.65,1,19
428,18,20,0,438.65,1,12
429,19,0,0,615.35,1,17
430,19,2,0,643.25,1,17
431,19,4,0,390.6,1,11
432,19,6,0,824.6,1,22
433,19,9,0,954.8,1,25
434,19,10,0,909.85,1,24
435,19,11,0,748.65,1,20
436,19,12,0,523.9,1,14
437,19,13,0,565.75,1,14
438,19,15,0,1023,1,27
439,19,16,0,251.1,1,7
440,19,17,0,581.25,1,16
441,19,18,0,709.9,1,18
442,19,20,0,764.15,1,20
443,19,22,0,437.1,1,12
444,19,23,0,728.5,1,18
445,19,24,0,942.4,1,25
446,20,0,0,361.15,1,10
447,20,2,0,207.7,1,7
448,20,3,0,620,1,17
449,20,4,0,413.85,1,12
450,20,5,0,178.25,1,6
451,20,6,0,243.35,1,7
452,20,8,0,444.85,1,13
453,20,9,0,279,1,8
454,20,10,0,714.55,1,19
455,20,11,0,406.1,1,11
456,20,12,0,637.05,1,17
457,20,14,0,878.85,1,23
458,20,15,0,757.95,1,19
459,20,16,0,525.45,1,15
460,20,17,0,373.55,1,11
461,20,18,0,438.65,1,12
462,20,19,0,764.15,1,20
463,20,21,0,466.55,1,13
464,20,22,0,272.8,1,8
465,20,24,0,641.7,1,17
466,21,0,0,444.85,1,13
467,21,2,0,424.7,1,12
468,21,4,0,263.5,1,8
469,21,6,0,593.65,1,16
470,21,9,0,723.85,1,19
471,21,10,0,623.1,1,16
472,21,11,0,646.35,1,18
473,21,12,0,554.9,1,15
474,21,16,0,305.35,1,9
475,21,20,0,466.55,1,13
476,21,22,0,142.6,1,5
477,21,24,0,651,1,18
478,22,0,0,297.6,1,9
479,22,2,0,308.45,1,10
480,22,4,0,204.6,1,7
481,22,6,0,446.4,1,13
482,22,8,0,203.05,1,6
483,22,9,0,576.6,1,16
484,22,10,0,623.1,1,17
485,22,11,0,499.1,1,14
486,22,12,0,556.45,1,15
487,22,14,0,527,1,15
488,22,15,0,733.15,1,19
489,22,16,0,302.25,1,9
490,22,17,0,294.5,1,8
491,22,18,0,404.55,1,10
492,22,19,0,437.1,1,12
493,22,20,0,272.8,1,9
494,22,21,0,142.6,1,5
495,22,23,0,432.45,1,11
496,22,24,0,643.25,1,17
497,23,0,0,739.35,1,20
498,23,2,0,716.1,1,19
499,23,3,0,888.15,1,23
500,23,4,0,646.35,1,18
501,23,6,0,761.05,1,20
502,23,8,0,536.3,1,15
503,23,9,0,891.25,1,24
504,23,11,0,852.5,1,23
505,23,12,0,919.15,1,24
506,23,14,0,818.4,1,20
507,23,16,0,692.85,1,19
508,23,19,0,728.5,1,18
509,23,20,0,522.35,1,14
510,23,22,0,432.45,1,11
511,24,0,0,957.9,1,25
512,24,2,0,847.85,1,23
513,24,3,0,1108.25,1,29
514,24,4,0,861.8,1,23
515,24,6,0,877.3,1,23
516,24,8,0,801.35,1,21
517,24,9,0,1019.9,1,27
518,24,10,0,286.75,1,8
519,24,11,0,1021.45,1,27
520,24,12,0,1137.7,1,30
521,24,14,0,995.1,1,26
522,24,15,0,110.05,1,4
523,24,16,0,951.7,1,25
524,24,17,0,362.7,1,10
525,24,19,0,942.4,1,25
526,24,20,0,641.7,1,17
527,24,21,0,651,1,16
528,24,22,0,643.25,1,17
PATHS,600
Index,Shipment origin,Shipment destination,1st terminal on path,2nd terminal on path,.....,6th terminal on path
0,0,1,0,1
1,0,2,0,1,2
2,0,3,0,1,3
3,0,4,0,1,4
4,0,5,0,1,5
5,0,6,0,1,6
6,0,7,0,1,7
7,0,8,0,1,8
8,0,9,0,1,9
9,0,10,0,1,10
10,0,11,0,1,11
11,0,12,0,1,12
12,0,13,0,1,13
13,0,14,0,1,14
14,0,15,0,1,15
15,0,16,0,1,16
16,0,17,0,1,17
17,0,18,0,1,18
18,0,19,0,1,19
19,0,20,0,1,20
20,0,21,0,1,21
21,0,22,0,1,22
22,0,23,0,1,23
23,0,24,0,1,24
24,1,0,1,0
25,1,2,1,2
26,1,3,1,3
27,1,4,1,4
28,1,5,1,5
29,1,6,1,6
30,1,7,1,7
31,1,8,1,8
32,1,9,1,9
33,1,10,1,10
34,1,11,1,11
35,1,12,1,12
36,1,13,1,13
37,1,14,1,14
38,1,15,1,15
39,1,16,1,16
40,1,17,1,17
41,1,18,1,18
42,1,19,1,19
43,1,20,1,20
44,1,21,1,21
45,1,22,1,22
46,1,23,1,23
47,1,24,1,24
48,2,0,2,1,0
49,2,1,2,1
50,2,3,2,1,3
51,2,4,2,1,4
52,2,5,2,1,5
53,2,6,2,1,6
54,2,8,2,1,8
55,2,7,2,1,7
56,2,9,2,1,9
57,2,10,2,1,10
58,2,11,2,1,11
59,2,12,2,1,12
60,2,13,2,1,13
61,2,14,2,1,14
62,2,15,2,1,15
63,2,16,2,1,16
64,2,17,2,1,17
65,2,18,2,1,18
66,2,19,2,1,19
67,2,20,2,1,20
68,2,21,2,1,21
69,2,22,2,1,22
70,2,23,2,1,23
71,2,24,2,1,24
72,3,0,3,1,0
73,3,1,3,1
74,3,2,3,1,2
75,3,4,3,4
76,3,5,3,1,5
77,3,6,3,1,6
78,3,7,3,1,7
79,3,8,3,8
80,3,9,3,1,9
81,3,10,3,13,10
82,3,11,3,1,11
83,3,12,3,12
84,3,13,3,13
85,3,14,3,14
86,3,15,3,13,15
87,3,16,3,16
88,3,17,3,13,17
89,3,18,3,13,18
90,3,19,3,19
91,3,20,3,1,20
92,3,21,3,21
93,3,22,3,22
94,3,23,3,21,23
95,3,24,3,13,24
96,4,0,4,1,0
97,4,1,4,1
98,4,2,4,1,2
99,4,3,4,3
100,4,5,4,1,5
101,4,6,4,1,6
102,4,7,4,1,7
103,4,8,4,1,8
104,4,9,4,1,9
105,4,10,4,1,10
106,4,11,4,1,11
107,4,12,4,3,12
108,4,13,4,1,13
109,4,14,4,3,14
110,4,15,4,1,15
111,4,16,4,3,16
112,4,17,4,1,17
113,4,18,4,1,18
114,4,19,4,3,19
115,4,20,4,1,20
116,4,21,4,1,21
117,4,22,4,1,22
118,4,23,4,1,23
119,4,24,4,1,24
120,5,0,5,1,0
121,5,1,5,1
122,5,2,5,1,2
123,5,3,5,1,3
124,5,4,5,1,4
125,5,6,5,1,6
126,5,7,5,1,7
127,5,8,5,1,8
128,5,9,5,1,9
129,5,10,5,13,10
130,5,11,5,1,11
131,5,12,5,1,12
132,5,13,5,13
133,5,14,5,1,14
134,5,15,5,13,15
135,5,16,5,1,16
136,5,17,5,13,17
137,5,18,5,13,18
138,5,19,5,13,21,19
139,5,20,5,13,20
140,5,21,5,13,21
141,5,22,5,1,22
142,5,23,5,13,23
143,5,24,5,13,24
144,6,0,6,1,0
145,6,1,6,1
146,6,2,6,1,2
147,6,3,6,1,3
148,6,4,6,1,4
149,6,5,6,1,5
150,6,7,6,1,7
151,6,8,6,1,8
152,6,9,6,1,9
153,6,10,6,1,10
154,6,11,6,1,11
155,6,12,6,1,12
156,6,13,6,1,13
157,6,14,6,1,14
158,6,15,6,1,15
159,6,16,6,1,16
160,6,17,6,1,17
161,6,18,6,1,18
162,6,19,6,1,19
163,6,20,6,1,20
164,6,21,6,1,21
165,6,22,6,1,22
166,6,23,6,1,23
167,6,24,6,1,24
168,7,0,7,1,0
169,7,1,7,1
170,7,2,7,1,2
171,7,3,7,3
172,7,4,7,4
173,7,5,7,1,5
174,7,6,7,3,6
175,7,8,7,3,8
176,7,9,7,1,9
177,7,10,7,1,9
178,7,11,7,3,11
179,7,12,7,4,12
180,7,13,7,4,13
181,7,14,7,4,14
182,7,15,7,4,15
183,7,16,7,4,16
184,7,17,7,1,17
185,7,18,7,1,18
186,7,19,7,1,19
187,7,20,7,1,20
188,7,21,7,1,21
189,7,22,7,1,22
190,7,23,7,1,23
191,7,24,7,1,24
192,8,0,8,1,0
193,8,1,8,1
194,8,2,8,1,2
195,8,3,8,3
196,8,4,8,1,4
197,8,5,8,1,5
198,8,6,8,1,6
199,8,7,8,1,7
200,8,9,8,1,9
201,8,10,8,21,23,10
202,8,11,8,1,11
203,8,12,8,3,12
204,8,13,8,21,13
205,8,14,8,21,14
206,8,15,8,21,13,15
207,8,16,8,3,16
208,8,17,8,21,17
209,8,18,8,21,18
210,8,19,8,21,19
211,8,20,8,1,20
212,8,21,8,21
213,8,22,8,1,22
214,8,23,8,21,23
215,8,24,8,21,13,24
216,9,0,9,1,0
217,9,1,9,1
218,9,2,9,1,2
219,9,3,9,1,3
220,9,4,9,1,4
221,9,5,9,1,5
222,9,6,9,1,6
223,9,7,9,1,7
224,9,8,9,1,8
225,9,10,9,1,10
226,9,11,9,1,11
227,9,12,9,1,12
228,9,13,9,1,13
229,9,14,9,1,14
230,9,15,9,1,15
231,9,16,9,1,16
232,9,17,9,1,17
233,9,18,9,1,18
234,9,19,9,1,19
235,9,20,9,1,20
236,9,21,9,1,21
237,9,22,9,1,22
238,9,23,9,1,23
239,9,24,9,1,24
240,10,0,10,1,0
241,10,1,10,1
242,10,2,10,1,2
243,10,3,10,1,3
244,10,4,10,1,4
245,10,5,10,23,13,5
246,10,6,10,23,13,6
247,10,7,10,1,7
248,10,8,10,23,21,8
249,10,9,10,1,9
250,10,11,10,1,11
251,10,12,10,1,12
252,10,13,10,23,13
253,10,14,10,23,21,14
254,10,15,10,23,15
255,10,16,10,1,16
256,10,17,10,23,17
257,10,18,10,23,18
258,10,19,10,23,21,19
259,10,20,10,23,13,20
260,10,21,10,23,21
261,10,22,10,23,22
262,10,23,10,23
263,10,24,10,23,24
264,11,0,11,1,0
265,11,1,11,1
266,11,2,11,1,2
267,11,3,11,1,3
268,11,4,11,1,4
269,11,5,11,1,5
270,11,6,11,1,6
271,11,7,11,1,7
272,11,8,11,1,8
273,11,9,11,1,9
274,11,10,11,13,10
275,11,12,11,1,12
276,11,13,11,13
277,11,14,11,1,14
278,11,15,11,13,15
279,11,16,11,1,16
280,11,17,11,13,17
281,11,18,11,13,18
282,11,19,11,1,19
283,11,20,11,1,20
284,11,21,11,1,21
285,11,22,11,1,22
286,11,23,11,13,23
287,11,24,11,13,24
288,12,0,12,1,0
289,12,1,12,1
290,12,2,12,1,2
291,12,3,12,3
292,12,4,12,3,4
293,12,5,12,1,5
294,12,6,12,1,6
295,12,7,12,1,7
296,12,8,12,3,8
297,12,9,12,1,9
298,12,10,12,1,10
299,12,11,12,1,11
300,12,13,12,3,13
301,12,14,12,3,14
302,12,15,12,1,15
303,12,16,12,3,16
304,12,17,12,1,17
305,12,18,12,1,18
306,12,19,12,3,19
307,12,20,12,1,20
308,12,21,12,3,21
309,12,22,12,3,22
310,12,23,12,1,23
311,12,24,12,1,24
312,13,0,13,1,0
313,13,1,13,1
314,13,2,13,1,2
315,13,3,13,3
316,13,4,13,4
317,13,5,13,5
318,13,6,13,6
319,13,7,13,1,7
320,13,8,13,21,8
321,13,9,13,1,9
322,13,10,13,10
323,13,11,13,11
324,13,12,13,3,12
325,13,14,13,21,14
326,13,15,13,15
327,13,16,13,1,16
328,13,17,13,17
329,13,18,13,18
330,13,19,13,21,19
331,13,20,13,20
332,13,21,13,21
333,13,22,13,22
334,13,23,13,23
335,13,24,13,24
336,14,0,14,1,0
337,14,1,14,1
338,14,2,14,1,2
339,14,3,14,3
340,14,4,14,3,4
341,14,5,14,1,5
342,14,6,14,1,6
343,14,7,14,1,7
344,14,8,14,3,8
345,14,9,14,1,9
346,14,10,14,21,23,10
347,14,11,14,1,11
348,14,12,14,3,12
349,14,13,14,21,13
350,14,15,14,21,13,15
351,14,16,14,3,16
352,14,17,14,21,17
353,14,18,14,21,18
354,14,19,14,1,19
355,14,20,14,1,20
356,14,21,14,21
357,14,22,14,1,22
358,14,23,14,21,23
359,14,24,14,21,13,24
360,15,0,15,1,0
361,15,1,15,1
362,15,2,15,1,2
363,15,3,15,13,3
364,15,4,15,1,4
365,15,5,15,13,5
366,15,6,15,13,6
367,15,7,15,1,7
368,15,8,15,21,8
369,15,9,15,1,9
370,15,10,15,10
371,15,11,15,1,11
372,15,12,15,1,12
373,15,13,15,13
374,15,14,15,21,14
375,15,16,15,1,16
376,15,17,15,17
377,15,18,15,18
378,15,19,15,21,19
379,15,20,15,13,20
380,15,21,15,21
381,15,22,15,13,22
382,15,23,15,23
383,15,24,15,24
384,16,0,16,1,0
385,16,1,16,1
386,16,2,16,1,2
387,16,3,16,3
388,16,4,16,3,4
389,16,5,16,1,5
390,16,6,16,1,6
391,16,7,16,1,7
392,16,8,16,3,8
393,16,9,16,1,9
394,16,10,16,13,10
395,16,11,16,1,11
396,16,12,16,3,12
397,16,13,16,13
398,16,14,16,3,14
399,16,15,16,13,15
400,16,17,16,13,17
401,16,18,16,13,18
402,16,19,16,3,19
403,16,20,16,1,20
404,16,21,16,21
405,16,22,16,3,22
406,16,23,16,13,23
407,16,24,16,13,24
408,17,0,17,1,0
409,17,1,17,1
410,17,2,17,1,2
411,17,3,17,13,3
412,17,4,17,1,4
413,17,5,17,13,5
414,17,6,17,13,6
415,17,7,17,1,7
416,17,8,17,21,8
417,17,9,17,1,9
418,17,10,17,13,10
419,17,11,17,1,11
420,17,12,17,1,12
421,17,13,17,13
422,17,14,17,21,14
423,17,15,17,13,15
424,17,16,17,1,16
425,17,18,17,18
426,17,19,17,21,19
427,17,20,17,13,20
428,17,21,17,21
429,17,22,17,13,22
430,17,23,17,13,23
431,17,24,17,13,24
432,18,0,18,1,0
433,18,1,18,1
434,18,2,18,1,2
435,18,3,18,13,3
436,18,4,18,1,4
437,18,5,18,13,5
438,18,6,18,13,6
439,18,7,18,1,7
440,18,8,18,21,8
441,18,9,18,13,1,9
442,18,10,18,10
443,18,11,18,1,11
444,18,12,18,1,12
445,18,13,18,13
446,18,14,18,21,14
447,18,15,18,15
448,18,16,18,1,16
449,18,17,18,17
450,18,19,18,21,19
451,18,20,18,13,20
452,18,21,18,21
453,18,22,18,13,22
454,18,23,18,23
455,18,24,18,24
456,19,0,19,1,0
457,19,1,19,1
458,19,2,19,1,2
459,19,3,19,3
460,19,4,19,3,4
461,19,5,19,1,5
462,19,6,19,1,6
463,19,7,19,1,7
464,19,8,19,21,8
465,19,9,19,1,9
466,19,10,19,1,10
467,19,11,19,1,11
468,19,12,19,3,12
469,19,13,19,21,13
470,19,14,19,1,14
471,19,15,19,21,13,15
472,19,16,19,3,16
473,19,17,19,21,17
474,19,18,19,21,18
475,19,20,19,1,20
476,19,21,19,21
477,19,22,19,1,22
478,19,23,19,21,23
479,19,24,19,21,13,24
480,20,0,20,1,0
481,20,1,20,1
482,20,2,20,1,2
483,20,3,20,1,3
484,20,4,20,1,4
485,20,5,20,1,5
486,20,6,20,1,6
487,20,7,20,1,7
488,20,8,20,1,8
489,20,9,20,1,9
490,20,10,20,13,10
491,20,11,20,1,11
492,20,12,20,1,12
493,20,13,20,13
494,20,14,20,1,14
495,20,15,20,13,15
496,20,16,20,1,16
497,20,17,20,13,17
498,20,18,20,13,18
499,20,19,20,1,19
500,20,21,20,1,21
501,20,22,20,13,22
502,20,23,20,13,23
503,20,24,20,13,24
504,21,0,21,1,0
505,21,1,21,1
506,21,2,21,1,2
507,21,3,21,3
508,21,4,21,1,4
509,21,5,21,13,5
510,21,6,21,13,6
511,21,7,21,1,7
512,21,8,21,8
513,21,9,21,1,9
514,21,10,21,23,10
515,21,11,21,1,11
516,21,12,21,3,12
517,21,13,21,13
518,21,14,21,14
519,21,15,21,13,15
520,21,16,21,3,16
521,21,17,21,17
522,21,18,21,18
523,21,19,21,19
524,21,20,21,1,20
525,21,22,21,1,22
526,21,23,21,23
527,21,24,21,13,24
528,22,0,22,1,0
529,22,1,22,1
530,22,2,22,1,2
531,22,3,22,3
532,22,4,22,1,4
533,22,5,22,13,5
534,22,6,22,1,6
535,22,7,22,1,7
536,22,8,22,1,8
537,22,9,22,1,9
538,22,10,22,13,10
539,22,11,22,1,11
540,22,12,22,3,12
541,22,13,22,13
542,22,14,22,1,14
543,22,15,22,13,15
544,22,16,22,1,16
545,22,17,22,13,17
546,22,18,22,13,18
547,22,19,22,1,19
548,22,20,22,13,20
549,22,21,22,1,21
550,22,23,22,13,23
551,22,24,22,13,24
552,23,0,23,1,0
553,23,1,23,1
554,23,2,23,1,2
555,23,3,23,1,3
556,23,4,23,1,4
557,23,5,23,13,5
558,23,6,23,13,6
559,23,7,23,1,7
560,23,8,23,21,8
561,23,9,23,1,9
562,23,10,23,10
563,23,11,23,1,11
564,23,12,23,1,12
565,23,13,23,13
566,23,14,23,21,14
567,23,15,23,15
568,23,16,23,1,16
569,23,17,23,17
570,23,18,23,18
571,23,19,23,21,19
572,23,20,23,13,20
573,23,21,23,21
574,23,22,23,22
575,23,24,23,24
576,24,0,24,1,0
577,24,1,24,1
578,24,2,24,1,2
579,24,3,24,13,3
580,24,4,24,1,4
581,24,5,24,13,5
582,24,6,24,13,6
583,24,7,24,1,7
584,24,8,24,18,21,8
585,24,9,24,13,1,9
586,24,10,24,23,10
587,24,11,24,13,11
588,24,12,24,1,12
589,24,13,24,13
590,24,14,24,18,21,14
591,24,15,24,15
592,24,16,24,1,16
593,24,17,24,13,17
594,24,18,24,18
595,24,19,24,18,21,19
596,24,20,24,13,20
597,24,21,24,18,21
598,24,22,24,13,22
599,24,23,24,23
COMMODITIES,500
Index,Origin,Destination,Demand/Size,Earliest available time,Latest delivery time
0,18,14,0.223334,38,155
1,23,16,0.207839,38,159
2,23,19,0.0864605,136,253
3,5,20,0.325201,88,200
4,10,9,0.337589,136,267
5,13,19,0.881757,38,150
6,12,6,0.13813,38,153
7,24,6,0.367719,136,255
8,22,19,0.120794,40,157
9,22,6,0.294425,88,201
10,0,3,0.314707,90,199
11,19,13,0.562047,90,202
12,24,10,0.110992,136,247
13,12,15,0.424418,88,218
14,23,11,0.206054,134,255
15,15,2,0.0115244,38,165
16,22,8,0.254976,136,249
17,3,20,0.979396,40,154
18,11,19,0.371421,90,207
19,1,14,0.239366,40,152
20,0,10,0.442693,90,217
21,1,19,0.0943545,42,151
22,6,4,0.0163404,86,197
23,13,20,0.335384,186,288
24,22,10,0.0636657,40,155
25,24,2,0.343065,38,165
26,16,22,0.258375,138,252
27,13,6,0.929581,88,196
28,23,0,0.603127,88,206
29,18,11,0.0385981,136,257
30,8,14,0.0179467,40,151
31,22,17,0.294101,40,149
32,15,2,0.013109,88,215
33,23,0,0.622489,138,256
34,13,8,0.8576,40,149
35,6,3,0.255031,42,155
36,3,16,0.0266156,136,237
37,2,13,0.102596,38,155
38,11,3,0.648745,86,198
39,16,8,0.0190101,138,248
40,23,11,0.33824,138,259
41,1,5,0.080838,40,151
42,15,0,0.438441,40,165
43,10,13,0.738866,38,149
44,23,10,0.644694,134,236
45,1,0,0.569727,40,141
46,14,21,0.871321,90,196
47,19,20,0.355097,38,157
48,0,23,0.983097,88,207
49,19,21,0.682683,136,240
50,19,20,0.314178,138,257
51,21,23,0.367603,40,147
52,0,6,0.127888,38,148
53,24,12,0.0441727,138,268
54,5,12,0.0148926,86,207
55,5,20,0.293882,42,154
56,17,11,0.114127,40,158
57,1,19,0.625365,88,197
58,24,16,0.0191029,90,218
59,6,18,0.0343208,136,259
60,1,16,0.146146,42,146
61,14,9,0.514323,136,260
62,2,1,0.0372339,134,237
63,18,23,0.737838,88,188
64,18,0,0.244961,138,256
65,13,16,0.0815935,38,155
66,23,1,0.480653,42,155
67,1,0,0.00349305,138,239
68,3,16,0.818947,90,191
69,15,5,0.45922,86,208
70,8,17,0.49202,42,151
71,14,4,0.231597,38,153
72,0,19,0.235989,90,204
73,10,5,0.0241844,90,211
74,1,2,0.932472,40,143
75,24,6,0.402179,134,253
76,24,17,0.738114,88,201
77,17,2,0.0389398,134,251
78,3,15,0.282729,136,266
79,6,4,0.017271,40,151
80,17,22,0.140697,42,151
81,17,19,0.653108,134,246
82,1,17,0.595636,38,150
83,3,16,0.411666,134,235
84,23,11,0.150665,136,257
85,11,10,0.275994,86,210
86,16,5,0.152889,136,255
87,19,2,0.0199717,88,204
88,20,22,0.269817,136,245
89,24,10,0.0877101,86,197
90,4,13,0.339324,86,202
91,23,8,0.862661,38,152
92,12,3,0.836427,138,239
93,18,22,0.0616512,134,244
94,3,17,0.150268,40,162
95,13,19,0.406482,136,248
96,18,12,0.385428,86,209
97,19,20,0.336359,88,207
98,14,23,0.404972,138,255
99,22,23,0.603247,138,250
100,23,3,0.78841,90,211
101,5,8,0.0455467,40,160
102,17,1,0.693811,40,150
103,19,5,0.442604,86,210
104,24,5,0.0354824,138,255
105,17,16,0.0772445,90,208
106,11,4,0.105775,136,246
107,16,12,0.175715,40,146
108,18,23,0.0219542,136,236
109,22,18,0.760965,42,152
110,21,3,0.272738,86,195
111,22,14,0.233813,134,254
112,14,4,0.25476,90,205
113,20,22,0.223536,90,199
114,1,19,0.073338,86,195
115,14,12,0.185753,86,198
116,0,19,0.264978,42,156
117,24,10,0.014131,40,151
118,18,20,0.125128,136,245
119,8,23,0.25612,42,154
120,23,18,0.532006,136,236
121,15,13,0.263058,90,202
122,23,1,0.177925,86,199
123,3,14,0.207654,90,197
124,12,15,0.467782,136,266
125,8,24,0.0244454,134,254
126,11,10,0.291756,136,260
127,18,10,0.427144,38,144
128,4,18,0.352478,136,256
129,20,4,0.0069914,40,152
130,4,15,0.229451,88,214
131,0,11,0.940948,136,245
132,20,4,0.00697579,86,198
133,10,1,0.81244,136,255
134,16,14,0.0628168,134,246
135,14,3,0.739957,38,145
136,2,17,0.106828,86,205
137,1,24,0.0874105,88,208
138,22,19,0.137018,136,253
139,20,15,0.41144,136,252
140,21,14,0.00972052,38,144
141,18,23,0.995825,90,190
142,3,22,0.175191,40,149
143,21,18,0.231384,40,149
144,16,8,0.908014,86,196
145,21,20,0.00692967,42,159
146,16,15,0.523679,40,167
147,12,15,0.453747,138,268
148,16,8,0.234306,90,200
149,23,2,0.0972898,42,162
150,22,16,0.118222,42,154
151,11,14,0.45711,90,210
152,0,9,0.14091,42,155
153,4,15,0.26719,138,264
154,1,4,0.413231,134,236
155,5,4,0.198499,136,253
156,14,3,0.370751,40,147
157,11,4,0.084576,134,244
158,13,0,0.636125,90,204
159,3,16,0.604933,138,239
160,13,4,0.0878953,88,196
161,16,21,0.706867,138,243
162,21,14,0.00864527,182,288
163,6,16,0.425066,138,251
164,14,8,0.52591,86,202
165,4,14,0.418289,138,253
166,2,17,0.125653,90,209
167,22,20,0.525961,134,243
168,2,20,0.946245,134,247
169,20,13,0.351953,40,142
170,21,23,0.349937,88,195
171,8,2,0.0344516,40,152
172,19,5,0.494488,136,260
173,21,13,0.919213,136,240
174,22,19,0.123377,86,203
175,22,24,0.448727,138,252
176,11,10,0.299473,88,212
177,17,13,0.527638,40,142
178,1,24,0.0218622,38,158
179,8,24,0.0250145,138,258
180,22,8,0.28751,42,155
181,24,18,0.939896,42,145
182,4,0,0.135242,42,149
183,2,1,0.0592192,182,285
184,10,13,0.704296,136,247
185,12,16,0.640618,134,240
186,23,10,0.181048,90,192
187,5,3,0.591424,86,205
188,5,16,0.409862,86,205
189,22,16,0.135535,138,250
190,10,18,0.556981,88,194
191,16,1,0.0640341,40,144
192,24,6,0.424049,138,257
193,15,19,0.54136,138,262
194,4,1,0.830091,136,238
195,3,20,0.984398,86,200
196,18,0,0.219141,42,160
197,21,12,0.0131022,134,248
198,13,17,0.0837172,88,190
199,4,24,0.3059,40,166
200,20,13,0.0703884,90,192
201,18,1,0.793176,38,151
202,20,4,0.00671023,90,202
203,10,16,0.111346,134,261
204,9,3,0.478283,134,250
205,24,18,0.0761973,134,237
206,5,22,0.299442,38,157
207,22,2,0.685099,42,153
208,18,22,0.0460823,42,152
209,2,0,0.0493588,38,146
210,1,19,0.410439,38,147
211,20,15,0.438515,42,158
212,3,5,0.820599,134,253
213,3,15,0.375688,88,218
214,13,24,0.63434,138,245
215,3,21,0.292622,42,152
216,23,2,0.0875132,88,208
217,17,24,0.677924,136,249
218,10,9,0.356405,42,173
219,0,20,0.739427,90,201
220,18,4,0.834946,42,161
221,15,14,0.429592,138,264
222,16,1,0.427102,134,238
223,5,1,0.224889,88,199
224,12,23,0.0726993,38,162
225,2,17,0.113293,38,157
226,13,12,0.136809,88,211
227,16,1,0.249178,88,192
228,11,1,0.313619,136,240
229,6,3,0.236272,38,151
230,3,8,0.192029,90,195
231,17,1,0.339894,136,246
232,10,17,0.194999,40,147
233,18,14,0.246404,88,205
234,16,1,0.879039,86,190
235,11,1,0.654631,38,142
236,22,13,0.689262,38,141
237,15,8,0.128372,42,163
238,22,8,0.169846,38,151
239,21,17,0.387132,86,190
240,16,4,0.827254,86,195
241,11,23,0.0554918,42,163
242,5,24,0.0620501,86,203
243,5,1,0.558197,86,197
244,22,19,0.121982,134,251
245,23,4,0.367488,138,257
246,2,18,0.0356804,86,207
247,0,14,0.31789,86,203
248,24,12,0.0426068,86,216
249,4,23,0.149637,90,210
250,21,17,0.427995,184,288
251,23,18,0.660618,40,140
252,13,21,0.262594,88,192
253,23,24,0.318653,42,147
254,17,0,0.0096226,38,153
255,2,12,0.0545575,42,155
256,0,12,0.258161,88,199
257,0,12,0.273182,134,245
258,19,5,0.482061,88,212
259,14,2,0.0951056,86,205
260,0,9,0.141483,90,203
261,4,15,0.272073,90,216
262,14,5,0.392641,40,167
263,3,16,0.379673,182,283
264,0,2,0.0933087,134,242
265,18,0,0.221945,136,254
266,13,17,0.171624,90,192
267,23,20,0.812783,42,153
268,0,18,0.88121,90,209
269,20,15,0.442989,88,204
270,14,1,0.954729,90,202
271,2,18,0.0349999,40,161
272,4,3,0.0389919,88,192
273,6,18,0.0312914,138,261
274,22,17,0.298378,38,147
275,3,16,0.593067,88,189
276,2,1,0.330353,42,145
277,15,18,0.870815,38,144
278,16,20,0.223193,86,200
279,16,20,0.197222,40,154
280,15,24,0.819351,88,188
281,14,21,0.907689,88,194
282,17,16,0.0765519,136,254
283,22,17,0.286752,42,151
284,14,20,0.0941725,136,258
285,14,10,0.18954,136,259
286,16,18,0.166312,134,254
287,11,10,0.286828,134,258
288,12,3,0.0967743,42,143
289,1,2,0.966702,86,189
290,20,16,0.0140545,38,152
291,10,13,0.903503,138,249
292,13,20,0.442342,86,188
293,1,24,0.666699,42,162
294,0,20,0.76308,88,199
295,15,8,0.136998,40,161
296,12,13,0.183511,90,211
297,14,24,0.034114,40,165
298,16,1,0.859148,38,142
299,22,15,0.121795,86,203
300,15,20,0.0793759,90,208
301,13,2,0.296105,86,202
302,0,22,0.261077,42,151
303,17,22,0.139043,136,245
304,19,12,0.042356,138,250
305,14,22,0.631262,134,254
306,1,8,0.469866,88,193
307,15,12,0.906326,42,172
308,6,1,0.480833,42,147
309,0,1,0.73615,136,237
310,11,14,0.479593,136,256
311,1,14,0.583726,88,200
312,18,23,0.753299,182,282
313,22,6,0.298066,86,199
314,2,20,0.910684,90,203
315,4,10,0.0497803,40,168
316,18,17,0.634177,40,141
317,5,14,0.224184,90,217
318,10,18,0.581191,38,144
319,10,6,0.0856619,40,163
320,5,13,0.44148,90,196
321,23,21,0.95844,40,149
322,0,8,0.403409,88,198
323,4,16,0.504225,136,245
324,20,15,0.448523,86,202
325,5,24,0.0703433,138,255
326,3,12,0.863252,42,143
327,0,12,0.259475,86,197
328,10,3,0.055605,38,165
329,19,8,0.393652,88,197
330,3,16,0.416987,42,143
331,3,20,0.0413095,42,156
332,18,23,0.858589,86,186
333,19,10,0.260339,86,221
334,16,20,0.211793,90,204
335,22,24,0.38809,42,156
336,10,15,0.301621,138,251
337,13,18,0.0317155,138,241
338,2,21,0.00560551,88,202
339,17,19,0.702948,138,250
340,17,9,0.341249,136,258
341,17,13,0.867138,38,140
342,22,12,0.459927,86,199
343,23,17,0.826049,40,141
344,17,10,0.544312,136,250
345,1,20,0.61038,90,196
346,5,20,0.348395,86,198
347,11,3,0.816904,42,154
348,12,16,0.704898,40,146
349,14,16,0.142298,38,150
350,0,5,0.199456,134,250
351,8,19,0.0927963,42,151
352,1,8,0.0394837,42,147
353,12,15,0.467658,90,220
354,18,20,0.924,86,195
355,19,17,0.263135,38,150
356,18,13,0.546563,42,145
357,23,19,0.65124,86,203
358,20,13,0.30351,42,144
359,5,3,0.591495,40,159
360,0,17,0.237747,88,205
361,18,20,0.288967,90,199
362,1,24,0.985235,86,206
363,2,12,0.0551393,90,203
364,19,20,0.312724,134,253
365,1,14,0.519407,90,202
366,13,10,0.185462,138,246
367,0,11,0.933787,86,195
368,11,14,0.416691,88,208
369,2,12,0.0524492,38,151
370,20,12,0.0193033,134,250
371,22,2,0.599049,40,151
372,0,21,0.470121,42,154
373,10,22,0.0673074,40,153
374,11,16,0.392644,38,150
375,23,6,0.707435,136,253
376,4,3,0.206445,86,190
377,24,17,0.696801,90,203
378,11,18,0.718398,90,209
379,16,3,0.0592398,42,143
380,4,21,0.0137459,38,151
381,8,3,0.597762,42,147
382,19,21,0.751504,138,242
383,23,4,0.400898,134,253
384,0,2,0.109383,40,148
385,23,17,0.876477,90,191
386,2,0,0.0517839,40,148
387,8,4,0.00866508,38,149
388,1,0,0.143793,134,235
389,0,22,0.259062,134,243
390,24,6,0.362344,88,207
391,12,16,0.618908,86,192
392,2,1,0.807029,40,143
393,8,17,0.446535,138,247
394,19,11,0.681257,134,251
395,10,6,0.0967764,88,211
396,24,1,0.230726,134,254
397,14,2,0.0865506,134,253
398,13,3,0.660585,86,204
399,0,12,0.282676,42,153
400,2,21,0.00492851,90,204
401,0,18,0.81043,134,253
402,10,13,0.744308,134,245
403,1,13,0.854246,38,148
404,24,22,0.715509,134,248
405,23,1,0.971252,136,249
406,21,18,0.194872,38,147
407,2,13,0.106833,90,207
408,3,2,0.807615,136,247
409,5,12,0.0169784,134,255
410,3,9,0.560312,42,158
411,3,21,0.578837,90,200
412,16,20,0.223245,138,252
413,24,20,0.0936749,136,249
414,0,6,0.117348,138,248
415,11,12,0.410585,138,252
416,1,12,0.517562,86,192
417,8,14,0.0161446,90,201
418,14,10,0.167527,40,163
419,1,2,0.211649,134,237
420,18,13,0.121683,90,193
421,4,1,0.932628,40,142
422,13,20,0.56589,38,140
423,8,24,0.0250877,90,210
424,19,5,0.531792,138,262
425,13,1,0.958859,134,243
426,16,8,0.178948,38,148
427,11,12,0.181042,40,154
428,4,13,0.340076,42,158
429,21,20,0.00659459,88,205
430,24,5,0.0353936,40,157
431,20,15,0.441909,90,206
432,16,2,0.297259,42,153
433,13,17,0.470655,136,238
434,17,13,0.438129,90,192
435,11,1,0.0574553,90,194
436,21,18,0.218501,86,195
437,8,14,0.0180993,138,249
438,15,10,0.431471,38,141
439,0,1,0.27062,88,189
440,23,20,0.0672116,40,151
441,8,24,0.02754,38,158
442,10,1,0.663113,38,157
443,5,13,0.318674,134,240
444,24,19,0.821693,90,212
445,13,5,0.321881,88,194
446,15,3,0.414657,90,224
447,3,15,0.164548,42,172
448,23,3,0.731489,38,159
449,21,1,0.217991,88,195
450,16,23,0.0739762,136,258
451,23,17,0.492277,136,237
452,23,17,0.0718944,88,189
453,1,3,0.862266,86,190
454,11,17,0.325066,138,256
455,11,8,0.403269,136,249
456,1,16,0.253239,138,242
457,0,18,0.887436,138,257
458,0,6,0.114892,86,196
459,14,1,0.879074,138,250
460,14,12,0.180737,90,202
461,11,17,0.351896,88,206
462,16,11,0.677915,138,250
463,1,8,0.0778122,134,239
464,22,1,0.563654,42,146
465,12,11,0.209945,136,250
466,0,22,0.244334,40,149
467,17,9,0.359931,42,164
468,5,17,0.424549,42,154
469,19,11,0.704694,86,203
470,21,5,0.00454545,38,152
471,4,14,0.423222,86,201
472,10,5,0.0238739,134,255
473,14,4,0.230407,138,253
474,24,2,0.379708,136,263
475,13,0,0.600159,38,152
476,5,23,0.798875,90,205
477,17,9,0.314237,40,162
478,0,4,0.0332312,88,195
479,17,15,0.100846,40,156
480,2,15,0.268018,136,263
481,23,24,0.849249,136,241
482,8,12,0.249513,42,152
483,8,14,0.0157402,134,245
484,2,14,0.75091,136,255
485,5,22,0.342013,88,207
486,2,17,0.118972,136,255
487,18,3,0.903208,42,167
488,20,1,0.36828,136,242
489,14,20,0.0869116,38,160
490,22,0,0.178336,136,245
491,4,11,0.24583,136,246
492,4,21,0.0115065,138,251
493,0,9,0.151178,86,199
494,22,5,0.411154,86,199
495,15,24,0.0339892,90,190
496,15,0,0.450323,88,213
497,15,8,0.152992,86,207
498,23,18,0.307365,88,188
499,20,4,0.00739381,42,154
