NODES,25
INDEX,Name,X-coordinate,Y-coordinate
0,0,-,-
1,1,-,-
2,2,-,-
3,3,-,-
4,4,-,-
5,5,-,-
6,6,-,-
7,7,-,-
8,8,-,-
9,9,-,-
10,10,-,-
11,11,-,-
12,12,-,-
13,13,-,-
14,14,-,-
15,15,-,-
16,16,-,-
17,17,-,-
18,18,-,-
19,19,-,-
20,20,-,-
21,21,-,-
22,22,-,-
23,23,-,-
24,24,-,-
ARCS,529
Index,Origin,Destination,Variable Cost,Fixed Cost,Capacity,Travel time
0,0,1,0,117.8,1,5
1,1,0,0,117.8,1,5
2,1,2,0,234.05,1,7
3,1,3,0,260.4,1,8
4,1,4,0,175.15,1,6
5,1,5,0,486.7,1,15
6,1,6,0,323.95,1,9
7,1,8,0,323.95,1,9
8,1,9,0,447.95,1,12
9,1,10,0,883.5,1,26
10,1,11,0,255.75,1,8
11,1,12,0,387.5,1,10
12,1,13,0,489.8,1,14
13,1,14,0,525.45,1,16
14,1,15,0,1002.85,1,24
15,1,16,0,252.65,1,8
16,1,17,0,545.6,1,16
17,1,18,0,680.45,1,18
18,1,19,0,503.75,1,13
19,1,20,0,358.05,1,10
20,1,21,0,409.2,1,11
21,1,22,0,266.6,1,8
22,1,23,0,699.05,1,18
23,1,24,0,903.65,1,24
24,2,1,0,234.05,1,7
25,3,1,0,260.4,1,8
26,3,4,0,230.95,1,8
27,3,8,0,311.55,1,9
28,3,12,0,144.15,1,5
29,3,13,0,661.85,1,20
30,3,14,0,418.5,1,11
31,3,16,0,151.9,1,5
32,3,19,0,396.8,1,11
33,3,21,0,469.65,1,14
34,3,22,0,429.35,1,13
35,4,1,0,175.15,1,6
36,4,3,0,230.95,1,8
37,5,1,0,486.7,1,15
38,5,13,0,367.35,1,10
39,6,1,0,323.95,1,9
40,6,13,0,430.9,1,11
41,7,1,0,103.85,1,4
42,8,1,0,323.95,1,9
43,8,3,0,311.55,1,9
44,8,13,0,415.4,1,11
45,8,16,0,161.2,1,6
46,8,21,0,158.1,1,5
47,9,1,0,447.95,1,12
48,10,1,0,891.25,1,23
49,10,23,0,192.2,1,6
50,11,1,0,255.75,1,8
51,11,13,0,592.1,1,16
52,12,1,0,387.5,1,10
53,12,3,0,144.15,1,5
54,13,1,0,489.8,1,13
55,13,3,0,669.6,1,22
56,13,5,0,367.35,1,10
57,13,6,0,430.9,1,12
58,13,10,0,483.6,1,12
59,13,11,0,596.75,1,17
60,13,15,0,553.35,1,14
61,13,17,0,176.7,1,6
62,13,18,0,248,1,7
63,13,19,0,573.5,1,16
64,13,20,0,198.4,1,6
65,13,21,0,275.9,1,8
66,13,22,0,232.5,1,7
67,13,23,0,323.95,1,9
68,13,24,0,449.5,1,11
69,14,1,0,525.45,1,16
70,14,3,0,418.5,1,11
71,14,19,0,111.6,1,4
72,14,21,0,384.4,1,10
73,15,1,0,1002.85,1,24
74,15,13,0,553.35,1,16
75,15,18,0,350.3,1,10
76,15,21,0,747.1,1,20
77,15,23,0,412.3,1,11
78,16,1,0,252.65,1,8
79,16,3,0,151.9,1,5
80,16,8,0,161.2,1,6
81,16,13,0,581.25,1,17
82,16,21,0,305.35,1,9
83,17,1,0,544.05,1,14
84,17,13,0,176.7,1,6
85,17,18,0,127.1,1,5
86,17,21,0,292.95,1,8
87,18,1,0,666.5,1,17
88,18,10,0,308.45,1,10
89,18,13,0,248,1,7
90,18,15,0,350.3,1,10
91,18,17,0,127.1,1,5
92,18,19,0,719.2,1,19
93,18,21,0,421.6,1,11
94,18,22,0,421.6,1,13
95,18,23,0,116.25,1,4
96,18,24,0,237.15,1,7
97,19,1,0,503.75,1,13
98,19,3,0,396.8,1,11
99,19,8,0,240.25,1,7
100,19,14,0,111.6,1,4
101,19,21,0,297.6,1,8
102,20,1,0,358.05,1,10
103,20,13,0,198.4,1,6
104,20,23,0,522.35,1,15
105,21,1,0,409.2,1,11
106,21,3,0,458.8,1,13
107,21,8,0,158.1,1,5
108,21,13,0,275.9,1,8
109,21,14,0,384.4,1,10
110,21,15,0,829.25,1,22
111,21,17,0,292.95,1,8
112,21,18,0,420.05,1,13
113,21,19,0,297.6,1,8
114,21,23,0,440.2,1,11
115,22,1,0,266.6,1,8
116,22,3,0,429.35,1,12
117,22,13,0,232.5,1,7
118,23,1,0,699.05,1,17
119,23,10,0,192.2,1,6
120,23,13,0,323.95,1,9
121,23,15,0,412.3,1,11
122,23,17,0,153.45,1,5
123,23,18,0,116.25,1,4
124,23,21,0,446.4,1,13
125,23,24,0,305.35,1,9
126,24,1,0,903.65,1,24
127,24,13,0,449.5,1,11
128,24,18,0,237.15,1,7
129,24,23,0,305.35,1,9
130,0,2,0,161.2,1,6
131,0,3,0,353.4,1,10
132,0,4,0,285.2,1,9
133,0,5,0,474.3,1,13
134,0,6,0,246.45,1,8
135,0,8,0,427.8,1,12
136,0,9,0,379.75,1,11
137,0,10,0,931.55,1,25
138,0,11,0,158.1,1,5
139,0,12,0,401.45,1,11
140,0,14,0,632.4,1,17
141,0,15,0,1063.3,1,28
142,0,16,0,367.35,1,11
143,0,17,0,596.75,1,16
144,0,18,0,717.65,1,19
145,0,19,0,615.35,1,17
146,0,20,0,361.15,1,10
147,0,21,0,444.85,1,13
148,0,22,0,297.6,1,9
149,0,23,0,739.35,1,20
150,0,24,0,957.9,1,25
151,1,7,0,103.85,1,4
152,2,0,0,161.2,1,6
153,2,3,0,480.5,1,13
154,2,4,0,409.2,1,12
155,2,5,0,257.3,1,8
156,2,6,0,110.05,1,4
157,2,8,0,412.3,1,12
158,2,9,0,229.4,1,7
159,2,10,0,872.65,1,23
160,2,11,0,182.9,1,6
161,2,12,0,582.8,1,16
162,2,13,0,390.6,1,11
163,2,14,0,790.5,1,21
164,2,15,0,940.85,1,25
165,2,16,0,475.85,1,13
166,2,17,0,568.85,1,16
167,2,18,0,638.6,1,17
168,2,19,0,643.25,1,17
169,2,20,0,207.7,1,7
170,2,21,0,424.7,1,12
171,2,22,0,308.45,1,9
172,2,23,0,716.1,1,19
173,2,24,0,847.85,1,23
174,3,0,0,353.4,1,10
175,3,2,0,480.5,1,13
176,3,6,0,554.9,1,15
177,3,9,0,685.1,1,18
178,3,10,0,995.1,1,26
179,3,11,0,477.4,1,13
180,3,15,0,1224.5,1,32
181,3,17,0,764.15,1,20
182,3,18,0,833.9,1,22
183,3,20,0,620,1,17
184,3,23,0,888.15,1,23
185,3,24,0,1108.25,1,29
186,4,0,0,285.2,1,9
187,4,2,0,409.2,1,12
188,4,6,0,494.45,1,14
189,4,7,0,75.95,1,3
190,4,8,0,142.6,1,5
191,4,9,0,624.65,1,17
192,4,10,0,838.55,1,22
193,4,11,0,406.1,1,12
194,4,12,0,331.7,1,9
195,4,13,0,427.8,1,12
196,4,14,0,410.75,1,12
197,4,15,0,970.3,1,26
198,4,16,0,147.25,1,5
199,4,17,0,503.75,1,14
200,4,18,0,624.65,1,17
201,4,19,0,390.6,1,11
202,4,20,0,413.85,1,12
203,4,21,0,263.5,1,8
204,4,22,0,204.6,1,7
205,4,23,0,646.35,1,18
206,4,24,0,861.8,1,23
207,5,0,0,474.3,1,13
208,5,2,0,257.3,1,8
209,5,6,0,161.2,1,5
210,5,9,0,198.4,1,6
211,5,11,0,320.85,1,9
212,5,18,0,660.3,1,16
213,5,20,0,178.25,1,6
214,5,23,0,720.75,1,19
215,6,0,0,246.45,1,8
216,6,2,0,110.05,1,4
217,6,3,0,554.9,1,15
218,6,4,0,494.45,1,14
219,6,5,0,161.2,1,5
220,6,8,0,637.05,1,17
221,6,9,0,141.05,1,5
222,6,10,0,939.3,1,25
223,6,11,0,165.85,1,5
224,6,12,0,623.1,1,17
225,6,14,0,840.1,1,22
226,6,15,0,982.7,1,26
227,6,16,0,576.6,1,16
228,6,17,0,615.35,1,17
229,6,18,0,685.1,1,18
230,6,19,0,824.6,1,22
231,6,20,0,243.35,1,7
232,6,21,0,593.65,1,16
233,6,22,0,446.4,1,13
234,6,23,0,761.05,1,20
235,6,24,0,877.3,1,23
236,7,3,0,246.45,1,8
237,7,4,0,75.95,1,3
238,8,0,0,427.8,1,12
239,8,2,0,412.3,1,12
240,8,4,0,142.6,1,5
241,8,6,0,637.05,1,17
242,8,9,0,767.25,1,21
243,8,10,0,714.55,1,19
244,8,11,0,545.6,1,15
245,8,12,0,460.35,1,13
246,8,14,0,328.6,1,10
247,8,15,0,883.5,1,23
248,8,17,0,427.8,1,12
249,8,18,0,542.5,1,15
250,8,19,0,240.25,1,7
251,8,20,0,444.85,1,13
252,8,22,0,203.05,1,7
253,8,23,0,536.3,1,15
254,8,24,0,801.35,1,21
255,9,0,0,379.75,1,11
256,9,2,0,229.4,1,7
257,9,3,0,685.1,1,18
258,9,4,0,624.65,1,17
259,9,5,0,198.4,1,6
260,9,6,0,141.05,1,5
261,9,8,0,767.25,1,21
262,9,10,0,1069.5,1,28
263,9,11,0,297.6,1,8
264,9,12,0,753.3,1,20
265,9,13,0,469.65,1,12
266,9,14,0,652.55,1,18
267,9,15,0,1112.9,1,29
268,9,16,0,706.8,1,19
269,9,17,0,646.35,1,18
270,9,18,0,711.45,1,18
271,9,19,0,954.8,1,25
272,9,20,0,279,1,8
273,9,21,0,723.85,1,19
274,9,22,0,576.6,1,16
275,9,23,0,891.25,1,24
276,9,24,0,1019.9,1,27
277,10,0,0,931.55,1,25
278,10,2,0,872.65,1,23
279,10,3,0,995.1,1,26
280,10,4,0,838.55,1,22
281,10,6,0,939.3,1,25
282,10,8,0,714.55,1,19
283,10,9,0,1069.5,1,28
284,10,11,0,1133.05,1,30
285,10,12,0,1086.55,1,28
286,10,13,0,483.6,1,12
287,10,14,0,970.3,1,26
288,10,15,0,224.75,1,7
289,10,16,0,872.65,1,23
290,10,17,0,334.8,1,9
291,10,18,0,306.9,1,9
292,10,19,0,909.85,1,24
293,10,20,0,714.55,1,19
294,10,21,0,623.1,1,16
295,10,22,0,623.1,1,17
296,10,24,0,286.75,1,8
297,11,0,0,158.1,1,5
298,11,2,0,182.9,1,6
299,11,3,0,477.4,1,13
300,11,4,0,406.1,1,12
301,11,5,0,320.85,1,9
302,11,6,0,165.85,1,5
303,11,8,0,545.6,1,15
304,11,9,0,297.6,1,9
305,11,10,0,1133.05,1,30
306,11,12,0,523.9,1,14
307,11,14,0,770.35,1,21
308,11,15,0,1112.9,1,29
309,11,16,0,488.25,1,14
310,11,17,0,798.25,1,21
311,11,18,0,832.35,1,21
312,11,19,0,748.65,1,20
313,11,20,0,406.1,1,11
314,11,21,0,649.45,1,18
315,11,22,0,499.1,1,14
316,11,23,0,852.5,1,23
317,11,24,0,1021.45,1,27
318,12,0,0,401.45,1,11
319,12,2,0,582.8,1,16
320,12,4,0,331.7,1,10
321,12,6,0,623.1,1,17
322,12,8,0,460.35,1,13
323,12,9,0,753.3,1,20
324,12,10,0,1086.55,1,28
325,12,11,0,523.9,1,14
326,12,13,0,776.55,1,20
327,12,14,0,550.25,1,15
328,12,15,0,1233.8,1,32
329,12,16,0,296.05,1,9
330,12,17,0,776.55,1,21
331,12,18,0,1038.5,1,27
332,12,19,0,523.9,1,14
333,12,20,0,637.05,1,17
334,12,21,0,554.9,1,15
335,12,22,0,556.45,1,15
336,12,23,0,919.15,1,24
337,12,24,0,1137.7,1,30
338,13,2,0,390.6,1,11
339,13,4,0,427.8,1,12
340,13,8,0,415.4,1,11
341,13,9,0,469.65,1,12
342,13,14,0,655.65,1,17
343,13,16,0,530.1,1,14
344,14,0,0,632.4,1,17
345,14,2,0,790.5,1,21
346,14,4,0,410.75,1,12
347,14,6,0,840.1,1,22
348,14,8,0,328.6,1,10
349,14,9,0,652.55,1,18
350,14,10,0,970.3,1,26
351,14,11,0,770.35,1,21
352,14,12,0,550.25,1,15
353,14,13,0,655.65,1,17
354,14,15,0,1106.7,1,28
355,14,16,0,272.8,1,8
356,14,17,0,671.15,1,18
357,14,18,0,798.25,1,20
358,14,20,0,852.5,1,23
359,14,22,0,527,1,15
360,14,23,0,818.4,1,20
361,14,24,0,995.1,1,26
362,15,0,0,1063.3,1,28
363,15,2,0,940.85,1,25
364,15,3,0,1224.5,1,32
365,15,4,0,970.3,1,26
366,15,6,0,982.7,1,26
367,15,8,0,883.5,1,23
368,15,9,0,1112.9,1,29
369,15,10,0,224.75,1,7
370,15,11,0,1112.9,1,29
371,15,12,0,1233.8,1,32
372,15,14,0,1106.7,1,28
373,15,16,0,1027.65,1,27
374,15,17,0,454.15,1,12
375,15,19,0,1023,1,27
376,15,20,0,757.95,1,19
377,15,22,0,733.15,1,19
378,15,24,0,110.05,1,4
379,16,0,0,367.35,1,11
380,16,2,0,475.85,1,13
381,16,4,0,147.25,1,5
382,16,6,0,576.6,1,16
383,16,7,0,155,1,5
384,16,9,0,706.8,1,19
385,16,10,0,872.65,1,23
386,16,11,0,488.25,1,14
387,16,12,0,296.05,1,8
388,16,14,0,272.8,1,8
389,16,15,0,1027.65,1,27
390,16,17,0,570.4,1,16
391,16,18,0,686.65,1,19
392,16,19,0,251.1,1,7
393,16,20,0,525.45,1,15
394,16,22,0,302.25,1,9
395,16,23,0,692.85,1,19
396,16,24,0,951.7,1,25
397,17,0,0,596.75,1,16
398,17,2,0,568.85,1,16
399,17,3,0,764.15,1,20
400,17,4,0,503.75,1,14
401,17,5,0,530.1,1,14
402,17,6,0,615.35,1,17
403,17,8,0,427.8,1,12
404,17,9,0,649.45,1,18
405,17,10,0,334.8,1,10
406,17,11,0,798.25,1,21
407,17,12,0,776.55,1,21
408,17,14,0,671.15,1,17
409,17,15,0,454.15,1,12
410,17,16,0,570.4,1,16
411,17,19,0,581.25,1,16
412,17,20,0,373.55,1,10
413,17,22,0,294.5,1,8
414,17,23,0,153.45,1,5
415,17,24,0,362.7,1,10
416,18,0,0,719.2,1,19
417,18,2,0,638.6,1,17
418,18,3,0,833.9,1,22
419,18,4,0,624.65,1,17
420,18,5,0,660.3,1,16
421,18,6,0,685.1,1,18
422,18,8,0,542.5,1,15
423,18,9,0,711.45,1,18
424,18,11,0,832.35,1,21
425,18,12,0,1038.5,1,27
426,18,14,0,798.25,1,21
427,18,16,0,686.65,1,19
428,18,20,0,438.65,1,12
429,19,0,0,615.35,1,17
430,19,2,0,643.25,1,17
431,19,4,0,390.6,1,11
432,19,6,0,824.6,1,22
433,19,9,0,954.8,1,25
434,19,10,0,909.85,1,24
435,19,11,0,748.65,1,20
436,19,12,0,523.9,1,14
437,19,13,0,565.75,1,14
438,19,15,0,1023,1,27
439,19,16,0,251.1,1,7
440,19,17,0,581.25,1,16
441,19,18,0,709.9,1,18
442,19,20,0,764.15,1,20
443,19,22,0,437.1,1,12
444,19,23,0,728.5,1,18
445,19,24,0,942.4,1,25
446,20,0,0,361.15,1,10
447,20,2,0,207.7,1,7
448,20,3,0,620,1,17
449,20,4,0,413.85,1,12
450,20,5,0,178.25,1,6
451,20,6,0,243.35,1,7
452,20,8,0,444.85,1,13
453,20,9,0,279,1,8
454,20,10,0,714.55,1,19
455,20,11,0,406.1,1,11
456,20,12,0,637.05,1,17
457,20,14,0,878.85,1,23
458,20,15,0,757.95,1,19
459,20,16,0,525.45,1,15
460,20,17,0,373.55,1,11
461,20,18,0,438.65,1,12
462,20,19,0,764.15,1,20
463,20,21,0,466.55,1,13
464,20,22,0,272.8,1,8
465,20,24,0,641.7,1,17
466,21,0,0,444.85,1,13
467,21,2,0,424.7,1,12
468,21,4,0,263.5,1,8
469,21,6,0,593.65,1,16
470,21,9,0,723.85,1,19
471,21,10,0,623.1,1,16
472,21,11,0,646.35,1,18
473,21,12,0,554.9,1,15
474,21,16,0,305.35,1,9
475,21,20,0,466.55,1,13
476,21,22,0,142.6,1,5
477,21,24,0,651,1,18
478,22,0,0,297.6,1,9
479,22,2,0,308.45,1,10
480,22,4,0,204.6,1,7
481,22,6,0,446.4,1,13
482,22,8,0,203.05,1,6
483,22,9,0,576.6,1,16
484,22,10,0,623.1,1,17
485,22,11,0,499.1,1,14
486,22,12,0,556.45,1,15
487,22,14,0,527,1,15
488,22,15,0,733.15,1,19
489,22,16,0,302.25,1,9
490,22,17,0,294.5,1,8
491,22,18,0,404.55,1,10
492,22,19,0,437.1,1,12
493,22,20,0,272.8,1,9
494,22,21,0,142.6,1,5
495,22,23,0,432.45,1,11
496,22,24,0,643.25,1,17
497,23,0,0,739.35,1,20
498,23,2,0,716.1,1,19
499,23,3,0,888.15,1,23
500,23,4,0,646.35,1,18
501,23,6,0,761.05,1,20
502,23,8,0,536.3,1,15
503,23,9,0,891.25,1,24
504,23,11,0,852.5,1,23
505,23,12,0,919.15,1,24
506,23,14,0,818.4,1,20
507,23,16,0,692.85,1,19
508,23,19,0,728.5,1,18
509,23,20,0,522.35,1,14
510,23,22,0,432.45,1,11
511,24,0,0,957.9,1,25
512,24,2,0,847.85,1,23
513,24,3,0,1108.25,1,29
514,24,4,0,861.8,1,23
515,24,6,0,877.3,1,23
516,24,8,0,801.35,1,21
517,24,9,0,1019.9,1,27
518,24,10,0,286.75,1,8
519,24,11,0,1021.45,1,27
520,24,12,0,1137.7,1,30
521,24,14,0,995.1,1,26
522,24,15,0,110.05,1,4
523,24,16,0,951.7,1,25
524,24,17,0,362.7,1,10
525,24,19,0,942.4,1,25
526,24,20,0,641.7,1,17
527,24,21,0,651,1,16
528,24,22,0,643.25,1,17
PATHS,600
Index,Shipment origin,Shipment destination,1st terminal on path,2nd terminal on path,.....,6th terminal on path
0,0,1,0,1
1,0,2,0,1,2
2,0,3,0,1,3
3,0,4,0,1,4
4,0,5,0,1,5
5,0,6,0,1,6
6,0,7,0,1,7
7,0,8,0,1,8
8,0,9,0,1,9
9,0,10,0,1,10
10,0,11,0,1,11
11,0,12,0,1,12
12,0,13,0,1,13
13,0,14,0,1,14
14,0,15,0,1,15
15,0,16,0,1,16
16,0,17,0,1,17
17,0,18,0,1,18
18,0,19,0,1,19
19,0,20,0,1,20
20,0,21,0,1,21
21,0,22,0,1,22
22,0,23,0,1,23
23,0,24,0,1,24
24,1,0,1,0
25,1,2,1,2
26,1,3,1,3
27,1,4,1,4
28,1,5,1,5
29,1,6,1,6
30,1,7,1,7
31,1,8,1,8
32,1,9,1,9
33,1,10,1,10
34,1,11,1,11
35,1,12,1,12
36,1,13,1,13
37,1,14,1,14
38,1,15,1,15
39,1,16,1,16
40,1,17,1,17
41,1,18,1,18
42,1,19,1,19
43,1,20,1,20
44,1,21,1,21
45,1,22,1,22
46,1,23,1,23
47,1,24,1,24
48,2,0,2,1,0
49,2,1,2,1
50,2,3,2,1,3
51,2,4,2,1,4
52,2,5,2,1,5
53,2,6,2,1,6
54,2,8,2,1,8
55,2,7,2,1,7
56,2,9,2,1,9
57,2,10,2,1,10
58,2,11,2,1,11
59,2,12,2,1,12
60,2,13,2,1,13
61,2,14,2,1,14
62,2,15,2,1,15
63,2,16,2,1,16
64,2,17,2,1,17
65,2,18,2,1,18
66,2,19,2,1,19
67,2,20,2,1,20
68,2,21,2,1,21
69,2,22,2,1,22
70,2,23,2,1,23
71,2,24,2,1,24
72,3,0,3,1,0
73,3,1,3,1
74,3,2,3,1,2
75,3,4,3,4
76,3,5,3,1,5
77,3,6,3,1,6
78,3,7,3,1,7
79,3,8,3,8
80,3,9,3,1,9
81,3,10,3,13,10
82,3,11,3,1,11
83,3,12,3,12
84,3,13,3,13
85,3,14,3,14
86,3,15,3,13,15
87,3,16,3,16
88,3,17,3,13,17
89,3,18,3,13,18
90,3,19,3,19
91,3,20,3,1,20
92,3,21,3,21
93,3,22,3,22
94,3,23,3,21,23
95,3,24,3,13,24
96,4,0,4,1,0
97,4,1,4,1
98,4,2,4,1,2
99,4,3,4,3
100,4,5,4,1,5
101,4,6,4,1,6
102,4,7,4,1,7
103,4,8,4,1,8
104,4,9,4,1,9
105,4,10,4,1,10
106,4,11,4,1,11
107,4,12,4,3,12
108,4,13,4,1,13
109,4,14,4,3,14
110,4,15,4,1,15
111,4,16,4,3,16
112,4,17,4,1,17
113,4,18,4,1,18
114,4,19,4,3,19
115,4,20,4,1,20
116,4,21,4,1,21
117,4,22,4,1,22
118,4,23,4,1,23
119,4,24,4,1,24
120,5,0,5,1,0
121,5,1,5,1
122,5,2,5,1,2
123,5,3,5,1,3
124,5,4,5,1,4
125,5,6,5,1,6
126,5,7,5,1,7
127,5,8,5,1,8
128,5,9,5,1,9
129,5,10,5,13,10
130,5,11,5,1,11
131,5,12,5,1,12
132,5,13,5,13
133,5,14,5,1,14
134,5,15,5,13,15
135,5,16,5,1,16
136,5,17,5,13,17
137,5,18,5,13,18
138,5,19,5,13,21,19
139,5,20,5,13,20
140,5,21,5,13,21
141,5,22,5,1,22
142,5,23,5,13,23
143,5,24,5,13,24
144,6,0,6,1,0
145,6,1,6,1
146,6,2,6,1,2
147,6,3,6,1,3
148,6,4,6,1,4
149,6,5,6,1,5
150,6,7,6,1,7
151,6,8,6,1,8
152,6,9,6,1,9
153,6,10,6,1,10
154,6,11,6,1,11
155,6,12,6,1,12
156,6,13,6,1,13
157,6,14,6,1,14
158,6,15,6,1,15
159,6,16,6,1,16
160,6,17,6,1,17
161,6,18,6,1,18
162,6,19,6,1,19
163,6,20,6,1,20
164,6,21,6,1,21
165,6,22,6,1,22
166,6,23,6,1,23
167,6,24,6,1,24
168,7,0,7,1,0
169,7,1,7,1
170,7,2,7,1,2
171,7,3,7,3
172,7,4,7,4
173,7,5,7,1,5
174,7,6,7,3,6
175,7,8,7,3,8
176,7,9,7,1,9
177,7,10,7,1,9
178,7,11,7,3,11
179,7,12,7,4,12
180,7,13,7,4,13
181,7,14,7,4,14
182,7,15,7,4,15
183,7,16,7,4,16
184,7,17,7,1,17
185,7,18,7,1,18
186,7,19,7,1,19
187,7,20,7,1,20
188,7,21,7,1,21
189,7,22,7,1,22
190,7,23,7,1,23
191,7,24,7,1,24
192,8,0,8,1,0
193,8,1,8,1
194,8,2,8,1,2
195,8,3,8,3
196,8,4,8,1,4
197,8,5,8,1,5
198,8,6,8,1,6
199,8,7,8,1,7
200,8,9,8,1,9
201,8,10,8,21,23,10
202,8,11,8,1,11
203,8,12,8,3,12
204,8,13,8,21,13
205,8,14,8,21,14
206,8,15,8,21,13,15
207,8,16,8,3,16
208,8,17,8,21,17
209,8,18,8,21,18
210,8,19,8,21,19
211,8,20,8,1,20
212,8,21,8,21
213,8,22,8,1,22
214,8,23,8,21,23
215,8,24,8,21,13,24
216,9,0,9,1,0
217,9,1,9,1
218,9,2,9,1,2
219,9,3,9,1,3
220,9,4,9,1,4
221,9,5,9,1,5
222,9,6,9,1,6
223,9,7,9,1,7
224,9,8,9,1,8
225,9,10,9,1,10
226,9,11,9,1,11
227,9,12,9,1,12
228,9,13,9,1,13
229,9,14,9,1,14
230,9,15,9,1,15
231,9,16,9,1,16
232,9,17,9,1,17
233,9,18,9,1,18
234,9,19,9,1,19
235,9,20,9,1,20
236,9,21,9,1,21
237,9,22,9,1,22
238,9,23,9,1,23
239,9,24,9,1,24
240,10,0,10,1,0
241,10,1,10,1
242,10,2,10,1,2
243,10,3,10,1,3
244,10,4,10,1,4
245,10,5,10,23,13,5
246,10,6,10,23,13,6
247,10,7,10,1,7
248,10,8,10,23,21,8
249,10,9,10,1,9
250,10,11,10,1,11
251,10,12,10,1,12
252,10,13,10,23,13
253,10,14,10,23,21,14
254,10,15,10,23,15
255,10,16,10,1,16
256,10,17,10,23,17
257,10,18,10,23,18
258,10,19,10,23,21,19
259,10,20,10,23,13,20
260,10,21,10,23,21
261,10,22,10,23,22
262,10,23,10,23
263,10,24,10,23,24
264,11,0,11,1,0
265,11,1,11,1
266,11,2,11,1,2
267,11,3,11,1,3
268,11,4,11,1,4
269,11,5,11,1,5
270,11,6,11,1,6
271,11,7,11,1,7
272,11,8,11,1,8
273,11,9,11,1,9
274,11,10,11,13,10
275,11,12,11,1,12
276,11,13,11,13
277,11,14,11,1,14
278,11,15,11,13,15
279,11,16,11,1,16
280,11,17,11,13,17
281,11,18,11,13,18
282,11,19,11,1,19
283,11,20,11,1,20
284,11,21,11,1,21
285,11,22,11,1,22
286,11,23,11,13,23
287,11,24,11,13,24
288,12,0,12,1,0
289,12,1,12,1
290,12,2,12,1,2
291,12,3,12,3
292,12,4,12,3,4
293,12,5,12,1,5
294,12,6,12,1,6
295,12,7,12,1,7
296,12,8,12,3,8
297,12,9,12,1,9
298,12,10,12,1,10
299,12,11,12,1,11
300,12,13,12,3,13
301,12,14,12,3,14
302,12,15,12,1,15
303,12,16,12,3,16
304,12,17,12,1,17
305,12,18,12,1,18
306,12,19,12,3,19
307,12,20,12,1,20
308,12,21,12,3,21
309,12,22,12,3,22
310,12,23,12,1,23
311,12,24,12,1,24
312,13,0,13,1,0
313,13,1,13,1
314,13,2,13,1,2
315,13,3,13,3
316,13,4,13,4
317,13,5,13,5
318,13,6,13,6
319,13,7,13,1,7
320,13,8,13,21,8
321,13,9,13,1,9
322,13,10,13,10
323,13,11,13,11
324,13,12,13,3,12
325,13,14,13,21,14
326,13,15,13,15
327,13,16,13,1,16
328,13,17,13,17
329,13,18,13,18
330,13,19,13,21,19
331,13,20,13,20
332,13,21,13,21
333,13,22,13,22
334,13,23,13,23
335,13,24,13,24
336,14,0,14,1,0
337,14,1,14,1
338,14,2,14,1,2
339,14,3,14,3
340,14,4,14,3,4
341,14,5,14,1,5
342,14,6,14,1,6
343,14,7,14,1,7
344,14,8,14,3,8
345,14,9,14,1,9
346,14,10,14,21,23,10
347,14,11,14,1,11
348,14,12,14,3,12
349,14,13,14,21,13
350,14,15,14,21,13,15
351,14,16,14,3,16
352,14,17,14,21,17
353,14,18,14,21,18
354,14,19,14,1,19
355,14,20,14,1,20
356,14,21,14,21
357,14,22,14,1,22
358,14,23,14,21,23
359,14,24,14,21,13,24
360,15,0,15,1,0
361,15,1,15,1
362,15,2,15,1,2
363,15,3,15,13,3
364,15,4,15,1,4
365,15,5,15,13,5
366,15,6,15,13,6
367,15,7,15,1,7
368,15,8,15,21,8
369,15,9,15,1,9
370,15,10,15,10
371,15,11,15,1,11
372,15,12,15,1,12
373,15,13,15,13
374,15,14,15,21,14
375,15,16,15,1,16
376,15,17,15,17
377,15,18,15,18
378,15,19,15,21,19
379,15,20,15,13,20
380,15,21,15,21
381,15,22,15,13,22
382,15,23,15,23
383,15,24,15,24
384,16,0,16,1,0
385,16,1,16,1
386,16,2,16,1,2
387,16,3,16,3
388,16,4,16,3,4
389,16,5,16,1,5
390,16,6,16,1,6
391,16,7,16,1,7
392,16,8,16,3,8
393,16,9,16,1,9
394,16,10,16,13,10
395,16,11,16,1,11
396,16,12,16,3,12
397,16,13,16,13
398,16,14,16,3,14
399,16,15,16,13,15
400,16,17,16,13,17
401,16,18,16,13,18
402,16,19,16,3,19
403,16,20,16,1,20
404,16,21,16,21
405,16,22,16,3,22
406,16,23,16,13,23
407,16,24,16,13,24
408,17,0,17,1,0
409,17,1,17,1
410,17,2,17,1,2
411,17,3,17,13,3
412,17,4,17,1,4
413,17,5,17,13,5
414,17,6,17,13,6
415,17,7,17,1,7
416,17,8,17,21,8
417,17,9,17,1,9
418,17,10,17,13,10
419,17,11,17,1,11
420,17,12,17,1,12
421,17,13,17,13
422,17,14,17,21,14
423,17,15,17,13,15
424,17,16,17,1,16
425,17,18,17,18
426,17,19,17,21,19
427,17,20,17,13,20
428,17,21,17,21
429,17,22,17,13,22
430,17,23,17,13,23
431,17,24,17,13,24
432,18,0,18,1,0
433,18,1,18,1
434,18,2,18,1,2
435,18,3,18,13,3
436,18,4,18,1,4
437,18,5,18,13,5
438,18,6,18,13,6
439,18,7,18,1,7
440,18,8,18,21,8
441,18,9,18,13,1,9
442,18,10,18,10
443,18,11,18,1,11
444,18,12,18,1,12
445,18,13,18,13
446,18,14,18,21,14
447,18,15,18,15
448,18,16,18,1,16
449,18,17,18,17
450,18,19,18,21,19
451,18,20,18,13,20
452,18,21,18,21
453,18,22,18,13,22
454,18,23,18,23
455,18,24,18,24
456,19,0,19,1,0
457,19,1,19,1
458,19,2,19,1,2
459,19,3,19,3
460,19,4,19,3,4
461,19,5,19,1,5
462,19,6,19,1,6
463,19,7,19,1,7
464,19,8,19,21,8
465,19,9,19,1,9
466,19,10,19,1,10
467,19,11,19,1,11
468,19,12,19,3,12
469,19,13,19,21,13
470,19,14,19,1,14
471,19,15,19,21,13,15
472,19,16,19,3,16
473,19,17,19,21,17
474,19,18,19,21,18
475,19,20,19,1,20
476,19,21,19,21
477,19,22,19,1,22
478,19,23,19,21,23
479,19,24,19,21,13,24
480,20,0,20,1,0
481,20,1,20,1
482,20,2,20,1,2
483,20,3,20,1,3
484,20,4,20,1,4
485,20,5,20,1,5
486,20,6,20,1,6
487,20,7,20,1,7
488,20,8,20,1,8
489,20,9,20,1,9
490,20,10,20,13,10
491,20,11,20,1,11
492,20,12,20,1,12
493,20,13,20,13
494,20,14,20,1,14
495,20,15,20,13,15
496,20,16,20,1,16
497,20,17,20,13,17
498,20,18,20,13,18
499,20,19,20,1,19
500,20,21,20,1,21
501,20,22,20,13,22
502,20,23,20,13,23
503,20,24,20,13,24
504,21,0,21,1,0
505,21,1,21,1
506,21,2,21,1,2
507,21,3,21,3
508,21,4,21,1,4
509,21,5,21,13,5
510,21,6,21,13,6
511,21,7,21,1,7
512,21,8,21,8
513,21,9,21,1,9
514,21,10,21,23,10
515,21,11,21,1,11
516,21,12,21,3,12
517,21,13,21,13
518,21,14,21,14
519,21,15,21,13,15
520,21,16,21,3,16
521,21,17,21,17
522,21,18,21,18
523,21,19,21,19
524,21,20,21,1,20
525,21,22,21,1,22
526,21,23,21,23
527,21,24,21,13,24
528,22,0,22,1,0
529,22,1,22,1
530,22,2,22,1,2
531,22,3,22,3
532,22,4,22,1,4
533,22,5,22,13,5
534,22,6,22,1,6
535,22,7,22,1,7
536,22,8,22,1,8
537,22,9,22,1,9
538,22,10,22,13,10
539,22,11,22,1,11
540,22,12,22,3,12
541,22,13,22,13
542,22,14,22,1,14
543,22,15,22,13,15
544,22,16,22,1,16
545,22,17,22,13,17
546,22,18,22,13,18
547,22,19,22,1,19
548,22,20,22,13,20
549,22,21,22,1,21
550,22,23,22,13,23
551,22,24,22,13,24
552,23,0,23,1,0
553,23,1,23,1
554,23,2,23,1,2
555,23,3,23,1,3
556,23,4,23,1,4
557,23,5,23,13,5
558,23,6,23,13,6
559,23,7,23,1,7
560,23,8,23,21,8
561,23,9,23,1,9
562,23,10,23,10
563,23,11,23,1,11
564,23,12,23,1,12
565,23,13,23,13
566,23,14,23,21,14
567,23,15,23,15
568,23,16,23,1,16
569,23,17,23,17
570,23,18,23,18
571,23,19,23,21,19
572,23,20,23,13,20
573,23,21,23,21
574,23,22,23,22
575,23,24,23,24
576,24,0,24,1,0
577,24,1,24,1
578,24,2,24,1,2
579,24,3,24,13,3
580,24,4,24,1,4
581,24,5,24,13,5
582,24,6,24,13,6
583,24,7,24,1,7
584,24,8,24,18,21,8
585,24,9,24,13,1,9
586,24,10,24,23,10
587,24,11,24,13,11
588,24,12,24,1,12
589,24,13,24,13
590,24,14,24,18,21,14
591,24,15,24,15
592,24,16,24,1,16
593,24,17,24,13,17
594,24,18,24,18
595,24,19,24,18,21,19
596,24,20,24,13,20
597,24,21,24,18,21
598,24,22,24,13,22
599,24,23,24,23
COMMODITIES,350
Index,Origin,Destination,Demand/Size,Earliest available time,Latest delivery time
0,0,21,0.414282,232,284
1,1,2,0.248771,40,83
2,10,2,0.019822,40,106
3,21,22,0.0219047,182,237
4,3,0,0.487283,182,231
5,20,19,0.475114,38,97
6,8,3,0.64988,134,179
7,24,17,0.743226,42,95
8,17,9,0.351653,38,100
9,13,12,0.140916,136,199
10,0,19,0.242314,182,236
11,3,24,0.89427,88,155
12,3,5,0.93084,42,101
13,18,12,0.438028,182,245
14,22,5,0.397514,38,91
15,1,12,0.407121,182,228
16,1,5,0.992923,134,185
17,10,15,0.537238,86,139
18,3,19,0.714345,86,133
19,20,16,0.0139085,234,288
20,16,8,0.745776,234,284
21,16,8,0.177768,90,140
22,17,23,0.644892,134,185
23,0,14,0.308919,42,99
24,24,0,0.0476876,134,199
25,16,13,0.0161102,230,283
26,18,12,0.436661,90,153
27,18,12,0.371032,40,103
28,4,10,0.0509238,184,252
29,16,12,0.192154,86,132
30,2,8,0.498007,232,284
31,21,22,0.0204245,86,141
32,0,11,0.94263,136,185
33,13,11,0.172662,138,191
34,10,23,0.0939433,232,274
35,22,11,0.430335,182,234
36,8,19,0.0827786,134,183
37,22,6,0.281963,42,95
38,10,20,0.0937139,134,191
39,24,8,0.0562132,88,147
40,13,16,0.0850711,88,145
41,24,18,0.00864949,182,225
42,0,20,0.771735,42,93
43,1,18,0.704895,186,240
44,10,19,0.479639,86,149
45,12,10,0.780161,38,110
46,23,12,0.338153,88,151
47,16,15,0.60419,90,157
48,4,18,0.376225,40,100
49,22,23,0.586082,88,140
50,22,13,0.791475,230,273
51,0,24,0.586313,136,201
52,4,16,0.447385,232,281
53,16,15,0.561432,42,109
54,18,1,0.409391,88,141
55,1,8,0.700386,86,131
56,23,18,0.736778,136,176
57,3,19,0.309067,232,279
58,17,20,0.302429,88,136
59,23,11,0.457667,182,243
60,5,20,0.309657,42,94
61,22,14,0.238938,182,242
62,21,22,0.0220146,42,97
63,5,3,0.620827,90,149
64,19,13,0.519412,136,188
65,4,0,0.143746,136,183
66,19,9,0.211725,42,103
67,6,14,0.0174377,134,195
68,24,12,0.0439343,182,252
69,1,10,0.669109,134,196
70,22,20,0.501556,40,89
71,14,6,0.157254,90,151
72,1,18,0.734119,88,142
73,24,17,0.750837,136,189
74,20,17,0.401922,186,234
75,6,14,0.0175304,86,147
76,2,4,0.936596,230,279
77,1,4,0.0935214,184,226
78,2,21,0.00497968,138,192
79,0,2,0.0981336,230,278
80,12,15,0.469019,38,108
81,17,11,0.123165,86,144
82,13,3,0.659108,230,288
83,17,5,0.209662,184,236
84,6,22,0.0267703,184,237
85,11,10,0.308033,40,104
86,14,2,0.0950666,138,197
87,5,3,0.591254,38,97
88,2,21,0.00501477,42,96
89,0,20,0.801987,38,89
90,24,20,0.17579,182,235
91,10,23,0.288608,40,82
92,10,20,0.0937589,230,287
93,19,21,0.648334,234,278
94,23,16,0.207795,138,199
95,0,21,0.426789,234,286
96,22,20,0.541873,136,185
97,19,13,0.487022,186,238
98,19,11,0.76133,88,145
99,8,23,0.302812,234,286
100,17,1,0.839998,182,232
101,23,2,0.0980077,38,98
102,12,3,0.621634,40,81
103,5,23,0.790763,134,189
104,12,11,0.178764,88,142
105,2,12,0.0505569,88,141
106,13,16,0.0759712,40,97
107,2,17,0.115581,138,197
108,12,14,0.035137,42,94
109,16,0,0.684993,42,91
110,18,14,0.192601,230,287
111,5,12,0.0156483,184,245
112,24,20,0.182772,234,287
113,12,1,0.786554,86,132
114,17,11,0.118108,42,100
115,11,24,0.0810434,38,101
116,12,19,0.0488441,134,186
117,19,13,0.549173,182,234
118,21,8,0.483252,138,179
119,24,18,0.824017,232,275
120,24,18,0.032487,88,131
121,5,22,0.340367,184,243
122,24,22,0.606514,186,240
123,24,21,0.11412,88,142
124,21,18,0.220397,186,235
125,5,14,0.158363,42,109
126,1,10,0.0850595,186,248
127,1,8,0.872584,38,83
128,23,14,0.36383,184,243
129,13,3,0.336897,88,146
130,13,3,0.0499897,38,96
131,23,17,0.974587,134,175
132,4,16,0.432234,234,283
133,1,13,0.462157,230,280
134,24,23,0.407474,136,181
135,24,1,0.067469,136,196
136,8,9,0.297804,230,287
137,13,19,0.908025,38,90
138,8,14,0.0165491,134,185
139,5,4,0.199658,136,193
140,11,3,0.794195,134,186
141,19,4,0.0665579,134,189
142,19,2,0.0216133,186,242
143,21,15,0.0720388,88,146
144,21,15,0.0823882,90,148
145,15,23,0.710821,184,231
146,16,15,0.629073,88,155
147,22,5,0.387158,134,187
148,24,6,0.391476,136,195
149,3,9,0.608998,38,94
150,6,3,0.232234,40,93
151,21,23,0.321263,230,277
152,24,14,0.169428,90,154
153,14,10,0.165961,136,199
154,23,14,0.442038,88,147
155,10,24,0.813823,234,285
156,10,8,0.272275,138,198
157,6,4,0.0173058,136,187
158,14,17,0.0861414,182,236
159,1,8,0.303445,42,87
160,24,17,0.726038,134,187
161,4,19,0.00817934,186,241
162,6,1,0.0107918,186,231
163,17,15,0.113426,90,146
164,16,20,0.200964,230,284
165,19,20,0.331205,90,149
166,16,9,0.254125,90,146
167,17,23,0.251723,88,139
168,11,23,0.780647,86,147
169,22,23,0.570618,38,90
170,19,23,0.738572,184,239
171,21,22,0.0215465,40,95
172,17,22,0.142828,90,139
173,22,21,0.497481,88,143
174,11,1,0.515023,186,230
175,10,6,0.0848531,38,101
176,12,14,0.0351208,40,92
177,10,15,0.745309,38,91
178,23,9,0.683397,186,251
179,22,11,0.414468,184,236
180,8,12,0.222858,234,284
181,14,9,0.568936,182,246
182,22,13,0.796961,186,229
183,3,20,0.0609856,234,288
184,16,21,0.642303,134,179
185,3,9,0.703215,42,98
186,4,23,0.156861,88,148
187,10,8,0.274584,88,148
188,4,13,0.326553,232,288
189,14,15,0.661583,138,206
190,12,9,0.216872,88,146
191,20,0,0.068802,88,139
192,23,22,0.116718,40,87
193,19,17,0.287683,234,286
194,0,17,0.209883,38,95
195,1,8,0.902289,138,183
196,3,8,0.256034,134,179
197,14,9,0.481101,138,202
198,8,24,0.0291912,134,194
199,17,5,0.235457,186,238
200,14,21,0.83113,186,232
201,4,16,0.473041,40,89
202,22,12,0.519333,138,191
203,23,10,0.722474,134,176
204,13,21,0.518462,182,226
205,17,20,0.305401,230,278
206,21,8,0.459905,234,275
207,18,6,0.849279,136,191
208,18,21,0.963041,38,85
209,17,18,0.352753,42,83
210,14,10,0.179656,182,245
211,8,23,0.272541,138,190
212,1,4,0.20517,38,80
213,1,19,0.920771,42,91
214,9,1,0.694173,86,134
215,15,1,0.720646,86,146
216,1,5,0.357175,186,237
217,19,4,0.0696874,42,97
218,18,24,0.280014,232,275
219,2,8,0.520816,88,140
220,3,2,0.872665,136,187
221,22,12,0.48436,182,235
222,2,8,0.469042,182,234
223,2,20,0.00392095,138,191
224,17,21,0.278789,182,226
225,3,13,0.330614,136,192
226,16,0,0.791965,182,231
227,0,3,0.362194,182,231
228,18,3,0.953834,138,203
229,23,5,0.948092,38,93
230,13,11,0.0467923,186,239
231,22,17,0.28635,184,233
232,23,1,0.307347,38,91
233,15,14,0.551526,134,200
234,10,19,0.44788,88,151
235,2,23,0.104561,86,147
236,20,0,0.0602004,232,283
237,8,9,0.246241,138,195
238,3,22,0.987648,182,231
239,4,15,0.228826,182,248
240,15,6,0.209724,42,106
241,12,21,0.371042,42,97
242,14,21,0.856443,136,182
243,1,2,0.993033,232,275
244,0,11,0.0367373,184,233
245,6,14,0.0186673,138,199
246,23,5,0.973026,138,193
247,10,22,0.0709496,88,141
248,13,21,0.395067,42,86
249,21,0,0.0822266,184,236
250,1,22,0.585242,234,278
251,1,2,0.43357,86,129
252,8,5,0.0405716,184,244
253,21,23,0.373297,136,183
254,5,18,0.562564,134,187
255,22,12,0.518665,232,285
256,19,20,0.34638,136,195
257,16,19,0.615201,88,140
258,5,24,0.0705087,86,143
259,10,14,0.12479,40,105
260,15,22,0.636779,184,243
261,6,3,0.257747,134,187
262,18,14,0.337495,40,97
263,17,24,0.629582,232,285
264,3,19,0.880185,38,85
265,8,2,0.0339744,184,236
266,1,5,0.548009,234,285
267,0,3,0.316414,42,91
268,18,24,0.766519,136,179
269,3,8,0.125709,90,135
270,21,14,0.00919878,38,84
271,11,14,0.414118,182,242
272,21,20,0.00793486,134,191
273,10,4,0.0156568,182,247
274,21,14,0.00847603,230,276
275,22,16,0.12408,42,94
276,23,18,0.52725,232,272
277,22,10,0.0676706,88,143
278,4,16,0.445111,134,183
279,3,13,0.607267,134,190
280,8,23,0.279619,136,188
281,12,15,0.427355,136,206
282,15,1,0.275718,38,98
283,16,4,0.850694,90,139
284,14,24,0.0361841,182,247
285,22,18,0.859797,42,92
286,3,20,0.984735,40,94
287,17,20,0.305926,86,134
288,17,9,0.305907,182,244
289,11,4,0.190737,42,92
290,4,18,0.355965,38,98
291,15,2,0.0130528,186,253
292,1,15,0.415685,138,198
293,16,21,0.662446,86,131
294,23,18,0.110253,38,78
295,17,15,0.270402,230,286
296,1,8,0.213488,88,133
297,8,3,0.959339,232,277
298,11,17,0.315717,86,144
299,1,11,0.757246,136,180
300,22,10,0.0728411,136,191
301,11,12,0.319201,40,94
302,5,12,0.016942,138,199
303,2,8,0.508285,138,190
304,21,24,0.259187,40,95
305,5,1,0.28038,136,187
306,18,8,0.744092,234,286
307,19,2,0.0195411,86,142
308,1,19,0.282441,38,87
309,10,1,0.372647,86,145
310,19,2,0.0194569,38,94
311,5,16,0.394085,90,149
312,2,3,0.358097,86,137
313,15,12,0.806669,184,254
314,1,23,0.478756,86,140
315,5,24,0.0677097,230,287
316,11,14,0.450352,86,146
317,14,15,0.998022,184,252
318,23,12,0.336488,90,153
319,14,16,0.0672913,38,90
320,22,6,0.294762,184,237
321,16,3,0.630067,232,273
322,19,21,0.676582,88,132
323,11,12,0.627177,230,284
324,12,22,0.206812,40,94
325,3,0,0.319587,184,233
326,18,22,0.0786922,134,184
327,11,22,0.890442,184,236
328,14,20,0.0884007,38,100
329,22,23,0.534584,232,284
330,10,9,0.370056,136,207
331,6,1,0.736143,138,183
332,21,22,0.0199515,90,145
333,10,9,0.352579,88,159
334,0,13,0.386482,138,193
335,22,10,0.0638455,86,141
336,20,12,0.0172695,40,96
337,18,1,0.49584,134,187
338,12,19,0.0461737,232,284
339,24,0,0.052141,40,105
340,13,18,0.275678,230,273
341,13,20,0.451807,136,178
342,8,24,0.0259972,136,196
343,1,4,0.536447,88,130
344,11,14,0.448723,42,102
345,5,17,0.369373,182,234
346,11,18,0.784247,88,147
347,19,21,0.652932,184,228
348,0,16,0.748842,230,279
349,11,17,0.35811,184,242
