NODES,25
INDEX,Name,X-coordinate,Y-coordinate
0,0,-,-
1,1,-,-
2,2,-,-
3,3,-,-
4,4,-,-
5,5,-,-
6,6,-,-
7,7,-,-
8,8,-,-
9,9,-,-
10,10,-,-
11,11,-,-
12,12,-,-
13,13,-,-
14,14,-,-
15,15,-,-
16,16,-,-
17,17,-,-
18,18,-,-
19,19,-,-
20,20,-,-
21,21,-,-
22,22,-,-
23,23,-,-
24,24,-,-
ARCS,529
Index,Origin,Destination,Variable Cost,Fixed Cost,Capacity,Travel time
0,0,1,0,117.8,1,5
1,1,0,0,117.8,1,5
2,1,2,0,234.05,1,7
3,1,3,0,260.4,1,8
4,1,4,0,175.15,1,6
5,1,5,0,486.7,1,15
6,1,6,0,323.95,1,9
7,1,8,0,323.95,1,9
8,1,9,0,447.95,1,12
9,1,10,0,883.5,1,26
10,1,11,0,255.75,1,8
11,1,12,0,387.5,1,10
12,1,13,0,489.8,1,14
13,1,14,0,525.45,1,16
14,1,15,0,1002.85,1,24
15,1,16,0,252.65,1,8
16,1,17,0,545.6,1,16
17,1,18,0,680.45,1,18
18,1,19,0,503.75,1,13
19,1,20,0,358.05,1,10
20,1,21,0,409.2,1,11
21,1,22,0,266.6,1,8
22,1,23,0,699.05,1,18
23,1,24,0,903.65,1,24
24,2,1,0,234.05,1,7
25,3,1,0,260.4,1,8
26,3,4,0,230.95,1,8
27,3,8,0,311.55,1,9
28,3,12,0,144.15,1,5
29,3,13,0,661.85,1,20
30,3,14,0,418.5,1,11
31,3,16,0,151.9,1,5
32,3,19,0,396.8,1,11
33,3,21,0,469.65,1,14
34,3,22,0,429.35,1,13
35,4,1,0,175.15,1,6
36,4,3,0,230.95,1,8
37,5,1,0,486.7,1,15
38,5,13,0,367.35,1,10
39,6,1,0,323.95,1,9
40,6,13,0,430.9,1,11
41,7,1,0,103.85,1,4
42,8,1,0,323.95,1,9
43,8,3,0,311.55,1,9
44,8,13,0,415.4,1,11
45,8,16,0,161.2,1,6
46,8,21,0,158.1,1,5
47,9,1,0,447.95,1,12
48,10,1,0,891.25,1,23
49,10,23,0,192.2,1,6
50,11,1,0,255.75,1,8
51,11,13,0,592.1,1,16
52,12,1,0,387.5,1,10
53,12,3,0,144.15,1,5
54,13,1,0,489.8,1,13
55,13,3,0,669.6,1,22
56,13,5,0,367.35,1,10
57,13,6,0,430.9,1,12
58,13,10,0,483.6,1,12
59,13,11,0,596.75,1,17
60,13,15,0,553.35,1,14
61,13,17,0,176.7,1,6
62,13,18,0,248,1,7
63,13,19,0,573.5,1,16
64,13,20,0,198.4,1,6
65,13,21,0,275.9,1,8
66,13,22,0,232.5,1,7
67,13,23,0,323.95,1,9
68,13,24,0,449.5,1,11
69,14,1,0,525.45,1,16
70,14,3,0,418.5,1,11
71,14,19,0,111.6,1,4
72,14,21,0,384.4,1,10
73,15,1,0,1002.85,1,24
74,15,13,0,553.35,1,16
75,15,18,0,350.3,1,10
76,15,21,0,747.1,1,20
77,15,23,0,412.3,1,11
78,16,1,0,252.65,1,8
79,16,3,0,151.9,1,5
80,16,8,0,161.2,1,6
81,16,13,0,581.25,1,17
82,16,21,0,305.35,1,9
83,17,1,0,544.05,1,14
84,17,13,0,176.7,1,6
85,17,18,0,127.1,1,5
86,17,21,0,292.95,1,8
87,18,1,0,666.5,1,17
88,18,10,0,308.45,1,10
89,18,13,0,248,1,7
90,18,15,0,350.3,1,10
91,18,17,0,127.1,1,5
92,18,19,0,719.2,1,19
93,18,21,0,421.6,1,11
94,18,22,0,421.6,1,13
95,18,23,0,116.25,1,4
96,18,24,0,237.15,1,7
97,19,1,0,503.75,1,13
98,19,3,0,396.8,1,11
99,19,8,0,240.25,1,7
100,19,14,0,111.6,1,4
101,19,21,0,297.6,1,8
102,20,1,0,358.05,1,10
103,20,13,0,198.4,1,6
104,20,23,0,522.35,1,15
105,21,1,0,409.2,1,11
106,21,3,0,458.8,1,13
107,21,8,0,158.1,1,5
108,21,13,0,275.9,1,8
109,21,14,0,384.4,1,10
110,21,15,0,829.25,1,22
111,21,17,0,292.95,1,8
112,21,18,0,420.05,1,13
113,21,19,0,297.6,1,8
114,21,23,0,440.2,1,11
115,22,1,0,266.6,1,8
116,22,3,0,429.35,1,12
117,22,13,0,232.5,1,7
118,23,1,0,699.05,1,17
119,23,10,0,192.2,1,6
120,23,13,0,323.95,1,9
121,23,15,0,412.3,1,11
122,23,17,0,153.45,1,5
123,23,18,0,116.25,1,4
124,23,21,0,446.4,1,13
125,23,24,0,305.35,1,9
126,24,1,0,903.65,1,24
127,24,13,0,449.5,1,11
128,24,18,0,237.15,1,7
129,24,23,0,305.35,1,9
130,0,2,0,161.2,1,6
131,0,3,0,353.4,1,10
132,0,4,0,285.2,1,9
133,0,5,0,474.3,1,13
134,0,6,0,246.45,1,8
135,0,8,0,427.8,1,12
136,0,9,0,379.75,1,11
137,0,10,0,931.55,1,25
138,0,11,0,158.1,1,5
139,0,12,0,401.45,1,11
140,0,14,0,632.4,1,17
141,0,15,0,1063.3,1,28
142,0,16,0,367.35,1,11
143,0,17,0,596.75,1,16
144,0,18,0,717.65,1,19
145,0,19,0,615.35,1,17
146,0,20,0,361.15,1,10
147,0,21,0,444.85,1,13
148,0,22,0,297.6,1,9
149,0,23,0,739.35,1,20
150,0,24,0,957.9,1,25
151,1,7,0,103.85,1,4
152,2,0,0,161.2,1,6
153,2,3,0,480.5,1,13
154,2,4,0,409.2,1,12
155,2,5,0,257.3,1,8
156,2,6,0,110.05,1,4
157,2,8,0,412.3,1,12
158,2,9,0,229.4,1,7
159,2,10,0,872.65,1,23
160,2,11,0,182.9,1,6
161,2,12,0,582.8,1,16
162,2,13,0,390.6,1,11
163,2,14,0,790.5,1,21
164,2,15,0,940.85,1,25
165,2,16,0,475.85,1,13
166,2,17,0,568.85,1,16
167,2,18,0,638.6,1,17
168,2,19,0,643.25,1,17
169,2,20,0,207.7,1,7
170,2,21,0,424.7,1,12
171,2,22,0,308.45,1,9
172,2,23,0,716.1,1,19
173,2,24,0,847.85,1,23
174,3,0,0,353.4,1,10
175,3,2,0,480.5,1,13
176,3,6,0,554.9,1,15
177,3,9,0,685.1,1,18
178,3,10,0,995.1,1,26
179,3,11,0,477.4,1,13
180,3,15,0,1224.5,1,32
181,3,17,0,764.15,1,20
182,3,18,0,833.9,1,22
183,3,20,0,620,1,17
184,3,23,0,888.15,1,23
185,3,24,0,1108.25,1,29
186,4,0,0,285.2,1,9
187,4,2,0,409.2,1,12
188,4,6,0,494.45,1,14
189,4,7,0,75.95,1,3
190,4,8,0,142.6,1,5
191,4,9,0,624.65,1,17
192,4,10,0,838.55,1,22
193,4,11,0,406.1,1,12
194,4,12,0,331.7,1,9
195,4,13,0,427.8,1,12
196,4,14,0,410.75,1,12
197,4,15,0,970.3,1,26
198,4,16,0,147.25,1,5
199,4,17,0,503.75,1,14
200,4,18,0,624.65,1,17
201,4,19,0,390.6,1,11
202,4,20,0,413.85,1,12
203,4,21,0,263.5,1,8
204,4,22,0,204.6,1,7
205,4,23,0,646.35,1,18
206,4,24,0,861.8,1,23
207,5,0,0,474.3,1,13
208,5,2,0,257.3,1,8
209,5,6,0,161.2,1,5
210,5,9,0,198.4,1,6
211,5,11,0,320.85,1,9
212,5,18,0,660.3,1,16
213,5,20,0,178.25,1,6
214,5,23,0,720.75,1,19
215,6,0,0,246.45,1,8
216,6,2,0,110.05,1,4
217,6,3,0,554.9,1,15
218,6,4,0,494.45,1,14
219,6,5,0,161.2,1,5
220,6,8,0,637.05,1,17
221,6,9,0,141.05,1,5
222,6,10,0,939.3,1,25
223,6,11,0,165.85,1,5
224,6,12,0,623.1,1,17
225,6,14,0,840.1,1,22
226,6,15,0,982.7,1,26
227,6,16,0,576.6,1,16
228,6,17,0,615.35,1,17
229,6,18,0,685.1,1,18
230,6,19,0,824.6,1,22
231,6,20,0,243.35,1,7
232,6,21,0,593.65,1,16
233,6,22,0,446.4,1,13
234,6,23,0,761.05,1,20
235,6,24,0,877.3,1,23
236,7,3,0,246.45,1,8
237,7,4,0,75.95,1,3
238,8,0,0,427.8,1,12
239,8,2,0,412.3,1,12
240,8,4,0,142.6,1,5
241,8,6,0,637.05,1,17
242,8,9,0,767.25,1,21
243,8,10,0,714.55,1,19
244,8,11,0,545.6,1,15
245,8,12,0,460.35,1,13
246,8,14,0,328.6,1,10
247,8,15,0,883.5,1,23
248,8,17,0,427.8,1,12
249,8,18,0,542.5,1,15
250,8,19,0,240.25,1,7
251,8,20,0,444.85,1,13
252,8,22,0,203.05,1,7
253,8,23,0,536.3,1,15
254,8,24,0,801.35,1,21
255,9,0,0,379.75,1,11
256,9,2,0,229.4,1,7
257,9,3,0,685.1,1,18
258,9,4,0,624.65,1,17
259,9,5,0,198.4,1,6
260,9,6,0,141.05,1,5
261,9,8,0,767.25,1,21
262,9,10,0,1069.5,1,28
263,9,11,0,297.6,1,8
264,9,12,0,753.3,1,20
265,9,13,0,469.65,1,12
266,9,14,0,652.55,1,18
267,9,15,0,1112.9,1,29
268,9,16,0,706.8,1,19
269,9,17,0,646.35,1,18
270,9,18,0,711.45,1,18
271,9,19,0,954.8,1,25
272,9,20,0,279,1,8
273,9,21,0,723.85,1,19
274,9,22,0,576.6,1,16
275,9,23,0,891.25,1,24
276,9,24,0,1019.9,1,27
277,10,0,0,931.55,1,25
278,10,2,0,872.65,1,23
279,10,3,0,995.1,1,26
280,10,4,0,838.55,1,22
281,10,6,0,939.3,1,25
282,10,8,0,714.55,1,19
283,10,9,0,1069.5,1,28
284,10,11,0,1133.05,1,30
285,10,12,0,1086.55,1,28
286,10,13,0,483.6,1,12
287,10,14,0,970.3,1,26
288,10,15,0,224.75,1,7
289,10,16,0,872.65,1,23
290,10,17,0,334.8,1,9
291,10,18,0,306.9,1,9
292,10,19,0,909.85,1,24
293,10,20,0,714.55,1,19
294,10,21,0,623.1,1,16
295,10,22,0,623.1,1,17
296,10,24,0,286.75,1,8
297,11,0,0,158.1,1,5
298,11,2,0,182.9,1,6
299,11,3,0,477.4,1,13
300,11,4,0,406.1,1,12
301,11,5,0,320.85,1,9
302,11,6,0,165.85,1,5
303,11,8,0,545.6,1,15
304,11,9,0,297.6,1,9
305,11,10,0,1133.05,1,30
306,11,12,0,523.9,1,14
307,11,14,0,770.35,1,21
308,11,15,0,1112.9,1,29
309,11,16,0,488.25,1,14
310,11,17,0,798.25,1,21
311,11,18,0,832.35,1,21
312,11,19,0,748.65,1,20
313,11,20,0,406.1,1,11
314,11,21,0,649.45,1,18
315,11,22,0,499.1,1,14
316,11,23,0,852.5,1,23
317,11,24,0,1021.45,1,27
318,12,0,0,401.45,1,11
319,12,2,0,582.8,1,16
320,12,4,0,331.7,1,10
321,12,6,0,623.1,1,17
322,12,8,0,460.35,1,13
323,12,9,0,753.3,1,20
324,12,10,0,1086.55,1,28
325,12,11,0,523.9,1,14
326,12,13,0,776.55,1,20
327,12,14,0,550.25,1,15
328,12,15,0,1233.8,1,32
329,12,16,0,296.05,1,9
330,12,17,0,776.55,1,21
331,12,18,0,1038.5,1,27
332,12,19,0,523.9,1,14
333,12,20,0,637.05,1,17
334,12,21,0,554.9,1,15
335,12,22,0,556.45,1,15
336,12,23,0,919.15,1,24
337,12,24,0,1137.7,1,30
338,13,2,0,390.6,1,11
339,13,4,0,427.8,1,12
340,13,8,0,415.4,1,11
341,13,9,0,469.65,1,12
342,13,14,0,655.65,1,17
343,13,16,0,530.1,1,14
344,14,0,0,632.4,1,17
345,14,2,0,790.5,1,21
346,14,4,0,410.75,1,12
347,14,6,0,840.1,1,22
348,14,8,0,328.6,1,10
349,14,9,0,652.55,1,18
350,14,10,0,970.3,1,26
351,14,11,0,770.35,1,21
352,14,12,0,550.25,1,15
353,14,13,0,655.65,1,17
354,14,15,0,1106.7,1,28
355,14,16,0,272.8,1,8
356,14,17,0,671.15,1,18
357,14,18,0,798.25,1,20
358,14,20,0,852.5,1,23
359,14,22,0,527,1,15
360,14,23,0,818.4,1,20
361,14,24,0,995.1,1,26
362,15,0,0,1063.3,1,28
363,15,2,0,940.85,1,25
364,15,3,0,1224.5,1,32
365,15,4,0,970.3,1,26
366,15,6,0,982.7,1,26
367,15,8,0,883.5,1,23
368,15,9,0,1112.9,1,29
369,15,10,0,224.75,1,7
370,15,11,0,1112.9,1,29
371,15,12,0,1233.8,1,32
372,15,14,0,1106.7,1,28
373,15,16,0,1027.65,1,27
374,15,17,0,454.15,1,12
375,15,19,0,1023,1,27
376,15,20,0,757.95,1,19
377,15,22,0,733.15,1,19
378,15,24,0,110.05,1,4
379,16,0,0,367.35,1,11
380,16,2,0,475.85,1,13
381,16,4,0,147.25,1,5
382,16,6,0,576.6,1,16
383,16,7,0,155,1,5
384,16,9,0,706.8,1,19
385,16,10,0,872.65,1,23
386,16,11,0,488.25,1,14
387,16,12,0,296.05,1,8
388,16,14,0,272.8,1,8
389,16,15,0,1027.65,1,27
390,16,17,0,570.4,1,16
391,16,18,0,686.65,1,19
392,16,19,0,251.1,1,7
393,16,20,0,525.45,1,15
394,16,22,0,302.25,1,9
395,16,23,0,692.85,1,19
396,16,24,0,951.7,1,25
397,17,0,0,596.75,1,16
398,17,2,0,568.85,1,16
399,17,3,0,764.15,1,20
400,17,4,0,503.75,1,14
401,17,5,0,530.1,1,14
402,17,6,0,615.35,1,17
403,17,8,0,427.8,1,12
404,17,9,0,649.45,1,18
405,17,10,0,334.8,1,10
406,17,11,0,798.25,1,21
407,17,12,0,776.55,1,21
408,17,14,0,671.15,1,17
409,17,15,0,454.15,1,12
410,17,16,0,570.4,1,16
411,17,19,0,581.25,1,16
412,17,20,0,373.55,1,10
413,17,22,0,294.5,1,8
414,17,23,0,153.45,1,5
415,17,24,0,362.7,1,10
416,18,0,0,719.2,1,19
417,18,2,0,638.6,1,17
418,18,3,0,833.9,1,22
419,18,4,0,624.65,1,17
420,18,5,0,660.3,1,16
421,18,6,0,685.1,1,18
422,18,8,0,542.5,1,15
423,18,9,0,711.45,1,18
424,18,11,0,832.35,1,21
425,18,12,0,1038.5,1,27
426,18,14,0,798.25,1,21
427,18,16,0,686.65,1,19
428,18,20,0,438.65,1,12
429,19,0,0,615.35,1,17
430,19,2,0,643.25,1,17
431,19,4,0,390.6,1,11
432,19,6,0,824.6,1,22
433,19,9,0,954.8,1,25
434,19,10,0,909.85,1,24
435,19,11,0,748.65,1,20
436,19,12,0,523.9,1,14
437,19,13,0,565.75,1,14
438,19,15,0,1023,1,27
439,19,16,0,251.1,1,7
440,19,17,0,581.25,1,16
441,19,18,0,709.9,1,18
442,19,20,0,764.15,1,20
443,19,22,0,437.1,1,12
444,19,23,0,728.5,1,18
445,19,24,0,942.4,1,25
446,20,0,0,361.15,1,10
447,20,2,0,207.7,1,7
448,20,3,0,620,1,17
449,20,4,0,413.85,1,12
450,20,5,0,178.25,1,6
451,20,6,0,243.35,1,7
452,20,8,0,444.85,1,13
453,20,9,0,279,1,8
454,20,10,0,714.55,1,19
455,20,11,0,406.1,1,11
456,20,12,0,637.05,1,17
457,20,14,0,878.85,1,23
458,20,15,0,757.95,1,19
459,20,16,0,525.45,1,15
460,20,17,0,373.55,1,11
461,20,18,0,438.65,1,12
462,20,19,0,764.15,1,20
463,20,21,0,466.55,1,13
464,20,22,0,272.8,1,8
465,20,24,0,641.7,1,17
466,21,0,0,444.85,1,13
467,21,2,0,424.7,1,12
468,21,4,0,263.5,1,8
469,21,6,0,593.65,1,16
470,21,9,0,723.85,1,19
471,21,10,0,623.1,1,16
472,21,11,0,646.35,1,18
473,21,12,0,554.9,1,15
474,21,16,0,305.35,1,9
475,21,20,0,466.55,1,13
476,21,22,0,142.6,1,5
477,21,24,0,651,1,18
478,22,0,0,297.6,1,9
479,22,2,0,308.45,1,10
480,22,4,0,204.6,1,7
481,22,6,0,446.4,1,13
482,22,8,0,203.05,1,6
483,22,9,0,576.6,1,16
484,22,10,0,623.1,1,17
485,22,11,0,499.1,1,14
486,22,12,0,556.45,1,15
487,22,14,0,527,1,15
488,22,15,0,733.15,1,19
489,22,16,0,302.25,1,9
490,22,17,0,294.5,1,8
491,22,18,0,404.55,1,10
492,22,19,0,437.1,1,12
493,22,20,0,272.8,1,9
494,22,21,0,142.6,1,5
495,22,23,0,432.45,1,11
496,22,24,0,643.25,1,17
497,23,0,0,739.35,1,20
498,23,2,0,716.1,1,19
499,23,3,0,888.15,1,23
500,23,4,0,646.35,1,18
501,23,6,0,761.05,1,20
502,23,8,0,536.3,1,15
503,23,9,0,891.25,1,24
504,23,11,0,852.5,1,23
505,23,12,0,919.15,1,24
506,23,14,0,818.4,1,20
507,23,16,0,692.85,1,19
508,23,19,0,728.5,1,18
509,23,20,0,522.35,1,14
510,23,22,0,432.45,1,11
511,24,0,0,957.9,1,25
512,24,2,0,847.85,1,23
513,24,3,0,1108.25,1,29
514,24,4,0,861.8,1,23
515,24,6,0,877.3,1,23
516,24,8,0,801.35,1,21
517,24,9,0,1019.9,1,27
518,24,10,0,286.75,1,8
519,24,11,0,1021.45,1,27
520,24,12,0,1137.7,1,30
521,24,14,0,995.1,1,26
522,24,15,0,110.05,1,4
523,24,16,0,951.7,1,25
524,24,17,0,362.7,1,10
525,24,19,0,942.4,1,25
526,24,20,0,641.7,1,17
527,24,21,0,651,1,16
528,24,22,0,643.25,1,17
PATHS,600
Index,Shipment origin,Shipment destination,1st terminal on path,2nd terminal on path,.....,6th terminal on path
0,0,1,0,1
1,0,2,0,1,2
2,0,3,0,1,3
3,0,4,0,1,4
4,0,5,0,1,5
5,0,6,0,1,6
6,0,7,0,1,7
7,0,8,0,1,8
8,0,9,0,1,9
9,0,10,0,1,10
10,0,11,0,1,11
11,0,12,0,1,12
12,0,13,0,1,13
13,0,14,0,1,14
14,0,15,0,1,15
15,0,16,0,1,16
16,0,17,0,1,17
17,0,18,0,1,18
18,0,19,0,1,19
19,0,20,0,1,20
20,0,21,0,1,21
21,0,22,0,1,22
22,0,23,0,1,23
23,0,24,0,1,24
24,1,0,1,0
25,1,2,1,2
26,1,3,1,3
27,1,4,1,4
28,1,5,1,5
29,1,6,1,6
30,1,7,1,7
31,1,8,1,8
32,1,9,1,9
33,1,10,1,10
34,1,11,1,11
35,1,12,1,12
36,1,13,1,13
37,1,14,1,14
38,1,15,1,15
39,1,16,1,16
40,1,17,1,17
41,1,18,1,18
42,1,19,1,19
43,1,20,1,20
44,1,21,1,21
45,1,22,1,22
46,1,23,1,23
47,1,24,1,24
48,2,0,2,1,0
49,2,1,2,1
50,2,3,2,1,3
51,2,4,2,1,4
52,2,5,2,1,5
53,2,6,2,1,6
54,2,8,2,1,8
55,2,7,2,1,7
56,2,9,2,1,9
57,2,10,2,1,10
58,2,11,2,1,11
59,2,12,2,1,12
60,2,13,2,1,13
61,2,14,2,1,14
62,2,15,2,1,15
63,2,16,2,1,16
64,2,17,2,1,17
65,2,18,2,1,18
66,2,19,2,1,19
67,2,20,2,1,20
68,2,21,2,1,21
69,2,22,2,1,22
70,2,23,2,1,23
71,2,24,2,1,24
72,3,0,3,1,0
73,3,1,3,1
74,3,2,3,1,2
75,3,4,3,4
76,3,5,3,1,5
77,3,6,3,1,6
78,3,7,3,1,7
79,3,8,3,8
80,3,9,3,1,9
81,3,10,3,13,10
82,3,11,3,1,11
83,3,12,3,12
84,3,13,3,13
85,3,14,3,14
86,3,15,3,13,15
87,3,16,3,16
88,3,17,3,13,17
89,3,18,3,13,18
90,3,19,3,19
91,3,20,3,1,20
92,3,21,3,21
93,3,22,3,22
94,3,23,3,21,23
95,3,24,3,13,24
96,4,0,4,1,0
97,4,1,4,1
98,4,2,4,1,2
99,4,3,4,3
100,4,5,4,1,5
101,4,6,4,1,6
102,4,7,4,1,7
103,4,8,4,1,8
104,4,9,4,1,9
105,4,10,4,1,10
106,4,11,4,1,11
107,4,12,4,3,12
108,4,13,4,1,13
109,4,14,4,3,14
110,4,15,4,1,15
111,4,16,4,3,16
112,4,17,4,1,17
113,4,18,4,1,18
114,4,19,4,3,19
115,4,20,4,1,20
116,4,21,4,1,21
117,4,22,4,1,22
118,4,23,4,1,23
119,4,24,4,1,24
120,5,0,5,1,0
121,5,1,5,1
122,5,2,5,1,2
123,5,3,5,1,3
124,5,4,5,1,4
125,5,6,5,1,6
126,5,7,5,1,7
127,5,8,5,1,8
128,5,9,5,1,9
129,5,10,5,13,10
130,5,11,5,1,11
131,5,12,5,1,12
132,5,13,5,13
133,5,14,5,1,14
134,5,15,5,13,15
135,5,16,5,1,16
136,5,17,5,13,17
137,5,18,5,13,18
138,5,19,5,13,21,19
139,5,20,5,13,20
140,5,21,5,13,21
141,5,22,5,1,22
142,5,23,5,13,23
143,5,24,5,13,24
144,6,0,6,1,0
145,6,1,6,1
146,6,2,6,1,2
147,6,3,6,1,3
148,6,4,6,1,4
149,6,5,6,1,5
150,6,7,6,1,7
151,6,8,6,1,8
152,6,9,6,1,9
153,6,10,6,1,10
154,6,11,6,1,11
155,6,12,6,1,12
156,6,13,6,1,13
157,6,14,6,1,14
158,6,15,6,1,15
159,6,16,6,1,16
160,6,17,6,1,17
161,6,18,6,1,18
162,6,19,6,1,19
163,6,20,6,1,20
164,6,21,6,1,21
165,6,22,6,1,22
166,6,23,6,1,23
167,6,24,6,1,24
168,7,0,7,1,0
169,7,1,7,1
170,7,2,7,1,2
171,7,3,7,3
172,7,4,7,4
173,7,5,7,1,5
174,7,6,7,3,6
175,7,8,7,3,8
176,7,9,7,1,9
177,7,10,7,1,9
178,7,11,7,3,11
179,7,12,7,4,12
180,7,13,7,4,13
181,7,14,7,4,14
182,7,15,7,4,15
183,7,16,7,4,16
184,7,17,7,1,17
185,7,18,7,1,18
186,7,19,7,1,19
187,7,20,7,1,20
188,7,21,7,1,21
189,7,22,7,1,22
190,7,23,7,1,23
191,7,24,7,1,24
192,8,0,8,1,0
193,8,1,8,1
194,8,2,8,1,2
195,8,3,8,3
196,8,4,8,1,4
197,8,5,8,1,5
198,8,6,8,1,6
199,8,7,8,1,7
200,8,9,8,1,9
201,8,10,8,21,23,10
202,8,11,8,1,11
203,8,12,8,3,12
204,8,13,8,21,13
205,8,14,8,21,14
206,8,15,8,21,13,15
207,8,16,8,3,16
208,8,17,8,21,17
209,8,18,8,21,18
210,8,19,8,21,19
211,8,20,8,1,20
212,8,21,8,21
213,8,22,8,1,22
214,8,23,8,21,23
215,8,24,8,21,13,24
216,9,0,9,1,0
217,9,1,9,1
218,9,2,9,1,2
219,9,3,9,1,3
220,9,4,9,1,4
221,9,5,9,1,5
222,9,6,9,1,6
223,9,7,9,1,7
224,9,8,9,1,8
225,9,10,9,1,10
226,9,11,9,1,11
227,9,12,9,1,12
228,9,13,9,1,13
229,9,14,9,1,14
230,9,15,9,1,15
231,9,16,9,1,16
232,9,17,9,1,17
233,9,18,9,1,18
234,9,19,9,1,19
235,9,20,9,1,20
236,9,21,9,1,21
237,9,22,9,1,22
238,9,23,9,1,23
239,9,24,9,1,24
240,10,0,10,1,0
241,10,1,10,1
242,10,2,10,1,2
243,10,3,10,1,3
244,10,4,10,1,4
245,10,5,10,23,13,5
246,10,6,10,23,13,6
247,10,7,10,1,7
248,10,8,10,23,21,8
249,10,9,10,1,9
250,10,11,10,1,11
251,10,12,10,1,12
252,10,13,10,23,13
253,10,14,10,23,21,14
254,10,15,10,23,15
255,10,16,10,1,16
256,10,17,10,23,17
257,10,18,10,23,18
258,10,19,10,23,21,19
259,10,20,10,23,13,20
260,10,21,10,23,21
261,10,22,10,23,22
262,10,23,10,23
263,10,24,10,23,24
264,11,0,11,1,0
265,11,1,11,1
266,11,2,11,1,2
267,11,3,11,1,3
268,11,4,11,1,4
269,11,5,11,1,5
270,11,6,11,1,6
271,11,7,11,1,7
272,11,8,11,1,8
273,11,9,11,1,9
274,11,10,11,13,10
275,11,12,11,1,12
276,11,13,11,13
277,11,14,11,1,14
278,11,15,11,13,15
279,11,16,11,1,16
280,11,17,11,13,17
281,11,18,11,13,18
282,11,19,11,1,19
283,11,20,11,1,20
284,11,21,11,1,21
285,11,22,11,1,22
286,11,23,11,13,23
287,11,24,11,13,24
288,12,0,12,1,0
289,12,1,12,1
290,12,2,12,1,2
291,12,3,12,3
292,12,4,12,3,4
293,12,5,12,1,5
294,12,6,12,1,6
295,12,7,12,1,7
296,12,8,12,3,8
297,12,9,12,1,9
298,12,10,12,1,10
299,12,11,12,1,11
300,12,13,12,3,13
301,12,14,12,3,14
302,12,15,12,1,15
303,12,16,12,3,16
304,12,17,12,1,17
305,12,18,12,1,18
306,12,19,12,3,19
307,12,20,12,1,20
308,12,21,12,3,21
309,12,22,12,3,22
310,12,23,12,1,23
311,12,24,12,1,24
312,13,0,13,1,0
313,13,1,13,1
314,13,2,13,1,2
315,13,3,13,3
316,13,4,13,4
317,13,5,13,5
318,13,6,13,6
319,13,7,13,1,7
320,13,8,13,21,8
321,13,9,13,1,9
322,13,10,13,10
323,13,11,13,11
324,13,12,13,3,12
325,13,14,13,21,14
326,13,15,13,15
327,13,16,13,1,16
328,13,17,13,17
329,13,18,13,18
330,13,19,13,21,19
331,13,20,13,20
332,13,21,13,21
333,13,22,13,22
334,13,23,13,23
335,13,24,13,24
336,14,0,14,1,0
337,14,1,14,1
338,14,2,14,1,2
339,14,3,14,3
340,14,4,14,3,4
341,14,5,14,1,5
342,14,6,14,1,6
343,14,7,14,1,7
344,14,8,14,3,8
345,14,9,14,1,9
346,14,10,14,21,23,10
347,14,11,14,1,11
348,14,12,14,3,12
349,14,13,14,21,13
350,14,15,14,21,13,15
351,14,16,14,3,16
352,14,17,14,21,17
353,14,18,14,21,18
354,14,19,14,1,19
355,14,20,14,1,20
356,14,21,14,21
357,14,22,14,1,22
358,14,23,14,21,23
359,14,24,14,21,13,24
360,15,0,15,1,0
361,15,1,15,1
362,15,2,15,1,2
363,15,3,15,13,3
364,15,4,15,1,4
365,15,5,15,13,5
366,15,6,15,13,6
367,15,7,15,1,7
368,15,8,15,21,8
369,15,9,15,1,9
370,15,10,15,10
371,15,11,15,1,11
372,15,12,15,1,12
373,15,13,15,13
374,15,14,15,21,14
375,15,16,15,1,16
376,15,17,15,17
377,15,18,15,18
378,15,19,15,21,19
379,15,20,15,13,20
380,15,21,15,21
381,15,22,15,13,22
382,15,23,15,23
383,15,24,15,24
384,16,0,16,1,0
385,16,1,16,1
386,16,2,16,1,2
387,16,3,16,3
388,16,4,16,3,4
389,16,5,16,1,5
390,16,6,16,1,6
391,16,7,16,1,7
392,16,8,16,3,8
393,16,9,16,1,9
394,16,10,16,13,10
395,16,11,16,1,11
396,16,12,16,3,12
397,16,13,16,13
398,16,14,16,3,14
399,16,15,16,13,15
400,16,17,16,13,17
401,16,18,16,13,18
402,16,19,16,3,19
403,16,20,16,1,20
404,16,21,16,21
405,16,22,16,3,22
406,16,23,16,13,23
407,16,24,16,13,24
408,17,0,17,1,0
409,17,1,17,1
410,17,2,17,1,2
411,17,3,17,13,3
412,17,4,17,1,4
413,17,5,17,13,5
414,17,6,17,13,6
415,17,7,17,1,7
416,17,8,17,21,8
417,17,9,17,1,9
418,17,10,17,13,10
419,17,11,17,1,11
420,17,12,17,1,12
421,17,13,17,13
422,17,14,17,21,14
423,17,15,17,13,15
424,17,16,17,1,16
425,17,18,17,18
426,17,19,17,21,19
427,17,20,17,13,20
428,17,21,17,21
429,17,22,17,13,22
430,17,23,17,13,23
431,17,24,17,13,24
432,18,0,18,1,0
433,18,1,18,1
434,18,2,18,1,2
435,18,3,18,13,3
436,18,4,18,1,4
437,18,5,18,13,5
438,18,6,18,13,6
439,18,7,18,1,7
440,18,8,18,21,8
441,18,9,18,13,1,9
442,18,10,18,10
443,18,11,18,1,11
444,18,12,18,1,12
445,18,13,18,13
446,18,14,18,21,14
447,18,15,18,15
448,18,16,18,1,16
449,18,17,18,17
450,18,19,18,21,19
451,18,20,18,13,20
452,18,21,18,21
453,18,22,18,13,22
454,18,23,18,23
455,18,24,18,24
456,19,0,19,1,0
457,19,1,19,1
458,19,2,19,1,2
459,19,3,19,3
460,19,4,19,3,4
461,19,5,19,1,5
462,19,6,19,1,6
463,19,7,19,1,7
464,19,8,19,21,8
465,19,9,19,1,9
466,19,10,19,1,10
467,19,11,19,1,11
468,19,12,19,3,12
469,19,13,19,21,13
470,19,14,19,1,14
471,19,15,19,21,13,15
472,19,16,19,3,16
473,19,17,19,21,17
474,19,18,19,21,18
475,19,20,19,1,20
476,19,21,19,21
477,19,22,19,1,22
478,19,23,19,21,23
479,19,24,19,21,13,24
480,20,0,20,1,0
481,20,1,20,1
482,20,2,20,1,2
483,20,3,20,1,3
484,20,4,20,1,4
485,20,5,20,1,5
486,20,6,20,1,6
487,20,7,20,1,7
488,20,8,20,1,8
489,20,9,20,1,9
490,20,10,20,13,10
491,20,11,20,1,11
492,20,12,20,1,12
493,20,13,20,13
494,20,14,20,1,14
495,20,15,20,13,15
496,20,16,20,1,16
497,20,17,20,13,17
498,20,18,20,13,18
499,20,19,20,1,19
500,20,21,20,1,21
501,20,22,20,13,22
502,20,23,20,13,23
503,20,24,20,13,24
504,21,0,21,1,0
505,21,1,21,1
506,21,2,21,1,2
507,21,3,21,3
508,21,4,21,1,4
509,21,5,21,13,5
510,21,6,21,13,6
511,21,7,21,1,7
512,21,8,21,8
513,21,9,21,1,9
514,21,10,21,23,10
515,21,11,21,1,11
516,21,12,21,3,12
517,21,13,21,13
518,21,14,21,14
519,21,15,21,13,15
520,21,16,21,3,16
521,21,17,21,17
522,21,18,21,18
523,21,19,21,19
524,21,20,21,1,20
525,21,22,21,1,22
526,21,23,21,23
527,21,24,21,13,24
528,22,0,22,1,0
529,22,1,22,1
530,22,2,22,1,2
531,22,3,22,3
532,22,4,22,1,4
533,22,5,22,13,5
534,22,6,22,1,6
535,22,7,22,1,7
536,22,8,22,1,8
537,22,9,22,1,9
538,22,10,22,13,10
539,22,11,22,1,11
540,22,12,22,3,12
541,22,13,22,13
542,22,14,22,1,14
543,22,15,22,13,15
544,22,16,22,1,16
545,22,17,22,13,17
546,22,18,22,13,18
547,22,19,22,1,19
548,22,20,22,13,20
549,22,21,22,1,21
550,22,23,22,13,23
551,22,24,22,13,24
552,23,0,23,1,0
553,23,1,23,1
554,23,2,23,1,2
555,23,3,23,1,3
556,23,4,23,1,4
557,23,5,23,13,5
558,23,6,23,13,6
559,23,7,23,1,7
560,23,8,23,21,8
561,23,9,23,1,9
562,23,10,23,10
563,23,11,23,1,11
564,23,12,23,1,12
565,23,13,23,13
566,23,14,23,21,14
567,23,15,23,15
568,23,16,23,1,16
569,23,17,23,17
570,23,18,23,18
571,23,19,23,21,19
572,23,20,23,13,20
573,23,21,23,21
574,23,22,23,22
575,23,24,23,24
576,24,0,24,1,0
577,24,1,24,1
578,24,2,24,1,2
579,24,3,24,13,3
580,24,4,24,1,4
581,24,5,24,13,5
582,24,6,24,13,6
583,24,7,24,1,7
584,24,8,24,18,21,8
585,24,9,24,13,1,9
586,24,10,24,23,10
587,24,11,24,13,11
588,24,12,24,1,12
589,24,13,24,13
590,24,14,24,18,21,14
591,24,15,24,15
592,24,16,24,1,16
593,24,17,24,13,17
594,24,18,24,18
595,24,19,24,18,21,19
596,24,20,24,13,20
597,24,21,24,18,21
598,24,22,24,13,22
599,24,23,24,23
COMMODITIES,500
Index,Origin,Destination,Demand/Size,Earliest available time,Latest delivery time
0,18,21,0.437792,234,269
1,20,10,0.435907,136,178
2,12,16,0.703372,186,220
3,18,22,0.107461,86,124
4,23,18,0.565699,42,70
5,24,18,0.972027,42,73
6,14,11,0.722288,234,282
7,3,11,0.541541,230,270
8,19,9,0.212998,42,91
9,24,6,0.385921,134,181
10,0,20,0.754541,86,125
11,18,19,0.940647,182,225
12,3,13,0.199244,186,230
13,15,1,0.420472,234,282
14,8,1,0.837943,230,263
15,4,1,0.987616,88,118
16,12,16,0.676012,182,216
17,12,2,0.20345,182,223
18,23,20,0.927987,40,79
19,4,1,0.349107,232,262
20,13,2,0.323397,186,230
21,13,18,0.213801,90,121
22,22,21,0.516167,184,227
23,13,14,0.102731,230,272
24,9,1,0.939208,136,172
25,18,13,0.27192,88,119
26,20,0,0.0688514,138,177
27,3,14,0.0776143,184,219
28,1,0,0.103816,86,115
29,18,3,0.787827,86,139
30,20,10,0.428642,42,84
31,23,0,0.638503,136,182
32,4,3,0.980379,182,214
33,17,15,0.289321,42,86
34,14,13,0.952898,138,180
35,18,10,0.43501,134,168
36,1,23,0.622969,186,228
37,9,1,0.448779,182,218
38,22,18,0.765757,90,128
39,1,20,0.0646053,90,124
40,3,4,0.105401,90,122
41,3,22,0.3123,230,267
42,19,1,0.0964408,234,271
43,0,18,0.816058,136,183
44,2,22,0.214288,230,269
45,8,16,0.0111704,234,272
46,14,21,0.861373,184,218
47,14,18,0.906257,42,89
48,24,11,0.636251,230,282
49,16,2,0.292227,138,177
50,1,9,0.0715211,134,170
51,4,23,0.0490773,38,86
52,10,20,0.0995955,230,275
53,22,13,0.790599,136,167
54,24,10,0.993824,234,273
55,11,1,0.0710874,182,214
56,4,18,0.331757,232,280
57,2,12,0.0509393,86,127
58,1,5,0.829558,138,177
59,4,23,0.00620839,234,282
60,3,8,0.288632,234,267
61,12,1,0.758531,40,74
62,1,4,0.105579,40,70
63,23,10,0.578879,42,72
64,21,3,0.188377,42,79
65,10,20,0.10477,234,279
66,18,13,0.791329,134,165
67,21,3,0.359673,88,125
68,4,18,0.331691,136,184
69,1,0,0.498988,38,67
70,24,19,0.767964,38,88
71,13,3,0.414669,136,182
72,2,1,0.980193,38,69
73,12,10,0.735325,38,98
74,13,14,0.243089,184,226
75,13,23,0.855925,42,75
76,1,12,0.579058,186,220
77,16,2,0.301671,40,79
78,14,8,0.48534,234,278
79,10,1,0.55192,182,229
80,24,14,0.174721,186,238
81,3,2,0.966181,136,175
82,10,15,0.57701,182,223
83,17,1,0.0655871,184,222
84,23,18,0.751692,90,118
85,18,23,0.0780197,186,214
86,6,16,0.356872,40,81
87,11,1,0.794307,38,70
88,22,0,0.18001,38,75
89,18,1,0.676483,184,225
90,9,16,0.965833,40,84
91,18,21,0.999127,184,219
92,18,1,0.105926,186,227
93,13,2,0.321083,230,274
94,13,15,0.310821,184,222
95,3,24,0.972186,186,241
96,12,13,0.202262,90,139
97,1,23,0.731146,138,180
98,16,9,0.272219,138,182
99,14,9,0.508847,182,234
100,3,0,0.547207,186,223
101,12,10,0.752959,184,244
102,3,1,0.64942,134,166
103,24,22,0.53968,186,228
104,3,12,0.741817,40,69
105,15,8,0.0269241,40,89
106,20,1,0.333941,232,266
107,24,23,0.989644,134,167
108,3,13,0.483919,88,132
109,13,6,0.940042,136,172
110,13,20,0.236636,232,262
111,15,14,0.384154,138,192
112,14,11,0.734565,134,182
113,13,19,0.896428,40,80
114,13,22,0.0197302,42,73
115,24,13,0.240545,40,75
116,11,24,0.164556,182,233
117,2,1,0.878278,40,71
118,22,24,0.423771,186,228
119,5,15,0.437261,42,90
120,13,21,0.209338,230,262
121,10,1,0.638549,90,137
122,4,10,0.0516979,186,242
123,1,14,0.797172,86,126
124,5,16,0.43889,134,181
125,4,1,0.0474499,86,116
126,13,20,0.22731,90,120
127,15,23,0.585019,90,125
128,14,15,0.114249,40,96
129,22,21,0.493105,88,131
130,18,10,0.0593674,40,74
131,14,18,0.513349,38,85
132,5,4,0.215526,230,275
133,0,12,0.248753,138,177
134,5,15,0.450572,136,184
135,10,19,0.423482,40,91
136,16,14,0.0665143,40,80
137,5,20,0.340082,134,174
138,6,1,0.137129,184,217
139,4,14,0.420209,136,179
140,8,18,0.174197,40,82
141,3,2,0.916163,86,125
142,19,23,0.717325,138,181
143,2,1,0.0617207,134,165
144,18,12,0.391548,42,93
145,22,1,0.17561,38,70
146,10,20,0.102153,42,87
147,10,15,0.326835,88,129
148,1,5,0.41021,230,269
149,15,18,0.34989,230,264
150,12,10,0.807993,86,146
151,3,14,0.594452,232,267
152,17,11,0.123857,234,280
153,16,8,0.823233,136,174
154,23,14,0.363152,88,135
155,3,19,0.216864,186,221
156,4,15,0.257548,184,238
157,3,15,0.239368,40,98
158,15,0,0.416606,88,141
159,1,13,0.0396222,182,220
160,16,3,0.165815,230,259
161,18,15,0.742454,182,216
162,0,20,0.695094,134,173
163,5,13,0.280683,234,268
164,21,1,0.283878,138,173
165,11,14,0.458427,134,182
166,16,9,0.265024,232,276
167,3,0,0.371996,234,271
168,12,3,0.207663,86,115
169,16,1,0.691047,134,166
170,1,9,0.863818,90,126
171,1,3,0.472034,234,266
172,18,24,0.670892,230,261
173,3,23,0.409499,88,137
174,10,13,0.726282,184,223
175,13,2,0.283322,234,278
176,24,20,0.14235,38,79
177,22,5,0.427969,136,177
178,18,15,0.434935,234,268
179,19,24,0.451144,90,141
180,3,13,0.548144,42,86
181,13,3,0.644243,42,88
182,22,16,0.113821,138,178
183,23,19,0.109952,90,135
184,12,21,0.325912,90,133
185,5,16,0.410134,234,281
186,22,17,0.318298,138,175
187,14,0,0.700876,38,83
188,18,17,0.331245,88,117
189,1,21,0.477999,234,269
190,17,23,0.861992,234,273
191,2,1,0.325162,230,261
192,9,1,0.432002,184,220
193,18,21,0.674398,230,265
194,11,18,0.107675,184,231
195,1,19,0.301137,234,271
196,3,21,0.275437,232,270
197,4,1,0.550809,38,68
198,22,3,0.0952794,232,268
199,2,4,0.911028,138,175
200,14,4,0.218625,182,225
201,4,3,0.256255,234,266
202,19,11,0.640242,186,231
203,15,23,0.340602,86,121
204,5,1,0.65306,232,271
205,15,17,0.27352,134,170
206,13,8,0.0856255,40,77
207,1,16,0.667411,184,216
208,1,5,0.806251,42,81
209,5,18,0.553214,230,271
210,4,3,0.389815,90,122
211,12,1,0.981048,86,120
212,14,22,0.655915,230,278
213,19,22,0.437957,134,179
214,20,17,0.413724,184,220
215,21,23,0.310195,184,219
216,17,18,0.283841,138,167
217,22,24,0.452885,136,178
218,10,24,0.811622,230,269
219,10,13,0.995937,138,177
220,22,3,0.0792924,86,122
221,14,23,0.409987,38,83
222,23,13,0.200327,186,219
223,1,6,0.440097,138,171
224,17,13,0.972393,134,164
225,17,21,0.295241,40,72
226,22,11,0.424064,234,274
227,24,6,0.421609,232,279
228,13,5,0.324663,134,168
229,1,10,0.521328,42,92
230,3,2,0.970004,42,81
231,19,15,0.517935,232,286
232,3,11,0.222827,232,272
233,14,21,0.772555,230,264
234,0,15,0.423709,136,189
235,13,19,0.673178,134,174
236,18,16,0.528801,40,89
237,23,16,0.214491,136,185
238,18,16,0.456631,230,279
239,20,19,0.486584,182,229
240,20,18,0.289808,232,269
241,11,4,0.0899876,182,220
242,10,8,0.300615,182,230
243,24,22,0.614791,182,224
244,14,1,0.882085,230,270
245,18,14,0.14468,90,135
246,5,13,0.465335,138,172
247,13,18,0.400799,40,71
248,4,12,0.178163,230,267
249,1,21,0.024205,230,265
250,14,1,0.669554,184,224
251,1,5,0.352747,90,129
252,18,19,0.969288,42,85
253,2,1,0.0622145,88,119
254,13,0,0.629976,42,84
255,14,23,0.424701,234,279
256,10,24,0.912053,42,81
257,20,8,0.273185,232,275
258,11,14,0.435155,230,278
259,0,3,0.306989,90,127
260,10,16,0.106194,86,141
261,15,18,0.150605,42,76
262,2,23,0.0893643,234,283
263,17,24,0.590372,134,175
264,13,14,0.0813308,234,276
265,15,17,0.0443367,88,124
266,16,6,0.104553,232,273
267,17,15,0.0535129,38,82
268,19,23,0.708713,38,81
269,15,18,0.751112,40,74
270,22,20,0.527278,42,79
271,10,12,0.0675459,184,241
272,8,1,0.899704,138,171
273,16,3,0.380758,88,117
274,24,15,0.177209,186,214
275,22,8,0.400197,182,223
276,23,22,0.268744,138,173
277,11,17,0.360409,38,84
278,23,19,0.597635,184,229
279,18,23,0.855952,86,114
280,18,6,0.818502,184,227
281,13,24,0.713897,88,123
282,0,18,0.847094,182,229
283,11,15,0.0151114,182,236
284,18,14,0.160601,88,133
285,16,0,0.715157,86,123
286,13,8,0.0400566,138,175
287,18,0,0.225909,88,134
288,18,24,0.596562,42,73
289,16,8,0.910305,42,80
290,18,12,0.422324,230,281
291,1,23,0.145098,86,128
292,3,1,0.771214,136,168
293,13,11,0.0172507,86,127
294,20,1,0.0250297,184,218
295,14,11,0.762132,88,136
296,0,22,0.233747,182,219
297,23,10,0.999883,182,212
298,15,12,0.851882,184,242
299,9,1,0.357076,88,124
300,11,3,0.661868,182,222
301,15,1,0.624358,182,230
302,17,24,0.694366,40,81
303,0,12,0.291879,230,269
304,14,10,0.168953,138,189
305,10,19,0.458735,234,285
306,24,15,0.839235,88,116
307,20,10,0.490251,232,274
308,17,24,0.703182,86,127
309,5,1,0.0612524,88,127
310,17,20,0.31207,88,124
311,20,8,0.269968,184,227
312,24,15,0.0311704,234,262
313,16,3,0.677038,186,215
314,4,13,0.330884,182,226
315,11,24,0.0176553,232,283
316,0,4,0.0314622,234,269
317,21,8,0.455255,184,213
318,0,16,0.754919,184,221
319,11,8,0.425479,232,273
320,23,14,0.543215,184,231
321,23,11,0.235439,182,231
322,22,9,0.19679,186,230
323,23,1,0.982716,230,271
324,13,24,0.465821,90,125
325,23,8,0.244739,182,224
326,20,14,0.353057,136,186
327,1,2,0.154209,138,169
328,20,2,0.248659,184,225
329,15,13,0.209221,38,78
330,17,24,0.621067,42,83
331,18,12,0.447518,182,233
332,23,10,0.726935,38,68
333,18,14,0.305862,138,183
334,16,13,0.886531,86,127
335,17,20,0.272162,136,172
336,1,11,0.361096,234,266
337,19,21,0.676987,42,74
338,17,9,0.324319,230,280
339,18,12,0.438067,86,137
340,13,22,0.200461,138,169
341,2,13,0.117601,86,131
342,19,24,0.436129,88,139
343,1,24,0.189701,186,234
344,11,12,0.606152,230,272
345,11,22,0.863404,136,176
346,11,18,0.993493,230,277
347,13,19,0.517491,88,128
348,22,11,0.434318,182,222
349,16,19,0.581325,182,222
350,10,13,0.816414,90,129
351,13,18,0.648857,182,213
352,23,20,0.043467,232,271
353,6,16,0.386659,134,175
354,1,8,0.167931,232,265
355,4,18,0.380212,86,134
356,8,17,0.542454,234,271
357,14,16,0.14166,232,272
358,0,12,0.276949,184,223
359,14,3,0.17387,38,73
360,20,18,0.29362,230,267
361,0,11,0.946799,184,221
362,17,24,0.704959,230,271
363,2,4,0.916514,182,219
364,1,8,0.809498,38,71
365,13,8,0.979261,182,219
366,23,2,0.0964406,38,86
367,1,0,0.16426,90,119
368,10,1,0.442003,184,231
369,3,6,0.311471,38,79
370,15,18,0.669122,186,220
371,18,14,0.12033,136,181
372,17,15,0.237017,90,134
373,12,15,0.468839,184,242
374,18,20,0.234695,86,123
375,1,16,0.340247,234,266
376,24,22,0.612783,42,84
377,15,6,0.198829,234,286
378,4,0,0.144586,40,75
379,16,1,0.430652,186,218
380,16,0,0.706364,40,77
381,0,1,0.388167,234,263
382,3,5,0.775637,186,233
383,13,15,0.578671,232,270
384,10,11,0.0473179,186,241
385,1,4,0.205425,90,120
386,1,21,0.428662,134,169
387,15,14,0.319843,86,140
388,11,21,0.342409,230,273
389,18,16,0.475049,232,281
390,19,11,0.704768,230,275
391,24,23,0.549604,90,123
392,15,20,0.0825713,90,136
393,3,14,0.368538,134,169
394,10,20,0.0989841,232,277
395,14,1,0.631556,234,274
396,23,10,0.0266428,136,166
397,16,13,0.99588,42,83
398,14,1,0.117498,88,128
399,17,1,0.827442,38,76
400,22,18,0.723612,38,76
401,12,3,0.575376,182,211
402,18,4,0.752382,88,135
403,3,18,0.480158,184,235
404,1,14,0.194653,184,224
405,15,12,0.792749,230,288
406,19,8,0.425477,234,271
407,14,18,0.682646,230,277
408,0,24,0.511672,136,189
409,13,24,0.123733,40,75
410,14,13,0.803365,232,274
411,2,1,0.560516,182,213
412,15,19,0.594563,42,94
413,23,21,0.101236,40,77
414,24,17,0.695895,136,177
415,18,23,0.282716,230,258
416,15,19,0.530168,232,284
417,23,18,0.634649,134,162
418,10,6,0.0859865,182,233
419,4,24,0.328565,138,192
420,17,1,0.20368,40,78
421,15,14,0.343261,232,286
422,24,10,0.103055,90,129
423,14,5,0.337856,136,191
424,14,23,0.457927,138,183
425,15,1,0.59519,138,186
426,14,20,0.0864494,182,232
427,11,23,0.904126,134,183
428,10,20,0.090071,38,83
429,12,3,0.291028,90,119
430,1,19,0.674912,232,269
431,2,1,0.696149,86,117
432,17,23,0.496333,42,81
433,13,19,0.702218,182,222
434,9,1,0.588245,40,76
435,8,3,0.671178,86,119
436,23,22,0.282311,234,269
437,18,3,0.992145,40,93
438,11,24,0.0551659,184,235
439,4,1,0.0611276,230,260
440,13,10,0.273789,90,126
441,24,1,0.129735,90,138
442,3,8,0.232992,230,263
443,15,8,0.0395383,234,283
444,3,12,0.693263,138,167
445,23,24,0.841405,38,71
446,24,15,0.359937,42,70
447,13,4,0.0791749,136,172
448,11,12,0.206836,232,274
449,6,3,0.232936,182,223
450,23,8,0.176388,40,82
451,22,1,0.925962,234,266
452,24,21,0.119736,42,84
453,18,20,0.802866,182,219
454,3,19,0.303514,42,77
455,18,10,0.980145,230,264
456,3,4,0.236259,182,214
457,0,23,0.0755869,88,135
458,13,22,0.116616,232,263
459,6,1,0.209202,230,263
460,17,19,0.697808,90,130
461,18,5,0.150986,38,79
462,16,2,0.303327,134,173
463,1,12,0.6151,234,268
464,14,15,0.748755,90,146
465,8,1,0.165445,184,217
466,0,18,0.918613,90,137
467,16,19,0.57472,136,176
468,18,10,0.789536,38,72
469,8,17,0.32959,232,269
470,2,14,0.737927,38,85
471,1,15,0.828385,88,136
472,17,15,0.224418,88,132
473,18,11,0.049072,138,187
474,17,10,0.542199,184,226
475,6,1,0.107046,136,169
476,23,13,0.0529509,182,215
477,23,1,0.475987,138,179
478,0,21,0.416023,184,224
479,19,3,0.859132,134,169
480,19,11,0.752296,90,135
481,4,1,0.747576,40,70
482,11,13,0.619402,90,130
483,18,11,0.0436888,40,89
484,5,8,0.0520858,234,282
485,20,2,0.222827,90,131
486,2,15,0.286498,90,145
487,20,15,0.437134,90,134
488,15,22,0.609499,86,133
489,18,19,0.0336276,186,229
490,11,23,0.0281027,230,279
491,1,17,0.259482,232,272
492,3,20,0.0356501,136,178
493,22,3,0.200281,40,76
494,10,18,0.380131,184,218
495,18,3,0.817516,134,187
496,18,24,0.731603,182,213
497,12,1,0.726088,138,172
498,15,24,0.793897,40,68
499,0,14,0.308716,234,279
