NODES,25
INDEX,Name,X-coordinate,Y-coordinate
0,0,-,-
1,1,-,-
2,2,-,-
3,3,-,-
4,4,-,-
5,5,-,-
6,6,-,-
7,7,-,-
8,8,-,-
9,9,-,-
10,10,-,-
11,11,-,-
12,12,-,-
13,13,-,-
14,14,-,-
15,15,-,-
16,16,-,-
17,17,-,-
18,18,-,-
19,19,-,-
20,20,-,-
21,21,-,-
22,22,-,-
23,23,-,-
24,24,-,-
ARCS,529
Index,Origin,Destination,Variable Cost,Fixed Cost,Capacity,Travel time
0,0,1,0,117.8,1,5
1,1,0,0,117.8,1,5
2,1,2,0,234.05,1,7
3,1,3,0,260.4,1,8
4,1,4,0,175.15,1,6
5,1,5,0,486.7,1,15
6,1,6,0,323.95,1,9
7,1,8,0,323.95,1,9
8,1,9,0,447.95,1,12
9,1,10,0,883.5,1,26
10,1,11,0,255.75,1,8
11,1,12,0,387.5,1,10
12,1,13,0,489.8,1,14
13,1,14,0,525.45,1,16
14,1,15,0,1002.85,1,24
15,1,16,0,252.65,1,8
16,1,17,0,545.6,1,16
17,1,18,0,680.45,1,18
18,1,19,0,503.75,1,13
19,1,20,0,358.05,1,10
20,1,21,0,409.2,1,11
21,1,22,0,266.6,1,8
22,1,23,0,699.05,1,18
23,1,24,0,903.65,1,24
24,2,1,0,234.05,1,7
25,3,1,0,260.4,1,8
26,3,4,0,230.95,1,8
27,3,8,0,311.55,1,9
28,3,12,0,144.15,1,5
29,3,13,0,661.85,1,20
30,3,14,0,418.5,1,11
31,3,16,0,151.9,1,5
32,3,19,0,396.8,1,11
33,3,21,0,469.65,1,14
34,3,22,0,429.35,1,13
35,4,1,0,175.15,1,6
36,4,3,0,230.95,1,8
37,5,1,0,486.7,1,15
38,5,13,0,367.35,1,10
39,6,1,0,323.95,1,9
40,6,13,0,430.9,1,11
41,7,1,0,103.85,1,4
42,8,1,0,323.95,1,9
43,8,3,0,311.55,1,9
44,8,13,0,415.4,1,11
45,8,16,0,161.2,1,6
46,8,21,0,158.1,1,5
47,9,1,0,447.95,1,12
48,10,1,0,891.25,1,23
49,10,23,0,192.2,1,6
50,11,1,0,255.75,1,8
51,11,13,0,592.1,1,16
52,12,1,0,387.5,1,10
53,12,3,0,144.15,1,5
54,13,1,0,489.8,1,13
55,13,3,0,669.6,1,22
56,13,5,0,367.35,1,10
57,13,6,0,430.9,1,12
58,13,10,0,483.6,1,12
59,13,11,0,596.75,1,17
60,13,15,0,553.35,1,14
61,13,17,0,176.7,1,6
62,13,18,0,248,1,7
63,13,19,0,573.5,1,16
64,13,20,0,198.4,1,6
65,13,21,0,275.9,1,8
66,13,22,0,232.5,1,7
67,13,23,0,323.95,1,9
68,13,24,0,449.5,1,11
69,14,1,0,525.45,1,16
70,14,3,0,418.5,1,11
71,14,19,0,111.6,1,4
72,14,21,0,384.4,1,10
73,15,1,0,1002.85,1,24
74,15,13,0,553.35,1,16
75,15,18,0,350.3,1,10
76,15,21,0,747.1,1,20
77,15,23,0,412.3,1,11
78,16,1,0,252.65,1,8
79,16,3,0,151.9,1,5
80,16,8,0,161.2,1,6
81,16,13,0,581.25,1,17
82,16,21,0,305.35,1,9
83,17,1,0,544.05,1,14
84,17,13,0,176.7,1,6
85,17,18,0,127.1,1,5
86,17,21,0,292.95,1,8
87,18,1,0,666.5,1,17
88,18,10,0,308.45,1,10
89,18,13,0,248,1,7
90,18,15,0,350.3,1,10
91,18,17,0,127.1,1,5
92,18,19,0,719.2,1,19
93,18,21,0,421.6,1,11
94,18,22,0,421.6,1,13
95,18,23,0,116.25,1,4
96,18,24,0,237.15,1,7
97,19,1,0,503.75,1,13
98,19,3,0,396.8,1,11
99,19,8,0,240.25,1,7
100,19,14,0,111.6,1,4
101,19,21,0,297.6,1,8
102,20,1,0,358.05,1,10
103,20,13,0,198.4,1,6
104,20,23,0,522.35,1,15
105,21,1,0,409.2,1,11
106,21,3,0,458.8,1,13
107,21,8,0,158.1,1,5
108,21,13,0,275.9,1,8
109,21,14,0,384.4,1,10
110,21,15,0,829.25,1,22
111,21,17,0,292.95,1,8
112,21,18,0,420.05,1,13
113,21,19,0,297.6,1,8
114,21,23,0,440.2,1,11
115,22,1,0,266.6,1,8
116,22,3,0,429.35,1,12
117,22,13,0,232.5,1,7
118,23,1,0,699.05,1,17
119,23,10,0,192.2,1,6
120,23,13,0,323.95,1,9
121,23,15,0,412.3,1,11
122,23,17,0,153.45,1,5
123,23,18,0,116.25,1,4
124,23,21,0,446.4,1,13
125,23,24,0,305.35,1,9
126,24,1,0,903.65,1,24
127,24,13,0,449.5,1,11
128,24,18,0,237.15,1,7
129,24,23,0,305.35,1,9
130,0,2,0,161.2,1,6
131,0,3,0,353.4,1,10
132,0,4,0,285.2,1,9
133,0,5,0,474.3,1,13
134,0,6,0,246.45,1,8
135,0,8,0,427.8,1,12
136,0,9,0,379.75,1,11
137,0,10,0,931.55,1,25
138,0,11,0,158.1,1,5
139,0,12,0,401.45,1,11
140,0,14,0,632.4,1,17
141,0,15,0,1063.3,1,28
142,0,16,0,367.35,1,11
143,0,17,0,596.75,1,16
144,0,18,0,717.65,1,19
145,0,19,0,615.35,1,17
146,0,20,0,361.15,1,10
147,0,21,0,444.85,1,13
148,0,22,0,297.6,1,9
149,0,23,0,739.35,1,20
150,0,24,0,957.9,1,25
151,1,7,0,103.85,1,4
152,2,0,0,161.2,1,6
153,2,3,0,480.5,1,13
154,2,4,0,409.2,1,12
155,2,5,0,257.3,1,8
156,2,6,0,110.05,1,4
157,2,8,0,412.3,1,12
158,2,9,0,229.4,1,7
159,2,10,0,872.65,1,23
160,2,11,0,182.9,1,6
161,2,12,0,582.8,1,16
162,2,13,0,390.6,1,11
163,2,14,0,790.5,1,21
164,2,15,0,940.85,1,25
165,2,16,0,475.85,1,13
166,2,17,0,568.85,1,16
167,2,18,0,638.6,1,17
168,2,19,0,643.25,1,17
169,2,20,0,207.7,1,7
170,2,21,0,424.7,1,12
171,2,22,0,308.45,1,9
172,2,23,0,716.1,1,19
173,2,24,0,847.85,1,23
174,3,0,0,353.4,1,10
175,3,2,0,480.5,1,13
176,3,6,0,554.9,1,15
177,3,9,0,685.1,1,18
178,3,10,0,995.1,1,26
179,3,11,0,477.4,1,13
180,3,15,0,1224.5,1,32
181,3,17,0,764.15,1,20
182,3,18,0,833.9,1,22
183,3,20,0,620,1,17
184,3,23,0,888.15,1,23
185,3,24,0,1108.25,1,29
186,4,0,0,285.2,1,9
187,4,2,0,409.2,1,12
188,4,6,0,494.45,1,14
189,4,7,0,75.95,1,3
190,4,8,0,142.6,1,5
191,4,9,0,624.65,1,17
192,4,10,0,838.55,1,22
193,4,11,0,406.1,1,12
194,4,12,0,331.7,1,9
195,4,13,0,427.8,1,12
196,4,14,0,410.75,1,12
197,4,15,0,970.3,1,26
198,4,16,0,147.25,1,5
199,4,17,0,503.75,1,14
200,4,18,0,624.65,1,17
201,4,19,0,390.6,1,11
202,4,20,0,413.85,1,12
203,4,21,0,263.5,1,8
204,4,22,0,204.6,1,7
205,4,23,0,646.35,1,18
206,4,24,0,861.8,1,23
207,5,0,0,474.3,1,13
208,5,2,0,257.3,1,8
209,5,6,0,161.2,1,5
210,5,9,0,198.4,1,6
211,5,11,0,320.85,1,9
212,5,18,0,660.3,1,16
213,5,20,0,178.25,1,6
214,5,23,0,720.75,1,19
215,6,0,0,246.45,1,8
216,6,2,0,110.05,1,4
217,6,3,0,554.9,1,15
218,6,4,0,494.45,1,14
219,6,5,0,161.2,1,5
220,6,8,0,637.05,1,17
221,6,9,0,141.05,1,5
222,6,10,0,939.3,1,25
223,6,11,0,165.85,1,5
224,6,12,0,623.1,1,17
225,6,14,0,840.1,1,22
226,6,15,0,982.7,1,26
227,6,16,0,576.6,1,16
228,6,17,0,615.35,1,17
229,6,18,0,685.1,1,18
230,6,19,0,824.6,1,22
231,6,20,0,243.35,1,7
232,6,21,0,593.65,1,16
233,6,22,0,446.4,1,13
234,6,23,0,761.05,1,20
235,6,24,0,877.3,1,23
236,7,3,0,246.45,1,8
237,7,4,0,75.95,1,3
238,8,0,0,427.8,1,12
239,8,2,0,412.3,1,12
240,8,4,0,142.6,1,5
241,8,6,0,637.05,1,17
242,8,9,0,767.25,1,21
243,8,10,0,714.55,1,19
244,8,11,0,545.6,1,15
245,8,12,0,460.35,1,13
246,8,14,0,328.6,1,10
247,8,15,0,883.5,1,23
248,8,17,0,427.8,1,12
249,8,18,0,542.5,1,15
250,8,19,0,240.25,1,7
251,8,20,0,444.85,1,13
252,8,22,0,203.05,1,7
253,8,23,0,536.3,1,15
254,8,24,0,801.35,1,21
255,9,0,0,379.75,1,11
256,9,2,0,229.4,1,7
257,9,3,0,685.1,1,18
258,9,4,0,624.65,1,17
259,9,5,0,198.4,1,6
260,9,6,0,141.05,1,5
261,9,8,0,767.25,1,21
262,9,10,0,1069.5,1,28
263,9,11,0,297.6,1,8
264,9,12,0,753.3,1,20
265,9,13,0,469.65,1,12
266,9,14,0,652.55,1,18
267,9,15,0,1112.9,1,29
268,9,16,0,706.8,1,19
269,9,17,0,646.35,1,18
270,9,18,0,711.45,1,18
271,9,19,0,954.8,1,25
272,9,20,0,279,1,8
273,9,21,0,723.85,1,19
274,9,22,0,576.6,1,16
275,9,23,0,891.25,1,24
276,9,24,0,1019.9,1,27
277,10,0,0,931.55,1,25
278,10,2,0,872.65,1,23
279,10,3,0,995.1,1,26
280,10,4,0,838.55,1,22
281,10,6,0,939.3,1,25
282,10,8,0,714.55,1,19
283,10,9,0,1069.5,1,28
284,10,11,0,1133.05,1,30
285,10,12,0,1086.55,1,28
286,10,13,0,483.6,1,12
287,10,14,0,970.3,1,26
288,10,15,0,224.75,1,7
289,10,16,0,872.65,1,23
290,10,17,0,334.8,1,9
291,10,18,0,306.9,1,9
292,10,19,0,909.85,1,24
293,10,20,0,714.55,1,19
294,10,21,0,623.1,1,16
295,10,22,0,623.1,1,17
296,10,24,0,286.75,1,8
297,11,0,0,158.1,1,5
298,11,2,0,182.9,1,6
299,11,3,0,477.4,1,13
300,11,4,0,406.1,1,12
301,11,5,0,320.85,1,9
302,11,6,0,165.85,1,5
303,11,8,0,545.6,1,15
304,11,9,0,297.6,1,9
305,11,10,0,1133.05,1,30
306,11,12,0,523.9,1,14
307,11,14,0,770.35,1,21
308,11,15,0,1112.9,1,29
309,11,16,0,488.25,1,14
310,11,17,0,798.25,1,21
311,11,18,0,832.35,1,21
312,11,19,0,748.65,1,20
313,11,20,0,406.1,1,11
314,11,21,0,649.45,1,18
315,11,22,0,499.1,1,14
316,11,23,0,852.5,1,23
317,11,24,0,1021.45,1,27
318,12,0,0,401.45,1,11
319,12,2,0,582.8,1,16
320,12,4,0,331.7,1,10
321,12,6,0,623.1,1,17
322,12,8,0,460.35,1,13
323,12,9,0,753.3,1,20
324,12,10,0,1086.55,1,28
325,12,11,0,523.9,1,14
326,12,13,0,776.55,1,20
327,12,14,0,550.25,1,15
328,12,15,0,1233.8,1,32
329,12,16,0,296.05,1,9
330,12,17,0,776.55,1,21
331,12,18,0,1038.5,1,27
332,12,19,0,523.9,1,14
333,12,20,0,637.05,1,17
334,12,21,0,554.9,1,15
335,12,22,0,556.45,1,15
336,12,23,0,919.15,1,24
337,12,24,0,1137.7,1,30
338,13,2,0,390.6,1,11
339,13,4,0,427.8,1,12
340,13,8,0,415.4,1,11
341,13,9,0,469.65,1,12
342,13,14,0,655.65,1,17
343,13,16,0,530.1,1,14
344,14,0,0,632.4,1,17
345,14,2,0,790.5,1,21
346,14,4,0,410.75,1,12
347,14,6,0,840.1,1,22
348,14,8,0,328.6,1,10
349,14,9,0,652.55,1,18
350,14,10,0,970.3,1,26
351,14,11,0,770.35,1,21
352,14,12,0,550.25,1,15
353,14,13,0,655.65,1,17
354,14,15,0,1106.7,1,28
355,14,16,0,272.8,1,8
356,14,17,0,671.15,1,18
357,14,18,0,798.25,1,20
358,14,20,0,852.5,1,23
359,14,22,0,527,1,15
360,14,23,0,818.4,1,20
361,14,24,0,995.1,1,26
362,15,0,0,1063.3,1,28
363,15,2,0,940.85,1,25
364,15,3,0,1224.5,1,32
365,15,4,0,970.3,1,26
366,15,6,0,982.7,1,26
367,15,8,0,883.5,1,23
368,15,9,0,1112.9,1,29
369,15,10,0,224.75,1,7
370,15,11,0,1112.9,1,29
371,15,12,0,1233.8,1,32
372,15,14,0,1106.7,1,28
373,15,16,0,1027.65,1,27
374,15,17,0,454.15,1,12
375,15,19,0,1023,1,27
376,15,20,0,757.95,1,19
377,15,22,0,733.15,1,19
378,15,24,0,110.05,1,4
379,16,0,0,367.35,1,11
380,16,2,0,475.85,1,13
381,16,4,0,147.25,1,5
382,16,6,0,576.6,1,16
383,16,7,0,155,1,5
384,16,9,0,706.8,1,19
385,16,10,0,872.65,1,23
386,16,11,0,488.25,1,14
387,16,12,0,296.05,1,8
388,16,14,0,272.8,1,8
389,16,15,0,1027.65,1,27
390,16,17,0,570.4,1,16
391,16,18,0,686.65,1,19
392,16,19,0,251.1,1,7
393,16,20,0,525.45,1,15
394,16,22,0,302.25,1,9
395,16,23,0,692.85,1,19
396,16,24,0,951.7,1,25
397,17,0,0,596.75,1,16
398,17,2,0,568.85,1,16
399,17,3,0,764.15,1,20
400,17,4,0,503.75,1,14
401,17,5,0,530.1,1,14
402,17,6,0,615.35,1,17
403,17,8,0,427.8,1,12
404,17,9,0,649.45,1,18
405,17,10,0,334.8,1,10
406,17,11,0,798.25,1,21
407,17,12,0,776.55,1,21
408,17,14,0,671.15,1,17
409,17,15,0,454.15,1,12
410,17,16,0,570.4,1,16
411,17,19,0,581.25,1,16
412,17,20,0,373.55,1,10
413,17,22,0,294.5,1,8
414,17,23,0,153.45,1,5
415,17,24,0,362.7,1,10
416,18,0,0,719.2,1,19
417,18,2,0,638.6,1,17
418,18,3,0,833.9,1,22
419,18,4,0,624.65,1,17
420,18,5,0,660.3,1,16
421,18,6,0,685.1,1,18
422,18,8,0,542.5,1,15
423,18,9,0,711.45,1,18
424,18,11,0,832.35,1,21
425,18,12,0,1038.5,1,27
426,18,14,0,798.25,1,21
427,18,16,0,686.65,1,19
428,18,20,0,438.65,1,12
429,19,0,0,615.35,1,17
430,19,2,0,643.25,1,17
431,19,4,0,390.6,1,11
432,19,6,0,824.6,1,22
433,19,9,0,954.8,1,25
434,19,10,0,909.85,1,24
435,19,11,0,748.65,1,20
436,19,12,0,523.9,1,14
437,19,13,0,565.75,1,14
438,19,15,0,1023,1,27
439,19,16,0,251.1,1,7
440,19,17,0,581.25,1,16
441,19,18,0,709.9,1,18
442,19,20,0,764.15,1,20
443,19,22,0,437.1,1,12
444,19,23,0,728.5,1,18
445,19,24,0,942.4,1,25
446,20,0,0,361.15,1,10
447,20,2,0,207.7,1,7
448,20,3,0,620,1,17
449,20,4,0,413.85,1,12
450,20,5,0,178.25,1,6
451,20,6,0,243.35,1,7
452,20,8,0,444.85,1,13
453,20,9,0,279,1,8
454,20,10,0,714.55,1,19
455,20,11,0,406.1,1,11
456,20,12,0,637.05,1,17
457,20,14,0,878.85,1,23
458,20,15,0,757.95,1,19
459,20,16,0,525.45,1,15
460,20,17,0,373.55,1,11
461,20,18,0,438.65,1,12
462,20,19,0,764.15,1,20
463,20,21,0,466.55,1,13
464,20,22,0,272.8,1,8
465,20,24,0,641.7,1,17
466,21,0,0,444.85,1,13
467,21,2,0,424.7,1,12
468,21,4,0,263.5,1,8
469,21,6,0,593.65,1,16
470,21,9,0,723.85,1,19
471,21,10,0,623.1,1,16
472,21,11,0,646.35,1,18
473,21,12,0,554.9,1,15
474,21,16,0,305.35,1,9
475,21,20,0,466.55,1,13
476,21,22,0,142.6,1,5
477,21,24,0,651,1,18
478,22,0,0,297.6,1,9
479,22,2,0,308.45,1,10
480,22,4,0,204.6,1,7
481,22,6,0,446.4,1,13
482,22,8,0,203.05,1,6
483,22,9,0,576.6,1,16
484,22,10,0,623.1,1,17
485,22,11,0,499.1,1,14
486,22,12,0,556.45,1,15
487,22,14,0,527,1,15
488,22,15,0,733.15,1,19
489,22,16,0,302.25,1,9
490,22,17,0,294.5,1,8
491,22,18,0,404.55,1,10
492,22,19,0,437.1,1,12
493,22,20,0,272.8,1,9
494,22,21,0,142.6,1,5
495,22,23,0,432.45,1,11
496,22,24,0,643.25,1,17
497,23,0,0,739.35,1,20
498,23,2,0,716.1,1,19
499,23,3,0,888.15,1,23
500,23,4,0,646.35,1,18
501,23,6,0,761.05,1,20
502,23,8,0,536.3,1,15
503,23,9,0,891.25,1,24
504,23,11,0,852.5,1,23
505,23,12,0,919.15,1,24
506,23,14,0,818.4,1,20
507,23,16,0,692.85,1,19
508,23,19,0,728.5,1,18
509,23,20,0,522.35,1,14
510,23,22,0,432.45,1,11
511,24,0,0,957.9,1,25
512,24,2,0,847.85,1,23
513,24,3,0,1108.25,1,29
514,24,4,0,861.8,1,23
515,24,6,0,877.3,1,23
516,24,8,0,801.35,1,21
517,24,9,0,1019.9,1,27
518,24,10,0,286.75,1,8
519,24,11,0,1021.45,1,27
520,24,12,0,1137.7,1,30
521,24,14,0,995.1,1,26
522,24,15,0,110.05,1,4
523,24,16,0,951.7,1,25
524,24,17,0,362.7,1,10
525,24,19,0,942.4,1,25
526,24,20,0,641.7,1,17
527,24,21,0,651,1,16
528,24,22,0,643.25,1,17
PATHS,600
Index,Shipment origin,Shipment destination,1st terminal on path,2nd terminal on path,.....,6th terminal on path
0,0,1,0,1
1,0,2,0,1,2
2,0,3,0,1,3
3,0,4,0,1,4
4,0,5,0,1,5
5,0,6,0,1,6
6,0,7,0,1,7
7,0,8,0,1,8
8,0,9,0,1,9
9,0,10,0,1,10
10,0,11,0,1,11
11,0,12,0,1,12
12,0,13,0,1,13
13,0,14,0,1,14
14,0,15,0,1,15
15,0,16,0,1,16
16,0,17,0,1,17
17,0,18,0,1,18
18,0,19,0,1,19
19,0,20,0,1,20
20,0,21,0,1,21
21,0,22,0,1,22
22,0,23,0,1,23
23,0,24,0,1,24
24,1,0,1,0
25,1,2,1,2
26,1,3,1,3
27,1,4,1,4
28,1,5,1,5
29,1,6,1,6
30,1,7,1,7
31,1,8,1,8
32,1,9,1,9
33,1,10,1,10
34,1,11,1,11
35,1,12,1,12
36,1,13,1,13
37,1,14,1,14
38,1,15,1,15
39,1,16,1,16
40,1,17,1,17
41,1,18,1,18
42,1,19,1,19
43,1,20,1,20
44,1,21,1,21
45,1,22,1,22
46,1,23,1,23
47,1,24,1,24
48,2,0,2,1,0
49,2,1,2,1
50,2,3,2,1,3
51,2,4,2,1,4
52,2,5,2,1,5
53,2,6,2,1,6
54,2,8,2,1,8
55,2,7,2,1,7
56,2,9,2,1,9
57,2,10,2,1,10
58,2,11,2,1,11
59,2,12,2,1,12
60,2,13,2,1,13
61,2,14,2,1,14
62,2,15,2,1,15
63,2,16,2,1,16
64,2,17,2,1,17
65,2,18,2,1,18
66,2,19,2,1,19
67,2,20,2,1,20
68,2,21,2,1,21
69,2,22,2,1,22
70,2,23,2,1,23
71,2,24,2,1,24
72,3,0,3,1,0
73,3,1,3,1
74,3,2,3,1,2
75,3,4,3,4
76,3,5,3,1,5
77,3,6,3,1,6
78,3,7,3,1,7
79,3,8,3,8
80,3,9,3,1,9
81,3,10,3,13,10
82,3,11,3,1,11
83,3,12,3,12
84,3,13,3,13
85,3,14,3,14
86,3,15,3,13,15
87,3,16,3,16
88,3,17,3,13,17
89,3,18,3,13,18
90,3,19,3,19
91,3,20,3,1,20
92,3,21,3,21
93,3,22,3,22
94,3,23,3,21,23
95,3,24,3,13,24
96,4,0,4,1,0
97,4,1,4,1
98,4,2,4,1,2
99,4,3,4,3
100,4,5,4,1,5
101,4,6,4,1,6
102,4,7,4,1,7
103,4,8,4,1,8
104,4,9,4,1,9
105,4,10,4,1,10
106,4,11,4,1,11
107,4,12,4,3,12
108,4,13,4,1,13
109,4,14,4,3,14
110,4,15,4,1,15
111,4,16,4,3,16
112,4,17,4,1,17
113,4,18,4,1,18
114,4,19,4,3,19
115,4,20,4,1,20
116,4,21,4,1,21
117,4,22,4,1,22
118,4,23,4,1,23
119,4,24,4,1,24
120,5,0,5,1,0
121,5,1,5,1
122,5,2,5,1,2
123,5,3,5,1,3
124,5,4,5,1,4
125,5,6,5,1,6
126,5,7,5,1,7
127,5,8,5,1,8
128,5,9,5,1,9
129,5,10,5,13,10
130,5,11,5,1,11
131,5,12,5,1,12
132,5,13,5,13
133,5,14,5,1,14
134,5,15,5,13,15
135,5,16,5,1,16
136,5,17,5,13,17
137,5,18,5,13,18
138,5,19,5,13,21,19
139,5,20,5,13,20
140,5,21,5,13,21
141,5,22,5,1,22
142,5,23,5,13,23
143,5,24,5,13,24
144,6,0,6,1,0
145,6,1,6,1
146,6,2,6,1,2
147,6,3,6,1,3
148,6,4,6,1,4
149,6,5,6,1,5
150,6,7,6,1,7
151,6,8,6,1,8
152,6,9,6,1,9
153,6,10,6,1,10
154,6,11,6,1,11
155,6,12,6,1,12
156,6,13,6,1,13
157,6,14,6,1,14
158,6,15,6,1,15
159,6,16,6,1,16
160,6,17,6,1,17
161,6,18,6,1,18
162,6,19,6,1,19
163,6,20,6,1,20
164,6,21,6,1,21
165,6,22,6,1,22
166,6,23,6,1,23
167,6,24,6,1,24
168,7,0,7,1,0
169,7,1,7,1
170,7,2,7,1,2
171,7,3,7,3
172,7,4,7,4
173,7,5,7,1,5
174,7,6,7,3,6
175,7,8,7,3,8
176,7,9,7,1,9
177,7,10,7,1,9
178,7,11,7,3,11
179,7,12,7,4,12
180,7,13,7,4,13
181,7,14,7,4,14
182,7,15,7,4,15
183,7,16,7,4,16
184,7,17,7,1,17
185,7,18,7,1,18
186,7,19,7,1,19
187,7,20,7,1,20
188,7,21,7,1,21
189,7,22,7,1,22
190,7,23,7,1,23
191,7,24,7,1,24
192,8,0,8,1,0
193,8,1,8,1
194,8,2,8,1,2
195,8,3,8,3
196,8,4,8,1,4
197,8,5,8,1,5
198,8,6,8,1,6
199,8,7,8,1,7
200,8,9,8,1,9
201,8,10,8,21,23,10
202,8,11,8,1,11
203,8,12,8,3,12
204,8,13,8,21,13
205,8,14,8,21,14
206,8,15,8,21,13,15
207,8,16,8,3,16
208,8,17,8,21,17
209,8,18,8,21,18
210,8,19,8,21,19
211,8,20,8,1,20
212,8,21,8,21
213,8,22,8,1,22
214,8,23,8,21,23
215,8,24,8,21,13,24
216,9,0,9,1,0
217,9,1,9,1
218,9,2,9,1,2
219,9,3,9,1,3
220,9,4,9,1,4
221,9,5,9,1,5
222,9,6,9,1,6
223,9,7,9,1,7
224,9,8,9,1,8
225,9,10,9,1,10
226,9,11,9,1,11
227,9,12,9,1,12
228,9,13,9,1,13
229,9,14,9,1,14
230,9,15,9,1,15
231,9,16,9,1,16
232,9,17,9,1,17
233,9,18,9,1,18
234,9,19,9,1,19
235,9,20,9,1,20
236,9,21,9,1,21
237,9,22,9,1,22
238,9,23,9,1,23
239,9,24,9,1,24
240,10,0,10,1,0
241,10,1,10,1
242,10,2,10,1,2
243,10,3,10,1,3
244,10,4,10,1,4
245,10,5,10,23,13,5
246,10,6,10,23,13,6
247,10,7,10,1,7
248,10,8,10,23,21,8
249,10,9,10,1,9
250,10,11,10,1,11
251,10,12,10,1,12
252,10,13,10,23,13
253,10,14,10,23,21,14
254,10,15,10,23,15
255,10,16,10,1,16
256,10,17,10,23,17
257,10,18,10,23,18
258,10,19,10,23,21,19
259,10,20,10,23,13,20
260,10,21,10,23,21
261,10,22,10,23,22
262,10,23,10,23
263,10,24,10,23,24
264,11,0,11,1,0
265,11,1,11,1
266,11,2,11,1,2
267,11,3,11,1,3
268,11,4,11,1,4
269,11,5,11,1,5
270,11,6,11,1,6
271,11,7,11,1,7
272,11,8,11,1,8
273,11,9,11,1,9
274,11,10,11,13,10
275,11,12,11,1,12
276,11,13,11,13
277,11,14,11,1,14
278,11,15,11,13,15
279,11,16,11,1,16
280,11,17,11,13,17
281,11,18,11,13,18
282,11,19,11,1,19
283,11,20,11,1,20
284,11,21,11,1,21
285,11,22,11,1,22
286,11,23,11,13,23
287,11,24,11,13,24
288,12,0,12,1,0
289,12,1,12,1
290,12,2,12,1,2
291,12,3,12,3
292,12,4,12,3,4
293,12,5,12,1,5
294,12,6,12,1,6
295,12,7,12,1,7
296,12,8,12,3,8
297,12,9,12,1,9
298,12,10,12,1,10
299,12,11,12,1,11
300,12,13,12,3,13
301,12,14,12,3,14
302,12,15,12,1,15
303,12,16,12,3,16
304,12,17,12,1,17
305,12,18,12,1,18
306,12,19,12,3,19
307,12,20,12,1,20
308,12,21,12,3,21
309,12,22,12,3,22
310,12,23,12,1,23
311,12,24,12,1,24
312,13,0,13,1,0
313,13,1,13,1
314,13,2,13,1,2
315,13,3,13,3
316,13,4,13,4
317,13,5,13,5
318,13,6,13,6
319,13,7,13,1,7
320,13,8,13,21,8
321,13,9,13,1,9
322,13,10,13,10
323,13,11,13,11
324,13,12,13,3,12
325,13,14,13,21,14
326,13,15,13,15
327,13,16,13,1,16
328,13,17,13,17
329,13,18,13,18
330,13,19,13,21,19
331,13,20,13,20
332,13,21,13,21
333,13,22,13,22
334,13,23,13,23
335,13,24,13,24
336,14,0,14,1,0
337,14,1,14,1
338,14,2,14,1,2
339,14,3,14,3
340,14,4,14,3,4
341,14,5,14,1,5
342,14,6,14,1,6
343,14,7,14,1,7
344,14,8,14,3,8
345,14,9,14,1,9
346,14,10,14,21,23,10
347,14,11,14,1,11
348,14,12,14,3,12
349,14,13,14,21,13
350,14,15,14,21,13,15
351,14,16,14,3,16
352,14,17,14,21,17
353,14,18,14,21,18
354,14,19,14,1,19
355,14,20,14,1,20
356,14,21,14,21
357,14,22,14,1,22
358,14,23,14,21,23
359,14,24,14,21,13,24
360,15,0,15,1,0
361,15,1,15,1
362,15,2,15,1,2
363,15,3,15,13,3
364,15,4,15,1,4
365,15,5,15,13,5
366,15,6,15,13,6
367,15,7,15,1,7
368,15,8,15,21,8
369,15,9,15,1,9
370,15,10,15,10
371,15,11,15,1,11
372,15,12,15,1,12
373,15,13,15,13
374,15,14,15,21,14
375,15,16,15,1,16
376,15,17,15,17
377,15,18,15,18
378,15,19,15,21,19
379,15,20,15,13,20
380,15,21,15,21
381,15,22,15,13,22
382,15,23,15,23
383,15,24,15,24
384,16,0,16,1,0
385,16,1,16,1
386,16,2,16,1,2
387,16,3,16,3
388,16,4,16,3,4
389,16,5,16,1,5
390,16,6,16,1,6
391,16,7,16,1,7
392,16,8,16,3,8
393,16,9,16,1,9
394,16,10,16,13,10
395,16,11,16,1,11
396,16,12,16,3,12
397,16,13,16,13
398,16,14,16,3,14
399,16,15,16,13,15
400,16,17,16,13,17
401,16,18,16,13,18
402,16,19,16,3,19
403,16,20,16,1,20
404,16,21,16,21
405,16,22,16,3,22
406,16,23,16,13,23
407,16,24,16,13,24
408,17,0,17,1,0
409,17,1,17,1
410,17,2,17,1,2
411,17,3,17,13,3
412,17,4,17,1,4
413,17,5,17,13,5
414,17,6,17,13,6
415,17,7,17,1,7
416,17,8,17,21,8
417,17,9,17,1,9
418,17,10,17,13,10
419,17,11,17,1,11
420,17,12,17,1,12
421,17,13,17,13
422,17,14,17,21,14
423,17,15,17,13,15
424,17,16,17,1,16
425,17,18,17,18
426,17,19,17,21,19
427,17,20,17,13,20
428,17,21,17,21
429,17,22,17,13,22
430,17,23,17,13,23
431,17,24,17,13,24
432,18,0,18,1,0
433,18,1,18,1
434,18,2,18,1,2
435,18,3,18,13,3
436,18,4,18,1,4
437,18,5,18,13,5
438,18,6,18,13,6
439,18,7,18,1,7
440,18,8,18,21,8
441,18,9,18,13,1,9
442,18,10,18,10
443,18,11,18,1,11
444,18,12,18,1,12
445,18,13,18,13
446,18,14,18,21,14
447,18,15,18,15
448,18,16,18,1,16
449,18,17,18,17
450,18,19,18,21,19
451,18,20,18,13,20
452,18,21,18,21
453,18,22,18,13,22
454,18,23,18,23
455,18,24,18,24
456,19,0,19,1,0
457,19,1,19,1
458,19,2,19,1,2
459,19,3,19,3
460,19,4,19,3,4
461,19,5,19,1,5
462,19,6,19,1,6
463,19,7,19,1,7
464,19,8,19,21,8
465,19,9,19,1,9
466,19,10,19,1,10
467,19,11,19,1,11
468,19,12,19,3,12
469,19,13,19,21,13
470,19,14,19,1,14
471,19,15,19,21,13,15
472,19,16,19,3,16
473,19,17,19,21,17
474,19,18,19,21,18
475,19,20,19,1,20
476,19,21,19,21
477,19,22,19,1,22
478,19,23,19,21,23
479,19,24,19,21,13,24
480,20,0,20,1,0
481,20,1,20,1
482,20,2,20,1,2
483,20,3,20,1,3
484,20,4,20,1,4
485,20,5,20,1,5
486,20,6,20,1,6
487,20,7,20,1,7
488,20,8,20,1,8
489,20,9,20,1,9
490,20,10,20,13,10
491,20,11,20,1,11
492,20,12,20,1,12
493,20,13,20,13
494,20,14,20,1,14
495,20,15,20,13,15
496,20,16,20,1,16
497,20,17,20,13,17
498,20,18,20,13,18
499,20,19,20,1,19
500,20,21,20,1,21
501,20,22,20,13,22
502,20,23,20,13,23
503,20,24,20,13,24
504,21,0,21,1,0
505,21,1,21,1
506,21,2,21,1,2
507,21,3,21,3
508,21,4,21,1,4
509,21,5,21,13,5
510,21,6,21,13,6
511,21,7,21,1,7
512,21,8,21,8
513,21,9,21,1,9
514,21,10,21,23,10
515,21,11,21,1,11
516,21,12,21,3,12
517,21,13,21,13
518,21,14,21,14
519,21,15,21,13,15
520,21,16,21,3,16
521,21,17,21,17
522,21,18,21,18
523,21,19,21,19
524,21,20,21,1,20
525,21,22,21,1,22
526,21,23,21,23
527,21,24,21,13,24
528,22,0,22,1,0
529,22,1,22,1
530,22,2,22,1,2
531,22,3,22,3
532,22,4,22,1,4
533,22,5,22,13,5
534,22,6,22,1,6
535,22,7,22,1,7
536,22,8,22,1,8
537,22,9,22,1,9
538,22,10,22,13,10
539,22,11,22,1,11
540,22,12,22,3,12
541,22,13,22,13
542,22,14,22,1,14
543,22,15,22,13,15
544,22,16,22,1,16
545,22,17,22,13,17
546,22,18,22,13,18
547,22,19,22,1,19
548,22,20,22,13,20
549,22,21,22,1,21
550,22,23,22,13,23
551,22,24,22,13,24
552,23,0,23,1,0
553,23,1,23,1
554,23,2,23,1,2
555,23,3,23,1,3
556,23,4,23,1,4
557,23,5,23,13,5
558,23,6,23,13,6
559,23,7,23,1,7
560,23,8,23,21,8
561,23,9,23,1,9
562,23,10,23,10
563,23,11,23,1,11
564,23,12,23,1,12
565,23,13,23,13
566,23,14,23,21,14
567,23,15,23,15
568,23,16,23,1,16
569,23,17,23,17
570,23,18,23,18
571,23,19,23,21,19
572,23,20,23,13,20
573,23,21,23,21
574,23,22,23,22
575,23,24,23,24
576,24,0,24,1,0
577,24,1,24,1
578,24,2,24,1,2
579,24,3,24,13,3
580,24,4,24,1,4
581,24,5,24,13,5
582,24,6,24,13,6
583,24,7,24,1,7
584,24,8,24,18,21,8
585,24,9,24,13,1,9
586,24,10,24,23,10
587,24,11,24,13,11
588,24,12,24,1,12
589,24,13,24,13
590,24,14,24,18,21,14
591,24,15,24,15
592,24,16,24,1,16
593,24,17,24,13,17
594,24,18,24,18
595,24,19,24,18,21,19
596,24,20,24,13,20
597,24,21,24,18,21
598,24,22,24,13,22
599,24,23,24,23
COMMODITIES,350
Index,Origin,Destination,Demand/Size,Earliest available time,Latest delivery time
0,23,19,0.570225,232,277
1,8,2,0.0313633,38,78
2,10,15,0.681389,38,79
3,12,16,0.638421,230,264
4,22,11,0.474098,230,270
5,10,24,0.769775,138,177
6,24,14,0.162961,86,138
7,15,1,0.125708,90,138
8,21,0,0.0982647,186,226
9,23,20,0.826857,186,225
10,23,10,0.875358,90,120
11,15,13,0.567719,40,80
12,10,15,0.621204,90,131
13,11,15,0.905719,42,96
14,20,17,0.453058,90,126
15,5,1,0.0147201,40,79
16,16,3,0.563175,184,213
17,15,4,0.186736,230,284
18,1,11,0.990037,86,118
19,13,3,0.471548,38,84
20,23,17,0.255622,42,71
21,20,8,0.24176,134,177
22,1,13,0.431055,88,126
23,24,19,0.774345,88,138
24,6,1,0.564298,136,169
25,14,6,0.152406,38,87
26,20,19,0.467031,42,89
27,24,2,0.372173,136,191
28,16,6,0.108009,234,275
29,2,14,0.659202,42,89
30,19,21,0.724638,134,166
31,1,21,0.00858682,182,217
32,1,20,0.32966,88,122
33,19,23,0.76038,86,129
34,14,18,0.886772,88,135
35,1,8,0.216526,138,171
36,3,14,0.25191,38,73
37,8,13,0.307633,182,219
38,23,22,0.175338,88,123
39,15,5,0.46077,184,234
40,23,5,0.842544,182,225
41,1,18,0.698472,86,128
42,14,5,0.380369,38,93
43,13,1,0.609109,40,77
44,18,3,0.989361,86,139
45,11,8,0.448158,134,175
46,5,18,0.549954,186,227
47,1,5,0.353222,184,223
48,19,9,0.203269,234,283
49,16,1,0.0825053,230,262
50,22,0,0.169646,138,175
51,1,16,0.755695,136,168
52,3,20,0.146869,234,276
53,1,19,0.295414,40,77
54,2,1,0.2936,134,165
55,3,23,0.310313,182,231
56,18,17,0.723486,138,167
57,22,17,0.320521,38,75
58,13,6,0.966809,88,124
59,3,16,0.054639,88,117
60,23,11,0.201418,138,187
61,6,1,0.740333,42,75
62,14,15,0.0577219,42,98
63,13,1,0.607697,182,219
64,1,20,0.105196,184,218
65,24,1,0.656467,138,186
66,3,21,0.97305,38,76
67,19,17,0.269751,86,126
68,23,0,0.636334,184,230
69,3,6,0.035304,182,223
70,16,11,0.665849,184,224
71,21,19,0.387268,86,118
72,3,6,0.216476,230,271
73,11,3,0.643087,90,130
74,3,23,0.416326,230,279
75,23,24,0.544719,40,73
76,16,21,0.62072,232,265
77,16,2,0.302434,136,175
78,23,18,0.706553,40,68
79,18,24,0.89077,42,73
80,17,18,0.441242,88,117
81,0,16,0.745324,182,219
82,12,16,0.673923,232,266
83,11,17,0.313631,232,278
84,14,5,0.348375,134,189
85,17,13,0.213774,232,262
86,18,4,0.710484,138,185
87,20,1,0.481924,38,72
88,5,14,0.25933,42,97
89,4,23,0.147737,90,138
90,16,14,0.986143,42,82
91,21,13,0.770602,136,168
92,22,1,0.128148,134,166
93,13,15,0.262292,42,80
94,6,1,0.376475,88,121
95,21,22,0.0209868,138,181
96,16,5,0.162654,38,85
97,10,9,0.341385,138,197
98,14,4,0.235944,182,225
99,11,17,0.342938,86,132
100,5,3,0.569639,232,279
101,10,1,0.418682,138,185
102,15,19,0.445049,88,140
103,14,8,0.491765,42,86
104,17,9,0.313923,232,282
105,13,20,0.220341,232,262
106,11,12,0.442312,40,82
107,0,1,0.956359,182,211
108,20,10,0.454709,138,180
109,24,10,0.0654429,134,173
110,10,1,0.166864,232,279
111,3,20,0.0753714,136,178
112,1,20,0.636485,186,220
113,13,3,0.652065,136,182
114,15,23,0.603798,232,267
115,15,24,0.803212,138,166
116,13,1,0.807826,88,125
117,15,3,0.446467,182,244
118,2,3,0.355161,40,79
119,18,17,0.0692503,230,259
120,16,15,0.604669,86,141
121,23,15,0.520153,38,73
122,2,22,0.205034,88,127
123,12,21,0.341445,86,129
124,19,13,0.554197,88,128
125,14,23,0.387806,40,85
126,11,4,0.0578019,186,224
127,1,2,0.661681,38,69
128,2,19,0.280645,38,82
129,3,4,0.913617,232,264
130,19,23,0.732694,88,131
131,16,12,0.187146,86,120
132,23,6,0.699456,40,85
133,20,10,0.469746,134,176
134,14,1,0.643965,234,274
135,20,1,0.163352,42,76
136,2,1,0.839231,40,71
137,24,2,0.350746,88,143
138,1,24,0.678419,42,90
139,15,21,0.0931642,88,132
140,0,24,0.48994,134,187
141,18,4,0.844157,186,233
142,24,13,0.555555,184,219
143,5,16,0.38739,90,137
144,24,17,0.832043,232,273
145,15,19,0.573842,182,234
146,11,15,0.907681,134,188
147,1,10,0.567157,134,184
148,9,1,0.275759,42,78
149,1,15,0.514829,136,184
150,23,9,0.476531,90,143
151,21,15,0.0801585,138,184
152,8,5,0.0396396,186,234
153,1,10,0.683807,182,232
154,1,3,0.256966,234,266
155,8,17,0.528155,134,171
156,22,13,0.778226,182,213
157,1,23,0.960157,234,276
158,14,15,0.192336,186,242
159,16,1,0.0788499,182,214
160,6,3,0.251365,40,81
161,1,4,0.179588,90,120
162,1,8,0.97315,134,167
163,3,13,0.420504,90,134
164,16,5,0.157607,186,233
165,12,1,0.849311,90,124
166,24,1,0.128542,186,234
167,1,12,0.63288,40,74
168,3,16,0.289193,186,215
169,20,13,0.431982,138,168
170,21,8,0.509648,230,259
171,3,4,0.906341,184,216
172,10,18,0.359465,40,74
173,0,20,0.696761,230,269
174,16,8,0.926806,186,224
175,20,8,0.251286,40,83
176,3,4,0.15184,230,262
177,24,20,0.111792,88,129
178,16,18,0.172408,234,282
179,22,5,0.419515,90,131
180,10,6,0.085897,230,281
181,16,21,0.696908,136,169
182,3,21,0.445045,138,176
183,1,9,0.220904,234,270
184,2,19,0.327484,182,226
185,4,1,0.58354,234,264
186,19,23,0.619033,184,227
187,18,15,0.472076,86,120
188,24,15,0.0942111,40,68
189,22,20,0.49468,86,123
190,10,24,0.829001,234,273
191,12,20,0.689044,234,278
192,23,15,0.928561,134,169
193,3,11,0.299144,182,222
194,19,1,0.884264,88,125
195,18,2,0.424262,230,278
196,24,6,0.385111,234,281
197,1,21,0.399214,184,219
198,3,4,0.169456,38,70
199,9,16,0.843485,138,182
200,1,2,0.353768,134,165
201,3,11,0.607092,134,174
202,10,9,0.393083,86,145
203,19,10,0.261767,184,247
204,14,1,0.548066,232,272
205,17,19,0.763409,232,272
206,1,14,0.446289,182,222
207,5,3,0.623731,234,281
208,18,2,0.446989,138,186
209,3,4,0.197175,90,122
210,21,17,0.418386,186,218
211,0,19,0.23689,134,176
212,13,22,0.284677,42,73
213,18,10,0.337356,86,120
214,15,12,0.819338,88,146
215,1,2,0.0474926,182,213
216,8,18,0.158543,186,228
217,1,10,0.863551,232,282
218,16,0,0.686696,134,171
219,3,19,0.298063,184,219
220,24,20,0.0835887,138,179
221,21,24,0.313683,40,83
222,14,3,0.401334,90,125
223,15,1,0.560394,232,280
224,15,13,0.944944,86,126
225,4,11,0.228656,136,174
226,1,11,0.0397294,136,168
227,24,20,0.166344,136,177
228,1,20,0.515532,230,264
229,5,23,0.806965,138,181
230,0,16,0.81856,230,267
231,0,5,0.207068,86,130
232,23,0,0.732635,38,84
233,13,2,0.281475,182,226
234,18,19,0.757126,230,273
235,18,12,0.44754,40,91
236,1,19,0.629719,234,271
237,0,2,0.0939793,38,74
238,15,23,0.82586,86,121
239,14,9,0.580914,136,188
240,5,15,0.45922,232,280
241,18,17,0.797434,90,119
242,3,1,0.949413,184,216
243,1,8,0.375991,90,123
244,11,19,0.362689,134,179
245,1,16,0.561416,234,266
246,23,9,0.569645,40,93
247,5,18,0.569119,234,275
248,24,18,0.769238,234,265
249,10,4,0.0139583,88,141
250,8,24,0.0253832,134,182
251,2,4,0.911417,88,125
252,8,9,0.277438,232,277
253,24,1,0.976601,232,280
254,23,8,0.878084,186,228
255,4,23,0.162954,234,282
256,3,24,0.871031,90,145
257,10,24,0.863003,134,173
258,3,2,0.872098,234,273
259,1,11,0.116793,232,264
260,18,11,0.060383,86,135
261,0,24,0.517787,182,235
262,0,1,0.92254,230,259
263,16,1,0.346293,134,166
264,1,11,0.721546,134,166
265,13,14,0.0928904,90,132
266,4,0,0.155386,234,269
267,23,5,0.892691,136,179
268,23,18,0.817707,134,162
269,15,1,0.811764,40,88
270,3,12,0.525613,40,69
271,11,1,0.421071,90,122
272,1,24,0.384566,182,230
273,15,13,0.313933,230,270
274,3,13,0.287521,42,86
275,18,1,0.0728877,136,177
276,24,8,0.0549695,138,185
277,3,8,0.972102,232,265
278,8,3,0.764542,232,265
279,3,0,0.543856,86,123
280,5,14,0.201339,230,285
281,3,19,0.129991,182,217
282,0,23,0.0135753,138,185
283,15,14,0.328266,38,92
284,20,22,0.243749,182,219
285,2,20,0.919798,232,273
286,18,16,0.492491,88,137
287,1,8,0.0730188,88,121
288,3,20,0.058731,182,224
289,1,2,0.55033,138,169
290,22,2,0.627405,38,77
291,16,8,0.726913,138,176
292,3,24,0.972945,182,237
293,22,13,0.742219,134,165
294,12,9,0.208669,182,228
295,20,13,0.0806921,232,262
296,13,22,0.235145,230,261
297,15,0,0.383467,90,143
298,20,1,0.298048,230,264
299,22,14,0.262538,184,232
300,4,3,0.262678,90,122
301,3,24,0.947247,186,241
302,5,17,0.416159,88,128
303,20,17,0.399538,42,78
304,4,15,0.232768,184,238
305,0,3,0.345422,38,75
306,11,0,0.815062,232,269
307,22,18,0.808121,90,128
308,23,14,0.629564,230,277
309,24,19,0.804336,90,140
310,23,15,0.850359,40,75
311,3,14,0.236114,40,75
312,0,4,0.0363682,230,265
313,10,23,0.235334,40,70
314,19,8,0.412318,86,123
315,14,3,0.619383,88,123
316,1,4,0.474023,184,214
317,18,23,0.629062,88,116
318,12,14,0.0362617,234,274
319,15,12,0.889332,182,240
320,8,3,0.700932,88,121
321,4,14,0.465782,234,277
322,19,3,0.107296,88,123
323,23,22,0.0439696,136,171
324,15,17,0.358278,134,170
325,15,23,0.776478,138,173
326,11,18,0.230096,234,281
327,1,16,0.974977,88,120
328,18,23,0.303314,136,164
329,16,23,0.0813296,42,92
330,3,6,0.294375,184,225
331,15,1,0.753874,86,134
332,0,15,0.443322,42,95
333,23,11,0.46524,90,139
334,1,16,0.190917,134,166
335,11,15,0.467963,182,236
336,12,3,0.346953,134,163
337,13,23,0.303558,232,265
338,11,1,0.34778,184,216
339,15,19,0.511387,136,188
340,14,4,0.243723,230,273
341,18,5,0.149723,86,127
342,9,16,0.909674,230,274
343,18,17,0.460443,40,69
344,17,10,0.502002,86,128
345,22,1,0.351016,234,266
346,1,21,0.722779,136,171
347,24,10,0.133326,90,129
348,3,12,0.762494,88,117
349,17,23,0.818884,38,77
