NODES,25
INDEX,Name,X-coordinate,Y-coordinate
0,0,-,-
1,1,-,-
2,2,-,-
3,3,-,-
4,4,-,-
5,5,-,-
6,6,-,-
7,7,-,-
8,8,-,-
9,9,-,-
10,10,-,-
11,11,-,-
12,12,-,-
13,13,-,-
14,14,-,-
15,15,-,-
16,16,-,-
17,17,-,-
18,18,-,-
19,19,-,-
20,20,-,-
21,21,-,-
22,22,-,-
23,23,-,-
24,24,-,-
ARCS,529
Index,Origin,Destination,Variable Cost,Fixed Cost,Capacity,Travel time
0,0,1,0,117.8,1,5
1,1,0,0,117.8,1,5
2,1,2,0,234.05,1,7
3,1,3,0,260.4,1,8
4,1,4,0,175.15,1,6
5,1,5,0,486.7,1,15
6,1,6,0,323.95,1,9
7,1,8,0,323.95,1,9
8,1,9,0,447.95,1,12
9,1,10,0,883.5,1,26
10,1,11,0,255.75,1,8
11,1,12,0,387.5,1,10
12,1,13,0,489.8,1,14
13,1,14,0,525.45,1,16
14,1,15,0,1002.85,1,24
15,1,16,0,252.65,1,8
16,1,17,0,545.6,1,16
17,1,18,0,680.45,1,18
18,1,19,0,503.75,1,13
19,1,20,0,358.05,1,10
20,1,21,0,409.2,1,11
21,1,22,0,266.6,1,8
22,1,23,0,699.05,1,18
23,1,24,0,903.65,1,24
24,2,1,0,234.05,1,7
25,3,1,0,260.4,1,8
26,3,4,0,230.95,1,8
27,3,8,0,311.55,1,9
28,3,12,0,144.15,1,5
29,3,13,0,661.85,1,20
30,3,14,0,418.5,1,11
31,3,16,0,151.9,1,5
32,3,19,0,396.8,1,11
33,3,21,0,469.65,1,14
34,3,22,0,429.35,1,13
35,4,1,0,175.15,1,6
36,4,3,0,230.95,1,8
37,5,1,0,486.7,1,15
38,5,13,0,367.35,1,10
39,6,1,0,323.95,1,9
40,6,13,0,430.9,1,11
41,7,1,0,103.85,1,4
42,8,1,0,323.95,1,9
43,8,3,0,311.55,1,9
44,8,13,0,415.4,1,11
45,8,16,0,161.2,1,6
46,8,21,0,158.1,1,5
47,9,1,0,447.95,1,12
48,10,1,0,891.25,1,23
49,10,23,0,192.2,1,6
50,11,1,0,255.75,1,8
51,11,13,0,592.1,1,16
52,12,1,0,387.5,1,10
53,12,3,0,144.15,1,5
54,13,1,0,489.8,1,13
55,13,3,0,669.6,1,22
56,13,5,0,367.35,1,10
57,13,6,0,430.9,1,12
58,13,10,0,483.6,1,12
59,13,11,0,596.75,1,17
60,13,15,0,553.35,1,14
61,13,17,0,176.7,1,6
62,13,18,0,248,1,7
63,13,19,0,573.5,1,16
64,13,20,0,198.4,1,6
65,13,21,0,275.9,1,8
66,13,22,0,232.5,1,7
67,13,23,0,323.95,1,9
68,13,24,0,449.5,1,11
69,14,1,0,525.45,1,16
70,14,3,0,418.5,1,11
71,14,19,0,111.6,1,4
72,14,21,0,384.4,1,10
73,15,1,0,1002.85,1,24
74,15,13,0,553.35,1,16
75,15,18,0,350.3,1,10
76,15,21,0,747.1,1,20
77,15,23,0,412.3,1,11
78,16,1,0,252.65,1,8
79,16,3,0,151.9,1,5
80,16,8,0,161.2,1,6
81,16,13,0,581.25,1,17
82,16,21,0,305.35,1,9
83,17,1,0,544.05,1,14
84,17,13,0,176.7,1,6
85,17,18,0,127.1,1,5
86,17,21,0,292.95,1,8
87,18,1,0,666.5,1,17
88,18,10,0,308.45,1,10
89,18,13,0,248,1,7
90,18,15,0,350.3,1,10
91,18,17,0,127.1,1,5
92,18,19,0,719.2,1,19
93,18,21,0,421.6,1,11
94,18,22,0,421.6,1,13
95,18,23,0,116.25,1,4
96,18,24,0,237.15,1,7
97,19,1,0,503.75,1,13
98,19,3,0,396.8,1,11
99,19,8,0,240.25,1,7
100,19,14,0,111.6,1,4
101,19,21,0,297.6,1,8
102,20,1,0,358.05,1,10
103,20,13,0,198.4,1,6
104,20,23,0,522.35,1,15
105,21,1,0,409.2,1,11
106,21,3,0,458.8,1,13
107,21,8,0,158.1,1,5
108,21,13,0,275.9,1,8
109,21,14,0,384.4,1,10
110,21,15,0,829.25,1,22
111,21,17,0,292.95,1,8
112,21,18,0,420.05,1,13
113,21,19,0,297.6,1,8
114,21,23,0,440.2,1,11
115,22,1,0,266.6,1,8
116,22,3,0,429.35,1,12
117,22,13,0,232.5,1,7
118,23,1,0,699.05,1,17
119,23,10,0,192.2,1,6
120,23,13,0,323.95,1,9
121,23,15,0,412.3,1,11
122,23,17,0,153.45,1,5
123,23,18,0,116.25,1,4
124,23,21,0,446.4,1,13
125,23,24,0,305.35,1,9
126,24,1,0,903.65,1,24
127,24,13,0,449.5,1,11
128,24,18,0,237.15,1,7
129,24,23,0,305.35,1,9
130,0,2,0,161.2,1,6
131,0,3,0,353.4,1,10
132,0,4,0,285.2,1,9
133,0,5,0,474.3,1,13
134,0,6,0,246.45,1,8
135,0,8,0,427.8,1,12
136,0,9,0,379.75,1,11
137,0,10,0,931.55,1,25
138,0,11,0,158.1,1,5
139,0,12,0,401.45,1,11
140,0,14,0,632.4,1,17
141,0,15,0,1063.3,1,28
142,0,16,0,367.35,1,11
143,0,17,0,596.75,1,16
144,0,18,0,717.65,1,19
145,0,19,0,615.35,1,17
146,0,20,0,361.15,1,10
147,0,21,0,444.85,1,13
148,0,22,0,297.6,1,9
149,0,23,0,739.35,1,20
150,0,24,0,957.9,1,25
151,1,7,0,103.85,1,4
152,2,0,0,161.2,1,6
153,2,3,0,480.5,1,13
154,2,4,0,409.2,1,12
155,2,5,0,257.3,1,8
156,2,6,0,110.05,1,4
157,2,8,0,412.3,1,12
158,2,9,0,229.4,1,7
159,2,10,0,872.65,1,23
160,2,11,0,182.9,1,6
161,2,12,0,582.8,1,16
162,2,13,0,390.6,1,11
163,2,14,0,790.5,1,21
164,2,15,0,940.85,1,25
165,2,16,0,475.85,1,13
166,2,17,0,568.85,1,16
167,2,18,0,638.6,1,17
168,2,19,0,643.25,1,17
169,2,20,0,207.7,1,7
170,2,21,0,424.7,1,12
171,2,22,0,308.45,1,9
172,2,23,0,716.1,1,19
173,2,24,0,847.85,1,23
174,3,0,0,353.4,1,10
175,3,2,0,480.5,1,13
176,3,6,0,554.9,1,15
177,3,9,0,685.1,1,18
178,3,10,0,995.1,1,26
179,3,11,0,477.4,1,13
180,3,15,0,1224.5,1,32
181,3,17,0,764.15,1,20
182,3,18,0,833.9,1,22
183,3,20,0,620,1,17
184,3,23,0,888.15,1,23
185,3,24,0,1108.25,1,29
186,4,0,0,285.2,1,9
187,4,2,0,409.2,1,12
188,4,6,0,494.45,1,14
189,4,7,0,75.95,1,3
190,4,8,0,142.6,1,5
191,4,9,0,624.65,1,17
192,4,10,0,838.55,1,22
193,4,11,0,406.1,1,12
194,4,12,0,331.7,1,9
195,4,13,0,427.8,1,12
196,4,14,0,410.75,1,12
197,4,15,0,970.3,1,26
198,4,16,0,147.25,1,5
199,4,17,0,503.75,1,14
200,4,18,0,624.65,1,17
201,4,19,0,390.6,1,11
202,4,20,0,413.85,1,12
203,4,21,0,263.5,1,8
204,4,22,0,204.6,1,7
205,4,23,0,646.35,1,18
206,4,24,0,861.8,1,23
207,5,0,0,474.3,1,13
208,5,2,0,257.3,1,8
209,5,6,0,161.2,1,5
210,5,9,0,198.4,1,6
211,5,11,0,320.85,1,9
212,5,18,0,660.3,1,16
213,5,20,0,178.25,1,6
214,5,23,0,720.75,1,19
215,6,0,0,246.45,1,8
216,6,2,0,110.05,1,4
217,6,3,0,554.9,1,15
218,6,4,0,494.45,1,14
219,6,5,0,161.2,1,5
220,6,8,0,637.05,1,17
221,6,9,0,141.05,1,5
222,6,10,0,939.3,1,25
223,6,11,0,165.85,1,5
224,6,12,0,623.1,1,17
225,6,14,0,840.1,1,22
226,6,15,0,982.7,1,26
227,6,16,0,576.6,1,16
228,6,17,0,615.35,1,17
229,6,18,0,685.1,1,18
230,6,19,0,824.6,1,22
231,6,20,0,243.35,1,7
232,6,21,0,593.65,1,16
233,6,22,0,446.4,1,13
234,6,23,0,761.05,1,20
235,6,24,0,877.3,1,23
236,7,3,0,246.45,1,8
237,7,4,0,75.95,1,3
238,8,0,0,427.8,1,12
239,8,2,0,412.3,1,12
240,8,4,0,142.6,1,5
241,8,6,0,637.05,1,17
242,8,9,0,767.25,1,21
243,8,10,0,714.55,1,19
244,8,11,0,545.6,1,15
245,8,12,0,460.35,1,13
246,8,14,0,328.6,1,10
247,8,15,0,883.5,1,23
248,8,17,0,427.8,1,12
249,8,18,0,542.5,1,15
250,8,19,0,240.25,1,7
251,8,20,0,444.85,1,13
252,8,22,0,203.05,1,7
253,8,23,0,536.3,1,15
254,8,24,0,801.35,1,21
255,9,0,0,379.75,1,11
256,9,2,0,229.4,1,7
257,9,3,0,685.1,1,18
258,9,4,0,624.65,1,17
259,9,5,0,198.4,1,6
260,9,6,0,141.05,1,5
261,9,8,0,767.25,1,21
262,9,10,0,1069.5,1,28
263,9,11,0,297.6,1,8
264,9,12,0,753.3,1,20
265,9,13,0,469.65,1,12
266,9,14,0,652.55,1,18
267,9,15,0,1112.9,1,29
268,9,16,0,706.8,1,19
269,9,17,0,646.35,1,18
270,9,18,0,711.45,1,18
271,9,19,0,954.8,1,25
272,9,20,0,279,1,8
273,9,21,0,723.85,1,19
274,9,22,0,576.6,1,16
275,9,23,0,891.25,1,24
276,9,24,0,1019.9,1,27
277,10,0,0,931.55,1,25
278,10,2,0,872.65,1,23
279,10,3,0,995.1,1,26
280,10,4,0,838.55,1,22
281,10,6,0,939.3,1,25
282,10,8,0,714.55,1,19
283,10,9,0,1069.5,1,28
284,10,11,0,1133.05,1,30
285,10,12,0,1086.55,1,28
286,10,13,0,483.6,1,12
287,10,14,0,970.3,1,26
288,10,15,0,224.75,1,7
289,10,16,0,872.65,1,23
290,10,17,0,334.8,1,9
291,10,18,0,306.9,1,9
292,10,19,0,909.85,1,24
293,10,20,0,714.55,1,19
294,10,21,0,623.1,1,16
295,10,22,0,623.1,1,17
296,10,24,0,286.75,1,8
297,11,0,0,158.1,1,5
298,11,2,0,182.9,1,6
299,11,3,0,477.4,1,13
300,11,4,0,406.1,1,12
301,11,5,0,320.85,1,9
302,11,6,0,165.85,1,5
303,11,8,0,545.6,1,15
304,11,9,0,297.6,1,9
305,11,10,0,1133.05,1,30
306,11,12,0,523.9,1,14
307,11,14,0,770.35,1,21
308,11,15,0,1112.9,1,29
309,11,16,0,488.25,1,14
310,11,17,0,798.25,1,21
311,11,18,0,832.35,1,21
312,11,19,0,748.65,1,20
313,11,20,0,406.1,1,11
314,11,21,0,649.45,1,18
315,11,22,0,499.1,1,14
316,11,23,0,852.5,1,23
317,11,24,0,1021.45,1,27
318,12,0,0,401.45,1,11
319,12,2,0,582.8,1,16
320,12,4,0,331.7,1,10
321,12,6,0,623.1,1,17
322,12,8,0,460.35,1,13
323,12,9,0,753.3,1,20
324,12,10,0,1086.55,1,28
325,12,11,0,523.9,1,14
326,12,13,0,776.55,1,20
327,12,14,0,550.25,1,15
328,12,15,0,1233.8,1,32
329,12,16,0,296.05,1,9
330,12,17,0,776.55,1,21
331,12,18,0,1038.5,1,27
332,12,19,0,523.9,1,14
333,12,20,0,637.05,1,17
334,12,21,0,554.9,1,15
335,12,22,0,556.45,1,15
336,12,23,0,919.15,1,24
337,12,24,0,1137.7,1,30
338,13,2,0,390.6,1,11
339,13,4,0,427.8,1,12
340,13,8,0,415.4,1,11
341,13,9,0,469.65,1,12
342,13,14,0,655.65,1,17
343,13,16,0,530.1,1,14
344,14,0,0,632.4,1,17
345,14,2,0,790.5,1,21
346,14,4,0,410.75,1,12
347,14,6,0,840.1,1,22
348,14,8,0,328.6,1,10
349,14,9,0,652.55,1,18
350,14,10,0,970.3,1,26
351,14,11,0,770.35,1,21
352,14,12,0,550.25,1,15
353,14,13,0,655.65,1,17
354,14,15,0,1106.7,1,28
355,14,16,0,272.8,1,8
356,14,17,0,671.15,1,18
357,14,18,0,798.25,1,20
358,14,20,0,852.5,1,23
359,14,22,0,527,1,15
360,14,23,0,818.4,1,20
361,14,24,0,995.1,1,26
362,15,0,0,1063.3,1,28
363,15,2,0,940.85,1,25
364,15,3,0,1224.5,1,32
365,15,4,0,970.3,1,26
366,15,6,0,982.7,1,26
367,15,8,0,883.5,1,23
368,15,9,0,1112.9,1,29
369,15,10,0,224.75,1,7
370,15,11,0,1112.9,1,29
371,15,12,0,1233.8,1,32
372,15,14,0,1106.7,1,28
373,15,16,0,1027.65,1,27
374,15,17,0,454.15,1,12
375,15,19,0,1023,1,27
376,15,20,0,757.95,1,19
377,15,22,0,733.15,1,19
378,15,24,0,110.05,1,4
379,16,0,0,367.35,1,11
380,16,2,0,475.85,1,13
381,16,4,0,147.25,1,5
382,16,6,0,576.6,1,16
383,16,7,0,155,1,5
384,16,9,0,706.8,1,19
385,16,10,0,872.65,1,23
386,16,11,0,488.25,1,14
387,16,12,0,296.05,1,8
388,16,14,0,272.8,1,8
389,16,15,0,1027.65,1,27
390,16,17,0,570.4,1,16
391,16,18,0,686.65,1,19
392,16,19,0,251.1,1,7
393,16,20,0,525.45,1,15
394,16,22,0,302.25,1,9
395,16,23,0,692.85,1,19
396,16,24,0,951.7,1,25
397,17,0,0,596.75,1,16
398,17,2,0,568.85,1,16
399,17,3,0,764.15,1,20
400,17,4,0,503.75,1,14
401,17,5,0,530.1,1,14
402,17,6,0,615.35,1,17
403,17,8,0,427.8,1,12
404,17,9,0,649.45,1,18
405,17,10,0,334.8,1,10
406,17,11,0,798.25,1,21
407,17,12,0,776.55,1,21
408,17,14,0,671.15,1,17
409,17,15,0,454.15,1,12
410,17,16,0,570.4,1,16
411,17,19,0,581.25,1,16
412,17,20,0,373.55,1,10
413,17,22,0,294.5,1,8
414,17,23,0,153.45,1,5
415,17,24,0,362.7,1,10
416,18,0,0,719.2,1,19
417,18,2,0,638.6,1,17
418,18,3,0,833.9,1,22
419,18,4,0,624.65,1,17
420,18,5,0,660.3,1,16
421,18,6,0,685.1,1,18
422,18,8,0,542.5,1,15
423,18,9,0,711.45,1,18
424,18,11,0,832.35,1,21
425,18,12,0,1038.5,1,27
426,18,14,0,798.25,1,21
427,18,16,0,686.65,1,19
428,18,20,0,438.65,1,12
429,19,0,0,615.35,1,17
430,19,2,0,643.25,1,17
431,19,4,0,390.6,1,11
432,19,6,0,824.6,1,22
433,19,9,0,954.8,1,25
434,19,10,0,909.85,1,24
435,19,11,0,748.65,1,20
436,19,12,0,523.9,1,14
437,19,13,0,565.75,1,14
438,19,15,0,1023,1,27
439,19,16,0,251.1,1,7
440,19,17,0,581.25,1,16
441,19,18,0,709.9,1,18
442,19,20,0,764.15,1,20
443,19,22,0,437.1,1,12
444,19,23,0,728.5,1,18
445,19,24,0,942.4,1,25
446,20,0,0,361.15,1,10
447,20,2,0,207.7,1,7
448,20,3,0,620,1,17
449,20,4,0,413.85,1,12
450,20,5,0,178.25,1,6
451,20,6,0,243.35,1,7
452,20,8,0,444.85,1,13
453,20,9,0,279,1,8
454,20,10,0,714.55,1,19
455,20,11,0,406.1,1,11
456,20,12,0,637.05,1,17
457,20,14,0,878.85,1,23
458,20,15,0,757.95,1,19
459,20,16,0,525.45,1,15
460,20,17,0,373.55,1,11
461,20,18,0,438.65,1,12
462,20,19,0,764.15,1,20
463,20,21,0,466.55,1,13
464,20,22,0,272.8,1,8
465,20,24,0,641.7,1,17
466,21,0,0,444.85,1,13
467,21,2,0,424.7,1,12
468,21,4,0,263.5,1,8
469,21,6,0,593.65,1,16
470,21,9,0,723.85,1,19
471,21,10,0,623.1,1,16
472,21,11,0,646.35,1,18
473,21,12,0,554.9,1,15
474,21,16,0,305.35,1,9
475,21,20,0,466.55,1,13
476,21,22,0,142.6,1,5
477,21,24,0,651,1,18
478,22,0,0,297.6,1,9
479,22,2,0,308.45,1,10
480,22,4,0,204.6,1,7
481,22,6,0,446.4,1,13
482,22,8,0,203.05,1,6
483,22,9,0,576.6,1,16
484,22,10,0,623.1,1,17
485,22,11,0,499.1,1,14
486,22,12,0,556.45,1,15
487,22,14,0,527,1,15
488,22,15,0,733.15,1,19
489,22,16,0,302.25,1,9
490,22,17,0,294.5,1,8
491,22,18,0,404.55,1,10
492,22,19,0,437.1,1,12
493,22,20,0,272.8,1,9
494,22,21,0,142.6,1,5
495,22,23,0,432.45,1,11
496,22,24,0,643.25,1,17
497,23,0,0,739.35,1,20
498,23,2,0,716.1,1,19
499,23,3,0,888.15,1,23
500,23,4,0,646.35,1,18
501,23,6,0,761.05,1,20
502,23,8,0,536.3,1,15
503,23,9,0,891.25,1,24
504,23,11,0,852.5,1,23
505,23,12,0,919.15,1,24
506,23,14,0,818.4,1,20
507,23,16,0,692.85,1,19
508,23,19,0,728.5,1,18
509,23,20,0,522.35,1,14
510,23,22,0,432.45,1,11
511,24,0,0,957.9,1,25
512,24,2,0,847.85,1,23
513,24,3,0,1108.25,1,29
514,24,4,0,861.8,1,23
515,24,6,0,877.3,1,23
516,24,8,0,801.35,1,21
517,24,9,0,1019.9,1,27
518,24,10,0,286.75,1,8
519,24,11,0,1021.45,1,27
520,24,12,0,1137.7,1,30
521,24,14,0,995.1,1,26
522,24,15,0,110.05,1,4
523,24,16,0,951.7,1,25
524,24,17,0,362.7,1,10
525,24,19,0,942.4,1,25
526,24,20,0,641.7,1,17
527,24,21,0,651,1,16
528,24,22,0,643.25,1,17
PATHS,600
Index,Shipment origin,Shipment destination,1st terminal on path,2nd terminal on path,.....,6th terminal on path
0,0,1,0,1
1,0,2,0,1,2
2,0,3,0,1,3
3,0,4,0,1,4
4,0,5,0,1,5
5,0,6,0,1,6
6,0,7,0,1,7
7,0,8,0,1,8
8,0,9,0,1,9
9,0,10,0,1,10
10,0,11,0,1,11
11,0,12,0,1,12
12,0,13,0,1,13
13,0,14,0,1,14
14,0,15,0,1,15
15,0,16,0,1,16
16,0,17,0,1,17
17,0,18,0,1,18
18,0,19,0,1,19
19,0,20,0,1,20
20,0,21,0,1,21
21,0,22,0,1,22
22,0,23,0,1,23
23,0,24,0,1,24
24,1,0,1,0
25,1,2,1,2
26,1,3,1,3
27,1,4,1,4
28,1,5,1,5
29,1,6,1,6
30,1,7,1,7
31,1,8,1,8
32,1,9,1,9
33,1,10,1,10
34,1,11,1,11
35,1,12,1,12
36,1,13,1,13
37,1,14,1,14
38,1,15,1,15
39,1,16,1,16
40,1,17,1,17
41,1,18,1,18
42,1,19,1,19
43,1,20,1,20
44,1,21,1,21
45,1,22,1,22
46,1,23,1,23
47,1,24,1,24
48,2,0,2,1,0
49,2,1,2,1
50,2,3,2,1,3
51,2,4,2,1,4
52,2,5,2,1,5
53,2,6,2,1,6
54,2,8,2,1,8
55,2,7,2,1,7
56,2,9,2,1,9
57,2,10,2,1,10
58,2,11,2,1,11
59,2,12,2,1,12
60,2,13,2,1,13
61,2,14,2,1,14
62,2,15,2,1,15
63,2,16,2,1,16
64,2,17,2,1,17
65,2,18,2,1,18
66,2,19,2,1,19
67,2,20,2,1,20
68,2,21,2,1,21
69,2,22,2,1,22
70,2,23,2,1,23
71,2,24,2,1,24
72,3,0,3,1,0
73,3,1,3,1
74,3,2,3,1,2
75,3,4,3,4
76,3,5,3,1,5
77,3,6,3,1,6
78,3,7,3,1,7
79,3,8,3,8
80,3,9,3,1,9
81,3,10,3,13,10
82,3,11,3,1,11
83,3,12,3,12
84,3,13,3,13
85,3,14,3,14
86,3,15,3,13,15
87,3,16,3,16
88,3,17,3,13,17
89,3,18,3,13,18
90,3,19,3,19
91,3,20,3,1,20
92,3,21,3,21
93,3,22,3,22
94,3,23,3,21,23
95,3,24,3,13,24
96,4,0,4,1,0
97,4,1,4,1
98,4,2,4,1,2
99,4,3,4,3
100,4,5,4,1,5
101,4,6,4,1,6
102,4,7,4,1,7
103,4,8,4,1,8
104,4,9,4,1,9
105,4,10,4,1,10
106,4,11,4,1,11
107,4,12,4,3,12
108,4,13,4,1,13
109,4,14,4,3,14
110,4,15,4,1,15
111,4,16,4,3,16
112,4,17,4,1,17
113,4,18,4,1,18
114,4,19,4,3,19
115,4,20,4,1,20
116,4,21,4,1,21
117,4,22,4,1,22
118,4,23,4,1,23
119,4,24,4,1,24
120,5,0,5,1,0
121,5,1,5,1
122,5,2,5,1,2
123,5,3,5,1,3
124,5,4,5,1,4
125,5,6,5,1,6
126,5,7,5,1,7
127,5,8,5,1,8
128,5,9,5,1,9
129,5,10,5,13,10
130,5,11,5,1,11
131,5,12,5,1,12
132,5,13,5,13
133,5,14,5,1,14
134,5,15,5,13,15
135,5,16,5,1,16
136,5,17,5,13,17
137,5,18,5,13,18
138,5,19,5,13,21,19
139,5,20,5,13,20
140,5,21,5,13,21
141,5,22,5,1,22
142,5,23,5,13,23
143,5,24,5,13,24
144,6,0,6,1,0
145,6,1,6,1
146,6,2,6,1,2
147,6,3,6,1,3
148,6,4,6,1,4
149,6,5,6,1,5
150,6,7,6,1,7
151,6,8,6,1,8
152,6,9,6,1,9
153,6,10,6,1,10
154,6,11,6,1,11
155,6,12,6,1,12
156,6,13,6,1,13
157,6,14,6,1,14
158,6,15,6,1,15
159,6,16,6,1,16
160,6,17,6,1,17
161,6,18,6,1,18
162,6,19,6,1,19
163,6,20,6,1,20
164,6,21,6,1,21
165,6,22,6,1,22
166,6,23,6,1,23
167,6,24,6,1,24
168,7,0,7,1,0
169,7,1,7,1
170,7,2,7,1,2
171,7,3,7,3
172,7,4,7,4
173,7,5,7,1,5
174,7,6,7,3,6
175,7,8,7,3,8
176,7,9,7,1,9
177,7,10,7,1,9
178,7,11,7,3,11
179,7,12,7,4,12
180,7,13,7,4,13
181,7,14,7,4,14
182,7,15,7,4,15
183,7,16,7,4,16
184,7,17,7,1,17
185,7,18,7,1,18
186,7,19,7,1,19
187,7,20,7,1,20
188,7,21,7,1,21
189,7,22,7,1,22
190,7,23,7,1,23
191,7,24,7,1,24
192,8,0,8,1,0
193,8,1,8,1
194,8,2,8,1,2
195,8,3,8,3
196,8,4,8,1,4
197,8,5,8,1,5
198,8,6,8,1,6
199,8,7,8,1,7
200,8,9,8,1,9
201,8,10,8,21,23,10
202,8,11,8,1,11
203,8,12,8,3,12
204,8,13,8,21,13
205,8,14,8,21,14
206,8,15,8,21,13,15
207,8,16,8,3,16
208,8,17,8,21,17
209,8,18,8,21,18
210,8,19,8,21,19
211,8,20,8,1,20
212,8,21,8,21
213,8,22,8,1,22
214,8,23,8,21,23
215,8,24,8,21,13,24
216,9,0,9,1,0
217,9,1,9,1
218,9,2,9,1,2
219,9,3,9,1,3
220,9,4,9,1,4
221,9,5,9,1,5
222,9,6,9,1,6
223,9,7,9,1,7
224,9,8,9,1,8
225,9,10,9,1,10
226,9,11,9,1,11
227,9,12,9,1,12
228,9,13,9,1,13
229,9,14,9,1,14
230,9,15,9,1,15
231,9,16,9,1,16
232,9,17,9,1,17
233,9,18,9,1,18
234,9,19,9,1,19
235,9,20,9,1,20
236,9,21,9,1,21
237,9,22,9,1,22
238,9,23,9,1,23
239,9,24,9,1,24
240,10,0,10,1,0
241,10,1,10,1
242,10,2,10,1,2
243,10,3,10,1,3
244,10,4,10,1,4
245,10,5,10,23,13,5
246,10,6,10,23,13,6
247,10,7,10,1,7
248,10,8,10,23,21,8
249,10,9,10,1,9
250,10,11,10,1,11
251,10,12,10,1,12
252,10,13,10,23,13
253,10,14,10,23,21,14
254,10,15,10,23,15
255,10,16,10,1,16
256,10,17,10,23,17
257,10,18,10,23,18
258,10,19,10,23,21,19
259,10,20,10,23,13,20
260,10,21,10,23,21
261,10,22,10,23,22
262,10,23,10,23
263,10,24,10,23,24
264,11,0,11,1,0
265,11,1,11,1
266,11,2,11,1,2
267,11,3,11,1,3
268,11,4,11,1,4
269,11,5,11,1,5
270,11,6,11,1,6
271,11,7,11,1,7
272,11,8,11,1,8
273,11,9,11,1,9
274,11,10,11,13,10
275,11,12,11,1,12
276,11,13,11,13
277,11,14,11,1,14
278,11,15,11,13,15
279,11,16,11,1,16
280,11,17,11,13,17
281,11,18,11,13,18
282,11,19,11,1,19
283,11,20,11,1,20
284,11,21,11,1,21
285,11,22,11,1,22
286,11,23,11,13,23
287,11,24,11,13,24
288,12,0,12,1,0
289,12,1,12,1
290,12,2,12,1,2
291,12,3,12,3
292,12,4,12,3,4
293,12,5,12,1,5
294,12,6,12,1,6
295,12,7,12,1,7
296,12,8,12,3,8
297,12,9,12,1,9
298,12,10,12,1,10
299,12,11,12,1,11
300,12,13,12,3,13
301,12,14,12,3,14
302,12,15,12,1,15
303,12,16,12,3,16
304,12,17,12,1,17
305,12,18,12,1,18
306,12,19,12,3,19
307,12,20,12,1,20
308,12,21,12,3,21
309,12,22,12,3,22
310,12,23,12,1,23
311,12,24,12,1,24
312,13,0,13,1,0
313,13,1,13,1
314,13,2,13,1,2
315,13,3,13,3
316,13,4,13,4
317,13,5,13,5
318,13,6,13,6
319,13,7,13,1,7
320,13,8,13,21,8
321,13,9,13,1,9
322,13,10,13,10
323,13,11,13,11
324,13,12,13,3,12
325,13,14,13,21,14
326,13,15,13,15
327,13,16,13,1,16
328,13,17,13,17
329,13,18,13,18
330,13,19,13,21,19
331,13,20,13,20
332,13,21,13,21
333,13,22,13,22
334,13,23,13,23
335,13,24,13,24
336,14,0,14,1,0
337,14,1,14,1
338,14,2,14,1,2
339,14,3,14,3
340,14,4,14,3,4
341,14,5,14,1,5
342,14,6,14,1,6
343,14,7,14,1,7
344,14,8,14,3,8
345,14,9,14,1,9
346,14,10,14,21,23,10
347,14,11,14,1,11
348,14,12,14,3,12
349,14,13,14,21,13
350,14,15,14,21,13,15
351,14,16,14,3,16
352,14,17,14,21,17
353,14,18,14,21,18
354,14,19,14,1,19
355,14,20,14,1,20
356,14,21,14,21
357,14,22,14,1,22
358,14,23,14,21,23
359,14,24,14,21,13,24
360,15,0,15,1,0
361,15,1,15,1
362,15,2,15,1,2
363,15,3,15,13,3
364,15,4,15,1,4
365,15,5,15,13,5
366,15,6,15,13,6
367,15,7,15,1,7
368,15,8,15,21,8
369,15,9,15,1,9
370,15,10,15,10
371,15,11,15,1,11
372,15,12,15,1,12
373,15,13,15,13
374,15,14,15,21,14
375,15,16,15,1,16
376,15,17,15,17
377,15,18,15,18
378,15,19,15,21,19
379,15,20,15,13,20
380,15,21,15,21
381,15,22,15,13,22
382,15,23,15,23
383,15,24,15,24
384,16,0,16,1,0
385,16,1,16,1
386,16,2,16,1,2
387,16,3,16,3
388,16,4,16,3,4
389,16,5,16,1,5
390,16,6,16,1,6
391,16,7,16,1,7
392,16,8,16,3,8
393,16,9,16,1,9
394,16,10,16,13,10
395,16,11,16,1,11
396,16,12,16,3,12
397,16,13,16,13
398,16,14,16,3,14
399,16,15,16,13,15
400,16,17,16,13,17
401,16,18,16,13,18
402,16,19,16,3,19
403,16,20,16,1,20
404,16,21,16,21
405,16,22,16,3,22
406,16,23,16,13,23
407,16,24,16,13,24
408,17,0,17,1,0
409,17,1,17,1
410,17,2,17,1,2
411,17,3,17,13,3
412,17,4,17,1,4
413,17,5,17,13,5
414,17,6,17,13,6
415,17,7,17,1,7
416,17,8,17,21,8
417,17,9,17,1,9
418,17,10,17,13,10
419,17,11,17,1,11
420,17,12,17,1,12
421,17,13,17,13
422,17,14,17,21,14
423,17,15,17,13,15
424,17,16,17,1,16
425,17,18,17,18
426,17,19,17,21,19
427,17,20,17,13,20
428,17,21,17,21
429,17,22,17,13,22
430,17,23,17,13,23
431,17,24,17,13,24
432,18,0,18,1,0
433,18,1,18,1
434,18,2,18,1,2
435,18,3,18,13,3
436,18,4,18,1,4
437,18,5,18,13,5
438,18,6,18,13,6
439,18,7,18,1,7
440,18,8,18,21,8
441,18,9,18,13,1,9
442,18,10,18,10
443,18,11,18,1,11
444,18,12,18,1,12
445,18,13,18,13
446,18,14,18,21,14
447,18,15,18,15
448,18,16,18,1,16
449,18,17,18,17
450,18,19,18,21,19
451,18,20,18,13,20
452,18,21,18,21
453,18,22,18,13,22
454,18,23,18,23
455,18,24,18,24
456,19,0,19,1,0
457,19,1,19,1
458,19,2,19,1,2
459,19,3,19,3
460,19,4,19,3,4
461,19,5,19,1,5
462,19,6,19,1,6
463,19,7,19,1,7
464,19,8,19,21,8
465,19,9,19,1,9
466,19,10,19,1,10
467,19,11,19,1,11
468,19,12,19,3,12
469,19,13,19,21,13
470,19,14,19,1,14
471,19,15,19,21,13,15
472,19,16,19,3,16
473,19,17,19,21,17
474,19,18,19,21,18
475,19,20,19,1,20
476,19,21,19,21
477,19,22,19,1,22
478,19,23,19,21,23
479,19,24,19,21,13,24
480,20,0,20,1,0
481,20,1,20,1
482,20,2,20,1,2
483,20,3,20,1,3
484,20,4,20,1,4
485,20,5,20,1,5
486,20,6,20,1,6
487,20,7,20,1,7
488,20,8,20,1,8
489,20,9,20,1,9
490,20,10,20,13,10
491,20,11,20,1,11
492,20,12,20,1,12
493,20,13,20,13
494,20,14,20,1,14
495,20,15,20,13,15
496,20,16,20,1,16
497,20,17,20,13,17
498,20,18,20,13,18
499,20,19,20,1,19
500,20,21,20,1,21
501,20,22,20,13,22
502,20,23,20,13,23
503,20,24,20,13,24
504,21,0,21,1,0
505,21,1,21,1
506,21,2,21,1,2
507,21,3,21,3
508,21,4,21,1,4
509,21,5,21,13,5
510,21,6,21,13,6
511,21,7,21,1,7
512,21,8,21,8
513,21,9,21,1,9
514,21,10,21,23,10
515,21,11,21,1,11
516,21,12,21,3,12
517,21,13,21,13
518,21,14,21,14
519,21,15,21,13,15
520,21,16,21,3,16
521,21,17,21,17
522,21,18,21,18
523,21,19,21,19
524,21,20,21,1,20
525,21,22,21,1,22
526,21,23,21,23
527,21,24,21,13,24
528,22,0,22,1,0
529,22,1,22,1
530,22,2,22,1,2
531,22,3,22,3
532,22,4,22,1,4
533,22,5,22,13,5
534,22,6,22,1,6
535,22,7,22,1,7
536,22,8,22,1,8
537,22,9,22,1,9
538,22,10,22,13,10
539,22,11,22,1,11
540,22,12,22,3,12
541,22,13,22,13
542,22,14,22,1,14
543,22,15,22,13,15
544,22,16,22,1,16
545,22,17,22,13,17
546,22,18,22,13,18
547,22,19,22,1,19
548,22,20,22,13,20
549,22,21,22,1,21
550,22,23,22,13,23
551,22,24,22,13,24
552,23,0,23,1,0
553,23,1,23,1
554,23,2,23,1,2
555,23,3,23,1,3
556,23,4,23,1,4
557,23,5,23,13,5
558,23,6,23,13,6
559,23,7,23,1,7
560,23,8,23,21,8
561,23,9,23,1,9
562,23,10,23,10
563,23,11,23,1,11
564,23,12,23,1,12
565,23,13,23,13
566,23,14,23,21,14
567,23,15,23,15
568,23,16,23,1,16
569,23,17,23,17
570,23,18,23,18
571,23,19,23,21,19
572,23,20,23,13,20
573,23,21,23,21
574,23,22,23,22
575,23,24,23,24
576,24,0,24,1,0
577,24,1,24,1
578,24,2,24,1,2
579,24,3,24,13,3
580,24,4,24,1,4
581,24,5,24,13,5
582,24,6,24,13,6
583,24,7,24,1,7
584,24,8,24,18,21,8
585,24,9,24,13,1,9
586,24,10,24,23,10
587,24,11,24,13,11
588,24,12,24,1,12
589,24,13,24,13
590,24,14,24,18,21,14
591,24,15,24,15
592,24,16,24,1,16
593,24,17,24,13,17
594,24,18,24,18
595,24,19,24,18,21,19
596,24,20,24,13,20
597,24,21,24,18,21
598,24,22,24,13,22
599,24,23,24,23
COMMODITIES,550
Index,Origin,Destination,Demand/Size,Earliest available time,Latest delivery time
0,6,18,0.0352327,40,151
1,10,20,0.104205,134,239
2,8,9,0.267251,182,287
3,15,5,0.470314,136,246
4,23,18,0.86221,186,274
5,22,21,0.480775,42,145
6,16,13,0.954794,186,287
7,4,3,0.870641,40,132
8,17,16,0.0666517,38,144
9,13,10,0.642602,38,134
10,15,19,0.540633,138,250
11,15,12,0.934777,136,254
12,18,8,0.444202,184,284
13,24,1,0.277073,136,244
14,1,6,0.0394131,138,231
15,2,20,0.93052,134,235
16,5,13,0.433951,186,280
17,14,22,0.753752,40,148
18,21,23,0.357796,186,281
19,19,8,0.402394,88,185
20,6,1,0.442904,138,231
21,0,2,0.107545,136,232
22,24,1,0.968222,40,148
23,0,16,0.684951,86,183
24,10,17,0.163112,88,183
25,1,16,0.0357556,90,182
26,1,12,0.277294,136,230
27,14,6,0.160674,40,149
28,21,3,0.334841,182,279
29,15,19,0.830915,136,248
30,8,9,0.293073,42,147
31,17,9,0.353709,40,150
32,22,4,0.0344258,86,184
33,19,12,0.0418717,42,142
34,20,8,0.234486,134,237
35,10,15,0.740136,186,287
36,3,8,0.67284,40,133
37,18,24,0.121384,86,177
38,14,17,0.0761145,138,240
39,23,15,0.0226728,42,137
40,4,11,0.229448,184,282
41,3,13,0.311646,38,142
42,21,5,0.00454545,90,192
43,18,13,0.267691,138,229
44,3,12,0.886808,42,131
45,0,4,0.0312972,40,135
46,12,3,0.142727,138,227
47,16,19,0.6034,134,234
48,6,14,0.0174774,134,243
49,16,2,0.288634,38,137
50,24,15,0.332662,186,274
51,2,23,0.102466,40,149
52,4,11,0.257285,42,140
53,4,19,0.00808853,134,237
54,1,16,0.917748,86,178
55,9,1,0.617439,42,138
56,16,15,0.534503,138,253
57,10,2,0.0229003,38,152
58,13,18,0.5529,42,133
59,21,5,0.00454545,184,286
60,18,23,0.0932878,186,274
61,13,17,0.628371,138,228
62,1,11,0.692431,90,182
63,12,18,0.135143,90,202
64,8,5,0.036833,88,196
65,14,12,0.164632,38,138
66,8,18,0.186996,184,286
67,17,10,0.500874,38,140
68,10,3,0.0557729,136,251
69,8,2,0.034608,40,140
70,23,4,0.402488,136,243
71,3,23,0.302064,86,195
72,23,10,0.990275,38,128
73,15,21,0.250678,134,238
74,12,13,0.177927,90,199
75,5,17,0.382452,40,140
76,17,1,0.444998,186,284
77,24,5,0.0400924,38,143
78,23,21,0.595961,134,231
79,18,20,0.824958,186,283
80,16,4,0.744573,138,235
81,0,6,0.129458,182,280
82,2,1,0.168396,182,273
83,21,19,0.424104,86,178
84,0,16,0.80086,138,235
85,3,24,0.872637,86,201
86,10,8,0.311771,42,150
87,19,2,0.0201461,184,288
88,3,2,0.83543,86,185
89,2,22,0.202588,86,185
90,2,12,0.0516441,182,283
91,6,14,0.0177602,136,245
92,21,14,0.00867019,86,180
93,11,16,0.387937,38,138
94,4,16,0.465136,182,279
95,16,10,0.0314672,42,155
96,15,19,0.744336,88,200
97,5,19,0.121624,138,248
98,23,13,0.317157,88,181
99,13,11,0.189975,42,143
100,10,2,0.0196493,134,248
101,10,23,0.589057,186,276
102,18,8,0.35287,134,234
103,11,1,0.114646,42,134
104,16,5,0.159335,40,147
105,4,16,0.425703,138,235
106,1,14,0.504267,38,138
107,24,14,0.149984,86,198
108,1,16,0.896539,134,226
109,22,13,0.735179,90,181
110,22,20,0.491498,42,139
111,1,3,0.0629436,138,230
112,3,0,0.294841,186,283
113,21,18,0.196453,136,233
114,14,15,0.0779354,88,204
115,20,0,0.0573094,86,185
116,8,23,0.292868,134,234
117,3,21,0.1666,138,236
118,19,13,0.559577,40,140
119,1,14,0.929069,40,140
120,22,20,0.477771,182,279
121,20,8,0.27006,88,191
122,17,9,0.335515,88,198
123,17,22,0.146152,136,233
124,11,12,0.445623,90,192
125,22,20,0.470253,186,283
126,3,12,0.852041,38,127
127,9,3,0.505594,136,240
128,23,8,0.058024,136,238
129,3,9,0.782351,42,146
130,17,10,0.595831,88,190
131,14,17,0.0896706,134,236
132,18,16,0.468956,40,149
133,0,24,0.5026,134,247
134,2,21,0.00495512,138,240
135,14,17,0.0922718,42,144
136,3,18,0.474884,90,201
137,5,15,0.48674,138,246
138,24,10,0.0139558,42,141
139,15,13,0.865858,136,236
140,17,14,0.00751945,182,284
141,4,15,0.263222,136,250
142,5,18,0.514132,38,139
143,14,17,0.0825378,88,190
144,9,3,0.501954,40,144
145,21,3,0.245179,184,281
146,13,10,0.518986,186,282
147,11,24,0.997552,90,201
148,4,11,0.240998,136,234
149,1,0,0.400193,186,275
150,9,3,0.688335,134,238
151,23,24,0.856462,40,133
152,11,19,0.311191,38,143
153,9,16,0.900737,182,286
154,4,23,0.990932,134,242
155,14,21,0.833883,184,278
156,24,10,0.0424836,134,233
157,23,11,0.273701,88,197
158,0,14,0.315492,90,195
159,10,15,0.296028,182,283
160,15,1,0.727499,38,146
161,23,22,0.317627,88,183
162,3,9,0.578045,134,238
163,21,13,0.913518,182,274
164,19,8,0.426463,182,279
165,17,18,0.391595,182,271
166,8,15,0.0400582,136,247
167,3,17,0.133133,90,200
168,13,4,0.0862188,42,138
169,1,22,0.664975,138,230
170,0,15,0.507365,90,203
171,20,3,0.408984,40,142
172,15,16,0.43099,90,206
173,12,11,0.20523,38,140
174,5,1,0.301341,138,237
175,3,9,0.522476,40,144
176,16,2,0.340452,184,283
177,18,5,0.103637,136,237
178,15,6,0.199176,42,154
179,17,23,0.451948,184,283
180,12,18,0.12682,86,198
181,22,8,0.272619,88,189
182,20,0,0.0646652,134,233
183,18,16,0.451591,86,195
184,3,12,0.0973956,182,271
185,13,17,0.706584,182,272
186,16,2,0.287397,90,189
187,1,19,0.687365,88,185
188,5,1,0.472586,90,189
189,21,9,0.220617,40,147
190,3,12,0.915811,88,177
191,11,15,0.00413316,40,154
192,14,23,0.426975,38,143
193,0,10,0.514822,90,205
194,19,1,0.812721,88,185
195,8,13,0.31707,136,233
196,24,10,0.144717,182,281
197,17,9,0.305891,90,200
198,18,22,0.967047,88,186
199,22,11,0.414193,88,188
200,14,6,0.153446,42,151
201,18,23,0.508055,182,270
202,18,19,0.988763,42,145
203,17,2,0.0422468,40,145
204,22,11,0.46362,136,236
205,16,21,0.594386,90,183
206,18,20,0.114533,184,281
207,14,8,0.359704,38,142
208,19,23,0.739502,134,237
209,8,19,0.0993816,88,185
210,20,0,0.0647047,88,187
211,5,3,0.597891,40,147
212,12,1,0.566667,182,276
213,22,17,0.304269,38,135
214,23,8,0.990509,186,288
215,23,2,0.0960908,88,196
216,1,22,0.705862,90,182
217,18,1,0.44342,88,189
218,2,17,0.111193,138,245
219,13,10,0.903186,90,186
220,1,12,0.15864,40,134
221,10,18,0.412209,90,184
222,1,9,0.266897,86,182
223,1,20,0.423031,184,278
224,10,15,0.648636,184,285
225,16,6,0.115871,182,283
226,0,21,0.480756,38,138
227,2,14,0.670711,138,245
228,17,19,0.658565,186,286
229,23,24,0.921295,138,231
230,21,18,0.231095,182,279
231,10,4,0.0164574,40,153
232,13,22,0.931183,182,273
233,2,3,0.376617,182,281
234,17,14,0.00685228,88,190
235,20,12,0.0180117,182,286
236,5,3,0.634403,136,243
237,10,14,0.12377,90,203
238,1,19,0.306598,90,187
239,4,21,0.0125928,186,287
240,12,13,0.17404,42,151
241,0,14,0.331449,42,147
242,8,19,0.0873625,134,231
243,0,24,0.586734,42,155
244,22,21,0.458678,184,287
245,11,16,0.395222,184,284
246,17,1,0.101382,184,282
247,15,5,0.425073,134,244
248,3,15,0.14855,138,256
249,11,24,0.144536,86,197
250,1,3,0.336081,136,228
251,11,12,0.372553,184,286
252,20,13,0.504075,138,228
253,18,19,0.975799,88,191
254,21,18,0.215148,138,235
255,13,2,0.324004,42,146
256,0,14,0.285432,136,241
257,22,0,0.18013,90,187
258,23,8,0.903617,86,188
259,24,18,0.0303134,42,133
260,23,4,0.357606,42,149
261,0,20,0.757984,90,189
262,1,14,0.332285,88,188
263,10,4,0.0147346,86,199
264,8,15,0.046262,90,201
265,11,12,0.19085,138,240
266,8,2,0.0327647,38,138
267,0,12,0.289631,184,283
268,15,13,0.338905,182,282
269,24,17,0.824894,40,141
270,1,6,0.0460321,90,183
271,24,15,0.942957,138,226
272,14,8,0.269072,86,190
273,9,16,0.91829,40,144
274,20,4,0.00780878,134,234
275,11,10,0.29496,86,198
276,2,17,0.111905,88,195
277,13,8,0.777367,88,185
278,23,13,0.985023,38,131
279,24,20,0.0304646,40,141
280,15,6,0.218709,138,250
281,20,23,0.0978295,134,233
282,24,15,0.27106,38,126
283,17,0,0.00819682,134,237
284,0,11,0.99756,40,137
285,13,6,0.839046,136,232
286,15,18,0.705642,38,132
287,15,8,0.0339553,40,149
288,17,15,0.0668292,134,238
289,24,10,0.116802,88,187
290,5,19,0.121448,90,200
291,19,2,0.0227016,38,142
292,14,24,0.034834,138,251
293,18,16,0.507074,42,151
294,13,12,0.142259,40,151
295,10,3,0.0511618,86,201
296,10,11,0.0433175,38,153
297,21,14,0.00953097,38,132
298,5,1,0.0406633,136,235
299,12,10,0.732805,38,158
300,5,19,0.126003,86,196
301,16,4,0.904141,136,233
302,22,12,0.473384,186,287
303,6,16,0.424271,88,189
304,3,0,0.290794,38,135
305,17,1,0.326067,136,234
306,2,12,0.0526835,42,143
307,5,14,0.247001,134,249
308,0,12,0.267007,136,235
309,20,13,0.347265,184,274
310,16,10,0.0294363,38,151
311,21,22,0.0210758,136,239
312,1,0,0.466467,184,273
313,1,20,0.630168,136,230
314,12,3,0.895033,184,273
315,17,8,0.190407,38,135
316,23,6,0.628611,40,145
317,18,5,0.0468937,182,283
318,18,0,0.216001,182,288
319,12,20,0.776791,138,242
320,22,14,0.233172,90,198
321,16,4,0.74305,38,135
322,1,24,0.502338,88,196
323,23,22,0.114514,42,137
324,14,1,0.440333,86,186
325,21,11,0.0483481,38,141
326,22,17,0.339718,182,279
327,22,0,0.204753,136,233
328,18,16,0.508477,90,199
329,3,0,0.433838,182,279
330,10,6,0.0838097,86,197
331,23,18,0.544136,136,224
332,14,5,0.348085,38,153
333,12,1,0.782497,40,134
334,22,16,0.131926,88,188
335,12,9,0.23898,134,240
336,17,22,0.144621,186,283
337,14,6,0.158199,38,147
338,5,3,0.655515,42,149
339,12,3,0.294913,40,129
340,11,12,0.217259,186,288
341,10,20,0.0934741,138,243
342,16,3,0.0764244,40,129
343,16,2,0.309829,88,187
344,19,17,0.30345,182,282
345,20,13,0.0658459,86,176
346,2,17,0.11106,42,149
347,21,12,0.0133116,38,140
348,11,10,0.302775,90,202
349,23,24,0.169494,186,279
350,22,18,0.754065,134,232
351,16,20,0.196267,138,240
352,0,9,0.143952,186,287
353,17,0,0.00820716,184,287
354,1,6,0.72005,40,133
355,14,1,0.656312,138,238
356,23,11,0.437016,86,195
357,4,6,0.0673718,38,137
358,17,19,0.725035,42,142
359,4,21,0.0122631,38,139
360,10,18,0.444293,86,180
361,1,4,0.749413,138,228
362,15,0,0.420371,90,203
363,22,9,0.197225,134,238
364,16,4,0.75984,86,183
365,24,12,0.0416856,138,256
366,3,10,0.094522,86,202
367,11,8,0.385042,134,235
368,1,8,0.975092,184,277
369,11,24,0.164171,136,247
370,22,2,0.644436,86,185
371,21,11,0.0551806,184,287
372,16,13,0.886159,136,237
373,22,0,0.188018,186,283
374,23,2,0.0864442,42,150
375,8,12,0.219883,186,284
376,20,1,0.164774,88,182
377,24,17,0.825562,134,235
378,10,18,0.457868,186,280
379,15,3,0.434182,136,258
380,1,19,0.323983,38,135
381,16,6,0.103157,38,139
382,17,8,0.179327,90,187
383,1,17,0.646912,186,286
384,19,16,0.115687,136,236
385,17,24,0.582305,40,141
386,10,16,0.118347,138,253
387,20,10,0.478961,134,236
388,18,6,0.85615,42,145
389,18,5,0.992517,184,285
390,22,14,0.249131,38,146
391,0,4,0.0335207,138,233
392,8,2,0.0301979,186,286
393,16,23,0.0791495,134,244
394,20,3,0.393487,136,238
395,21,12,0.0135055,186,288
396,19,23,0.845137,86,189
397,19,17,0.304968,138,238
398,1,9,0.247666,40,136
399,20,14,0.345118,42,152
400,11,23,0.881321,134,243
401,16,11,0.675335,138,238
402,3,15,0.207964,40,158
403,24,21,0.103788,184,286
404,22,1,0.674554,186,278
405,2,20,0.912699,186,287
406,18,14,0.163685,42,147
407,19,21,0.725194,40,132
408,10,24,0.846385,42,141
409,3,6,0.211797,134,235
410,21,22,0.0226404,40,143
411,15,17,0.811583,90,186
412,9,1,0.41198,88,184
413,21,23,0.356966,184,279
414,2,3,0.319201,90,189
415,16,21,0.64671,40,133
416,22,1,0.796588,184,276
417,2,22,0.21453,134,233
418,15,13,0.896226,40,140
419,20,8,0.239914,138,241
420,3,23,0.304264,88,197
421,10,17,0.191129,134,229
422,0,3,0.330602,86,183
423,3,6,0.0850669,42,143
424,2,3,0.326994,88,187
425,1,2,0.356912,136,227
426,0,5,0.198039,138,242
427,0,16,0.722604,136,233
428,2,3,0.311522,186,285
429,13,4,0.0807527,138,234
430,18,5,0.98516,42,143
431,15,13,0.942659,88,188
432,23,8,0.837255,138,240
433,23,11,0.298045,42,151
434,11,18,0.170611,90,197
435,21,11,0.0485664,90,193
436,18,10,0.364259,184,278
437,11,21,0.317097,138,241
438,15,24,0.351296,88,176
439,5,19,0.116206,134,244
440,4,18,0.374565,40,148
441,17,9,0.309935,138,248
442,2,14,0.632761,90,197
443,3,9,0.746916,38,142
444,8,3,0.403467,40,133
445,0,3,0.366364,136,233
446,4,1,0.498958,40,130
447,1,11,0.604732,42,134
448,1,13,0.33522,38,136
449,15,24,0.966157,182,270
450,0,20,0.791919,138,237
451,15,20,0.0399606,90,196
452,0,19,0.257198,90,192
453,17,9,0.358664,134,244
454,21,24,0.309304,136,239
455,4,23,0.122747,40,148
456,22,16,0.129825,42,142
457,23,12,0.325315,134,245
458,19,8,0.422195,136,233
459,16,2,0.3032,182,281
460,20,13,0.220371,90,180
461,13,2,0.287981,40,144
462,13,22,0.154328,134,225
463,0,15,0.478458,136,249
464,14,21,0.888072,134,228
465,15,3,0.450099,134,256
466,21,24,0.310367,90,193
467,21,23,0.366538,182,277
468,4,23,0.018648,138,246
469,11,15,0.462152,90,204
470,20,23,0.0944026,184,283
471,24,21,0.102637,134,236
472,2,20,0.914762,90,191
473,21,8,0.450973,86,175
474,23,18,0.41634,40,128
475,23,24,0.0432628,38,131
476,1,21,0.14474,42,137
477,18,13,0.0892713,88,179
478,18,19,0.951482,40,143
479,23,1,0.336878,182,283
480,8,5,0.0430186,42,150
481,19,22,0.354773,88,193
482,13,4,0.0741403,38,134
483,16,10,0.0274143,40,153
484,23,22,0.176552,134,229
485,18,3,0.0345246,134,247
486,1,2,0.23396,182,273
487,22,10,0.0692416,182,285
488,22,12,0.522521,134,235
489,23,0,0.664952,88,194
490,18,19,0.283772,138,241
491,14,6,0.149531,134,243
492,21,15,0.0769119,90,196
493,0,11,0.908435,86,183
494,12,18,0.127573,38,150
495,3,19,0.823821,186,281
496,17,20,0.295368,136,232
497,23,14,0.437901,136,243
498,9,16,0.878281,90,194
499,3,16,0.931855,186,275
500,4,21,0.0118855,90,191
501,20,23,0.0987367,182,281
502,23,9,0.595662,38,151
503,12,23,0.0644175,40,152
504,0,6,0.128887,138,236
505,10,19,0.426278,86,197
506,3,6,0.078449,182,283
507,16,23,0.0722276,136,246
508,13,24,0.423232,184,279
509,10,12,0.0660244,136,253
510,11,12,0.515557,134,236
511,11,8,0.403127,38,139
512,16,11,0.751681,88,188
513,21,0,0.0959284,138,238
514,13,12,0.121996,136,247
515,2,8,0.470522,38,138
516,3,1,0.692901,86,178
517,13,0,0.665044,86,188
518,0,23,0.965791,40,147
519,22,15,0.127514,42,147
520,16,15,0.523783,86,201
521,4,23,0.0885721,38,146
522,10,19,0.407657,88,199
523,6,1,0.634093,40,133
524,18,5,0.948341,38,139
525,13,2,0.312354,90,194
526,18,13,0.498657,90,181
527,20,12,0.0172358,38,142
528,8,23,0.268386,136,236
529,22,19,0.121384,90,195
530,4,11,0.26261,134,232
531,10,20,0.098103,90,195
532,13,3,0.378939,86,192
533,22,4,0.0356514,186,284
534,1,14,0.463178,90,190
535,13,14,0.223048,40,142
536,19,3,0.484587,90,185
537,9,3,0.570298,90,194
538,18,2,0.446639,86,194
539,14,2,0.0913412,90,197
540,18,24,0.0142049,42,133
541,8,5,0.0367344,86,194
542,22,13,0.809705,134,225
543,10,21,0.0469644,134,237
544,1,23,0.10497,134,236
545,22,24,0.457161,138,240
546,13,10,0.475815,136,232
547,16,20,0.204848,88,190
548,22,1,0.636698,38,130
549,8,15,0.0463716,138,249
