NODES,25
INDEX,Name,X-coordinate,Y-coordinate
0,0,-,-
1,1,-,-
2,2,-,-
3,3,-,-
4,4,-,-
5,5,-,-
6,6,-,-
7,7,-,-
8,8,-,-
9,9,-,-
10,10,-,-
11,11,-,-
12,12,-,-
13,13,-,-
14,14,-,-
15,15,-,-
16,16,-,-
17,17,-,-
18,18,-,-
19,19,-,-
20,20,-,-
21,21,-,-
22,22,-,-
23,23,-,-
24,24,-,-
ARCS,529
Index,Origin,Destination,Variable Cost,Fixed Cost,Capacity,Travel time
0,0,1,0,117.8,1,5
1,1,0,0,117.8,1,5
2,1,2,0,234.05,1,7
3,1,3,0,260.4,1,8
4,1,4,0,175.15,1,6
5,1,5,0,486.7,1,15
6,1,6,0,323.95,1,9
7,1,8,0,323.95,1,9
8,1,9,0,447.95,1,12
9,1,10,0,883.5,1,26
10,1,11,0,255.75,1,8
11,1,12,0,387.5,1,10
12,1,13,0,489.8,1,14
13,1,14,0,525.45,1,16
14,1,15,0,1002.85,1,24
15,1,16,0,252.65,1,8
16,1,17,0,545.6,1,16
17,1,18,0,680.45,1,18
18,1,19,0,503.75,1,13
19,1,20,0,358.05,1,10
20,1,21,0,409.2,1,11
21,1,22,0,266.6,1,8
22,1,23,0,699.05,1,18
23,1,24,0,903.65,1,24
24,2,1,0,234.05,1,7
25,3,1,0,260.4,1,8
26,3,4,0,230.95,1,8
27,3,8,0,311.55,1,9
28,3,12,0,144.15,1,5
29,3,13,0,661.85,1,20
30,3,14,0,418.5,1,11
31,3,16,0,151.9,1,5
32,3,19,0,396.8,1,11
33,3,21,0,469.65,1,14
34,3,22,0,429.35,1,13
35,4,1,0,175.15,1,6
36,4,3,0,230.95,1,8
37,5,1,0,486.7,1,15
38,5,13,0,367.35,1,10
39,6,1,0,323.95,1,9
40,6,13,0,430.9,1,11
41,7,1,0,103.85,1,4
42,8,1,0,323.95,1,9
43,8,3,0,311.55,1,9
44,8,13,0,415.4,1,11
45,8,16,0,161.2,1,6
46,8,21,0,158.1,1,5
47,9,1,0,447.95,1,12
48,10,1,0,891.25,1,23
49,10,23,0,192.2,1,6
50,11,1,0,255.75,1,8
51,11,13,0,592.1,1,16
52,12,1,0,387.5,1,10
53,12,3,0,144.15,1,5
54,13,1,0,489.8,1,13
55,13,3,0,669.6,1,22
56,13,5,0,367.35,1,10
57,13,6,0,430.9,1,12
58,13,10,0,483.6,1,12
59,13,11,0,596.75,1,17
60,13,15,0,553.35,1,14
61,13,17,0,176.7,1,6
62,13,18,0,248,1,7
63,13,19,0,573.5,1,16
64,13,20,0,198.4,1,6
65,13,21,0,275.9,1,8
66,13,22,0,232.5,1,7
67,13,23,0,323.95,1,9
68,13,24,0,449.5,1,11
69,14,1,0,525.45,1,16
70,14,3,0,418.5,1,11
71,14,19,0,111.6,1,4
72,14,21,0,384.4,1,10
73,15,1,0,1002.85,1,24
74,15,13,0,553.35,1,16
75,15,18,0,350.3,1,10
76,15,21,0,747.1,1,20
77,15,23,0,412.3,1,11
78,16,1,0,252.65,1,8
79,16,3,0,151.9,1,5
80,16,8,0,161.2,1,6
81,16,13,0,581.25,1,17
82,16,21,0,305.35,1,9
83,17,1,0,544.05,1,14
84,17,13,0,176.7,1,6
85,17,18,0,127.1,1,5
86,17,21,0,292.95,1,8
87,18,1,0,666.5,1,17
88,18,10,0,308.45,1,10
89,18,13,0,248,1,7
90,18,15,0,350.3,1,10
91,18,17,0,127.1,1,5
92,18,19,0,719.2,1,19
93,18,21,0,421.6,1,11
94,18,22,0,421.6,1,13
95,18,23,0,116.25,1,4
96,18,24,0,237.15,1,7
97,19,1,0,503.75,1,13
98,19,3,0,396.8,1,11
99,19,8,0,240.25,1,7
100,19,14,0,111.6,1,4
101,19,21,0,297.6,1,8
102,20,1,0,358.05,1,10
103,20,13,0,198.4,1,6
104,20,23,0,522.35,1,15
105,21,1,0,409.2,1,11
106,21,3,0,458.8,1,13
107,21,8,0,158.1,1,5
108,21,13,0,275.9,1,8
109,21,14,0,384.4,1,10
110,21,15,0,829.25,1,22
111,21,17,0,292.95,1,8
112,21,18,0,420.05,1,13
113,21,19,0,297.6,1,8
114,21,23,0,440.2,1,11
115,22,1,0,266.6,1,8
116,22,3,0,429.35,1,12
117,22,13,0,232.5,1,7
118,23,1,0,699.05,1,17
119,23,10,0,192.2,1,6
120,23,13,0,323.95,1,9
121,23,15,0,412.3,1,11
122,23,17,0,153.45,1,5
123,23,18,0,116.25,1,4
124,23,21,0,446.4,1,13
125,23,24,0,305.35,1,9
126,24,1,0,903.65,1,24
127,24,13,0,449.5,1,11
128,24,18,0,237.15,1,7
129,24,23,0,305.35,1,9
130,0,2,0,161.2,1,6
131,0,3,0,353.4,1,10
132,0,4,0,285.2,1,9
133,0,5,0,474.3,1,13
134,0,6,0,246.45,1,8
135,0,8,0,427.8,1,12
136,0,9,0,379.75,1,11
137,0,10,0,931.55,1,25
138,0,11,0,158.1,1,5
139,0,12,0,401.45,1,11
140,0,14,0,632.4,1,17
141,0,15,0,1063.3,1,28
142,0,16,0,367.35,1,11
143,0,17,0,596.75,1,16
144,0,18,0,717.65,1,19
145,0,19,0,615.35,1,17
146,0,20,0,361.15,1,10
147,0,21,0,444.85,1,13
148,0,22,0,297.6,1,9
149,0,23,0,739.35,1,20
150,0,24,0,957.9,1,25
151,1,7,0,103.85,1,4
152,2,0,0,161.2,1,6
153,2,3,0,480.5,1,13
154,2,4,0,409.2,1,12
155,2,5,0,257.3,1,8
156,2,6,0,110.05,1,4
157,2,8,0,412.3,1,12
158,2,9,0,229.4,1,7
159,2,10,0,872.65,1,23
160,2,11,0,182.9,1,6
161,2,12,0,582.8,1,16
162,2,13,0,390.6,1,11
163,2,14,0,790.5,1,21
164,2,15,0,940.85,1,25
165,2,16,0,475.85,1,13
166,2,17,0,568.85,1,16
167,2,18,0,638.6,1,17
168,2,19,0,643.25,1,17
169,2,20,0,207.7,1,7
170,2,21,0,424.7,1,12
171,2,22,0,308.45,1,9
172,2,23,0,716.1,1,19
173,2,24,0,847.85,1,23
174,3,0,0,353.4,1,10
175,3,2,0,480.5,1,13
176,3,6,0,554.9,1,15
177,3,9,0,685.1,1,18
178,3,10,0,995.1,1,26
179,3,11,0,477.4,1,13
180,3,15,0,1224.5,1,32
181,3,17,0,764.15,1,20
182,3,18,0,833.9,1,22
183,3,20,0,620,1,17
184,3,23,0,888.15,1,23
185,3,24,0,1108.25,1,29
186,4,0,0,285.2,1,9
187,4,2,0,409.2,1,12
188,4,6,0,494.45,1,14
189,4,7,0,75.95,1,3
190,4,8,0,142.6,1,5
191,4,9,0,624.65,1,17
192,4,10,0,838.55,1,22
193,4,11,0,406.1,1,12
194,4,12,0,331.7,1,9
195,4,13,0,427.8,1,12
196,4,14,0,410.75,1,12
197,4,15,0,970.3,1,26
198,4,16,0,147.25,1,5
199,4,17,0,503.75,1,14
200,4,18,0,624.65,1,17
201,4,19,0,390.6,1,11
202,4,20,0,413.85,1,12
203,4,21,0,263.5,1,8
204,4,22,0,204.6,1,7
205,4,23,0,646.35,1,18
206,4,24,0,861.8,1,23
207,5,0,0,474.3,1,13
208,5,2,0,257.3,1,8
209,5,6,0,161.2,1,5
210,5,9,0,198.4,1,6
211,5,11,0,320.85,1,9
212,5,18,0,660.3,1,16
213,5,20,0,178.25,1,6
214,5,23,0,720.75,1,19
215,6,0,0,246.45,1,8
216,6,2,0,110.05,1,4
217,6,3,0,554.9,1,15
218,6,4,0,494.45,1,14
219,6,5,0,161.2,1,5
220,6,8,0,637.05,1,17
221,6,9,0,141.05,1,5
222,6,10,0,939.3,1,25
223,6,11,0,165.85,1,5
224,6,12,0,623.1,1,17
225,6,14,0,840.1,1,22
226,6,15,0,982.7,1,26
227,6,16,0,576.6,1,16
228,6,17,0,615.35,1,17
229,6,18,0,685.1,1,18
230,6,19,0,824.6,1,22
231,6,20,0,243.35,1,7
232,6,21,0,593.65,1,16
233,6,22,0,446.4,1,13
234,6,23,0,761.05,1,20
235,6,24,0,877.3,1,23
236,7,3,0,246.45,1,8
237,7,4,0,75.95,1,3
238,8,0,0,427.8,1,12
239,8,2,0,412.3,1,12
240,8,4,0,142.6,1,5
241,8,6,0,637.05,1,17
242,8,9,0,767.25,1,21
243,8,10,0,714.55,1,19
244,8,11,0,545.6,1,15
245,8,12,0,460.35,1,13
246,8,14,0,328.6,1,10
247,8,15,0,883.5,1,23
248,8,17,0,427.8,1,12
249,8,18,0,542.5,1,15
250,8,19,0,240.25,1,7
251,8,20,0,444.85,1,13
252,8,22,0,203.05,1,7
253,8,23,0,536.3,1,15
254,8,24,0,801.35,1,21
255,9,0,0,379.75,1,11
256,9,2,0,229.4,1,7
257,9,3,0,685.1,1,18
258,9,4,0,624.65,1,17
259,9,5,0,198.4,1,6
260,9,6,0,141.05,1,5
261,9,8,0,767.25,1,21
262,9,10,0,1069.5,1,28
263,9,11,0,297.6,1,8
264,9,12,0,753.3,1,20
265,9,13,0,469.65,1,12
266,9,14,0,652.55,1,18
267,9,15,0,1112.9,1,29
268,9,16,0,706.8,1,19
269,9,17,0,646.35,1,18
270,9,18,0,711.45,1,18
271,9,19,0,954.8,1,25
272,9,20,0,279,1,8
273,9,21,0,723.85,1,19
274,9,22,0,576.6,1,16
275,9,23,0,891.25,1,24
276,9,24,0,1019.9,1,27
277,10,0,0,931.55,1,25
278,10,2,0,872.65,1,23
279,10,3,0,995.1,1,26
280,10,4,0,838.55,1,22
281,10,6,0,939.3,1,25
282,10,8,0,714.55,1,19
283,10,9,0,1069.5,1,28
284,10,11,0,1133.05,1,30
285,10,12,0,1086.55,1,28
286,10,13,0,483.6,1,12
287,10,14,0,970.3,1,26
288,10,15,0,224.75,1,7
289,10,16,0,872.65,1,23
290,10,17,0,334.8,1,9
291,10,18,0,306.9,1,9
292,10,19,0,909.85,1,24
293,10,20,0,714.55,1,19
294,10,21,0,623.1,1,16
295,10,22,0,623.1,1,17
296,10,24,0,286.75,1,8
297,11,0,0,158.1,1,5
298,11,2,0,182.9,1,6
299,11,3,0,477.4,1,13
300,11,4,0,406.1,1,12
301,11,5,0,320.85,1,9
302,11,6,0,165.85,1,5
303,11,8,0,545.6,1,15
304,11,9,0,297.6,1,9
305,11,10,0,1133.05,1,30
306,11,12,0,523.9,1,14
307,11,14,0,770.35,1,21
308,11,15,0,1112.9,1,29
309,11,16,0,488.25,1,14
310,11,17,0,798.25,1,21
311,11,18,0,832.35,1,21
312,11,19,0,748.65,1,20
313,11,20,0,406.1,1,11
314,11,21,0,649.45,1,18
315,11,22,0,499.1,1,14
316,11,23,0,852.5,1,23
317,11,24,0,1021.45,1,27
318,12,0,0,401.45,1,11
319,12,2,0,582.8,1,16
320,12,4,0,331.7,1,10
321,12,6,0,623.1,1,17
322,12,8,0,460.35,1,13
323,12,9,0,753.3,1,20
324,12,10,0,1086.55,1,28
325,12,11,0,523.9,1,14
326,12,13,0,776.55,1,20
327,12,14,0,550.25,1,15
328,12,15,0,1233.8,1,32
329,12,16,0,296.05,1,9
330,12,17,0,776.55,1,21
331,12,18,0,1038.5,1,27
332,12,19,0,523.9,1,14
333,12,20,0,637.05,1,17
334,12,21,0,554.9,1,15
335,12,22,0,556.45,1,15
336,12,23,0,919.15,1,24
337,12,24,0,1137.7,1,30
338,13,2,0,390.6,1,11
339,13,4,0,427.8,1,12
340,13,8,0,415.4,1,11
341,13,9,0,469.65,1,12
342,13,14,0,655.65,1,17
343,13,16,0,530.1,1,14
344,14,0,0,632.4,1,17
345,14,2,0,790.5,1,21
346,14,4,0,410.75,1,12
347,14,6,0,840.1,1,22
348,14,8,0,328.6,1,10
349,14,9,0,652.55,1,18
350,14,10,0,970.3,1,26
351,14,11,0,770.35,1,21
352,14,12,0,550.25,1,15
353,14,13,0,655.65,1,17
354,14,15,0,1106.7,1,28
355,14,16,0,272.8,1,8
356,14,17,0,671.15,1,18
357,14,18,0,798.25,1,20
358,14,20,0,852.5,1,23
359,14,22,0,527,1,15
360,14,23,0,818.4,1,20
361,14,24,0,995.1,1,26
362,15,0,0,1063.3,1,28
363,15,2,0,940.85,1,25
364,15,3,0,1224.5,1,32
365,15,4,0,970.3,1,26
366,15,6,0,982.7,1,26
367,15,8,0,883.5,1,23
368,15,9,0,1112.9,1,29
369,15,10,0,224.75,1,7
370,15,11,0,1112.9,1,29
371,15,12,0,1233.8,1,32
372,15,14,0,1106.7,1,28
373,15,16,0,1027.65,1,27
374,15,17,0,454.15,1,12
375,15,19,0,1023,1,27
376,15,20,0,757.95,1,19
377,15,22,0,733.15,1,19
378,15,24,0,110.05,1,4
379,16,0,0,367.35,1,11
380,16,2,0,475.85,1,13
381,16,4,0,147.25,1,5
382,16,6,0,576.6,1,16
383,16,7,0,155,1,5
384,16,9,0,706.8,1,19
385,16,10,0,872.65,1,23
386,16,11,0,488.25,1,14
387,16,12,0,296.05,1,8
388,16,14,0,272.8,1,8
389,16,15,0,1027.65,1,27
390,16,17,0,570.4,1,16
391,16,18,0,686.65,1,19
392,16,19,0,251.1,1,7
393,16,20,0,525.45,1,15
394,16,22,0,302.25,1,9
395,16,23,0,692.85,1,19
396,16,24,0,951.7,1,25
397,17,0,0,596.75,1,16
398,17,2,0,568.85,1,16
399,17,3,0,764.15,1,20
400,17,4,0,503.75,1,14
401,17,5,0,530.1,1,14
402,17,6,0,615.35,1,17
403,17,8,0,427.8,1,12
404,17,9,0,649.45,1,18
405,17,10,0,334.8,1,10
406,17,11,0,798.25,1,21
407,17,12,0,776.55,1,21
408,17,14,0,671.15,1,17
409,17,15,0,454.15,1,12
410,17,16,0,570.4,1,16
411,17,19,0,581.25,1,16
412,17,20,0,373.55,1,10
413,17,22,0,294.5,1,8
414,17,23,0,153.45,1,5
415,17,24,0,362.7,1,10
416,18,0,0,719.2,1,19
417,18,2,0,638.6,1,17
418,18,3,0,833.9,1,22
419,18,4,0,624.65,1,17
420,18,5,0,660.3,1,16
421,18,6,0,685.1,1,18
422,18,8,0,542.5,1,15
423,18,9,0,711.45,1,18
424,18,11,0,832.35,1,21
425,18,12,0,1038.5,1,27
426,18,14,0,798.25,1,21
427,18,16,0,686.65,1,19
428,18,20,0,438.65,1,12
429,19,0,0,615.35,1,17
430,19,2,0,643.25,1,17
431,19,4,0,390.6,1,11
432,19,6,0,824.6,1,22
433,19,9,0,954.8,1,25
434,19,10,0,909.85,1,24
435,19,11,0,748.65,1,20
436,19,12,0,523.9,1,14
437,19,13,0,565.75,1,14
438,19,15,0,1023,1,27
439,19,16,0,251.1,1,7
440,19,17,0,581.25,1,16
441,19,18,0,709.9,1,18
442,19,20,0,764.15,1,20
443,19,22,0,437.1,1,12
444,19,23,0,728.5,1,18
445,19,24,0,942.4,1,25
446,20,0,0,361.15,1,10
447,20,2,0,207.7,1,7
448,20,3,0,620,1,17
449,20,4,0,413.85,1,12
450,20,5,0,178.25,1,6
451,20,6,0,243.35,1,7
452,20,8,0,444.85,1,13
453,20,9,0,279,1,8
454,20,10,0,714.55,1,19
455,20,11,0,406.1,1,11
456,20,12,0,637.05,1,17
457,20,14,0,878.85,1,23
458,20,15,0,757.95,1,19
459,20,16,0,525.45,1,15
460,20,17,0,373.55,1,11
461,20,18,0,438.65,1,12
462,20,19,0,764.15,1,20
463,20,21,0,466.55,1,13
464,20,22,0,272.8,1,8
465,20,24,0,641.7,1,17
466,21,0,0,444.85,1,13
467,21,2,0,424.7,1,12
468,21,4,0,263.5,1,8
469,21,6,0,593.65,1,16
470,21,9,0,723.85,1,19
471,21,10,0,623.1,1,16
472,21,11,0,646.35,1,18
473,21,12,0,554.9,1,15
474,21,16,0,305.35,1,9
475,21,20,0,466.55,1,13
476,21,22,0,142.6,1,5
477,21,24,0,651,1,18
478,22,0,0,297.6,1,9
479,22,2,0,308.45,1,10
480,22,4,0,204.6,1,7
481,22,6,0,446.4,1,13
482,22,8,0,203.05,1,6
483,22,9,0,576.6,1,16
484,22,10,0,623.1,1,17
485,22,11,0,499.1,1,14
486,22,12,0,556.45,1,15
487,22,14,0,527,1,15
488,22,15,0,733.15,1,19
489,22,16,0,302.25,1,9
490,22,17,0,294.5,1,8
491,22,18,0,404.55,1,10
492,22,19,0,437.1,1,12
493,22,20,0,272.8,1,9
494,22,21,0,142.6,1,5
495,22,23,0,432.45,1,11
496,22,24,0,643.25,1,17
497,23,0,0,739.35,1,20
498,23,2,0,716.1,1,19
499,23,3,0,888.15,1,23
500,23,4,0,646.35,1,18
501,23,6,0,761.05,1,20
502,23,8,0,536.3,1,15
503,23,9,0,891.25,1,24
504,23,11,0,852.5,1,23
505,23,12,0,919.15,1,24
506,23,14,0,818.4,1,20
507,23,16,0,692.85,1,19
508,23,19,0,728.5,1,18
509,23,20,0,522.35,1,14
510,23,22,0,432.45,1,11
511,24,0,0,957.9,1,25
512,24,2,0,847.85,1,23
513,24,3,0,1108.25,1,29
514,24,4,0,861.8,1,23
515,24,6,0,877.3,1,23
516,24,8,0,801.35,1,21
517,24,9,0,1019.9,1,27
518,24,10,0,286.75,1,8
519,24,11,0,1021.45,1,27
520,24,12,0,1137.7,1,30
521,24,14,0,995.1,1,26
522,24,15,0,110.05,1,4
523,24,16,0,951.7,1,25
524,24,17,0,362.7,1,10
525,24,19,0,942.4,1,25
526,24,20,0,641.7,1,17
527,24,21,0,651,1,16
528,24,22,0,643.25,1,17
PATHS,600
Index,Shipment origin,Shipment destination,1st terminal on path,2nd terminal on path,.....,6th terminal on path
0,0,1,0,1
1,0,2,0,1,2
2,0,3,0,1,3
3,0,4,0,1,4
4,0,5,0,1,5
5,0,6,0,1,6
6,0,7,0,1,7
7,0,8,0,1,8
8,0,9,0,1,9
9,0,10,0,1,10
10,0,11,0,1,11
11,0,12,0,1,12
12,0,13,0,1,13
13,0,14,0,1,14
14,0,15,0,1,15
15,0,16,0,1,16
16,0,17,0,1,17
17,0,18,0,1,18
18,0,19,0,1,19
19,0,20,0,1,20
20,0,21,0,1,21
21,0,22,0,1,22
22,0,23,0,1,23
23,0,24,0,1,24
24,1,0,1,0
25,1,2,1,2
26,1,3,1,3
27,1,4,1,4
28,1,5,1,5
29,1,6,1,6
30,1,7,1,7
31,1,8,1,8
32,1,9,1,9
33,1,10,1,10
34,1,11,1,11
35,1,12,1,12
36,1,13,1,13
37,1,14,1,14
38,1,15,1,15
39,1,16,1,16
40,1,17,1,17
41,1,18,1,18
42,1,19,1,19
43,1,20,1,20
44,1,21,1,21
45,1,22,1,22
46,1,23,1,23
47,1,24,1,24
48,2,0,2,1,0
49,2,1,2,1
50,2,3,2,1,3
51,2,4,2,1,4
52,2,5,2,1,5
53,2,6,2,1,6
54,2,8,2,1,8
55,2,7,2,1,7
56,2,9,2,1,9
57,2,10,2,1,10
58,2,11,2,1,11
59,2,12,2,1,12
60,2,13,2,1,13
61,2,14,2,1,14
62,2,15,2,1,15
63,2,16,2,1,16
64,2,17,2,1,17
65,2,18,2,1,18
66,2,19,2,1,19
67,2,20,2,1,20
68,2,21,2,1,21
69,2,22,2,1,22
70,2,23,2,1,23
71,2,24,2,1,24
72,3,0,3,1,0
73,3,1,3,1
74,3,2,3,1,2
75,3,4,3,4
76,3,5,3,1,5
77,3,6,3,1,6
78,3,7,3,1,7
79,3,8,3,8
80,3,9,3,1,9
81,3,10,3,13,10
82,3,11,3,1,11
83,3,12,3,12
84,3,13,3,13
85,3,14,3,14
86,3,15,3,13,15
87,3,16,3,16
88,3,17,3,13,17
89,3,18,3,13,18
90,3,19,3,19
91,3,20,3,1,20
92,3,21,3,21
93,3,22,3,22
94,3,23,3,21,23
95,3,24,3,13,24
96,4,0,4,1,0
97,4,1,4,1
98,4,2,4,1,2
99,4,3,4,3
100,4,5,4,1,5
101,4,6,4,1,6
102,4,7,4,1,7
103,4,8,4,1,8
104,4,9,4,1,9
105,4,10,4,1,10
106,4,11,4,1,11
107,4,12,4,3,12
108,4,13,4,1,13
109,4,14,4,3,14
110,4,15,4,1,15
111,4,16,4,3,16
112,4,17,4,1,17
113,4,18,4,1,18
114,4,19,4,3,19
115,4,20,4,1,20
116,4,21,4,1,21
117,4,22,4,1,22
118,4,23,4,1,23
119,4,24,4,1,24
120,5,0,5,1,0
121,5,1,5,1
122,5,2,5,1,2
123,5,3,5,1,3
124,5,4,5,1,4
125,5,6,5,1,6
126,5,7,5,1,7
127,5,8,5,1,8
128,5,9,5,1,9
129,5,10,5,13,10
130,5,11,5,1,11
131,5,12,5,1,12
132,5,13,5,13
133,5,14,5,1,14
134,5,15,5,13,15
135,5,16,5,1,16
136,5,17,5,13,17
137,5,18,5,13,18
138,5,19,5,13,21,19
139,5,20,5,13,20
140,5,21,5,13,21
141,5,22,5,1,22
142,5,23,5,13,23
143,5,24,5,13,24
144,6,0,6,1,0
145,6,1,6,1
146,6,2,6,1,2
147,6,3,6,1,3
148,6,4,6,1,4
149,6,5,6,1,5
150,6,7,6,1,7
151,6,8,6,1,8
152,6,9,6,1,9
153,6,10,6,1,10
154,6,11,6,1,11
155,6,12,6,1,12
156,6,13,6,1,13
157,6,14,6,1,14
158,6,15,6,1,15
159,6,16,6,1,16
160,6,17,6,1,17
161,6,18,6,1,18
162,6,19,6,1,19
163,6,20,6,1,20
164,6,21,6,1,21
165,6,22,6,1,22
166,6,23,6,1,23
167,6,24,6,1,24
168,7,0,7,1,0
169,7,1,7,1
170,7,2,7,1,2
171,7,3,7,3
172,7,4,7,4
173,7,5,7,1,5
174,7,6,7,3,6
175,7,8,7,3,8
176,7,9,7,1,9
177,7,10,7,1,9
178,7,11,7,3,11
179,7,12,7,4,12
180,7,13,7,4,13
181,7,14,7,4,14
182,7,15,7,4,15
183,7,16,7,4,16
184,7,17,7,1,17
185,7,18,7,1,18
186,7,19,7,1,19
187,7,20,7,1,20
188,7,21,7,1,21
189,7,22,7,1,22
190,7,23,7,1,23
191,7,24,7,1,24
192,8,0,8,1,0
193,8,1,8,1
194,8,2,8,1,2
195,8,3,8,3
196,8,4,8,1,4
197,8,5,8,1,5
198,8,6,8,1,6
199,8,7,8,1,7
200,8,9,8,1,9
201,8,10,8,21,23,10
202,8,11,8,1,11
203,8,12,8,3,12
204,8,13,8,21,13
205,8,14,8,21,14
206,8,15,8,21,13,15
207,8,16,8,3,16
208,8,17,8,21,17
209,8,18,8,21,18
210,8,19,8,21,19
211,8,20,8,1,20
212,8,21,8,21
213,8,22,8,1,22
214,8,23,8,21,23
215,8,24,8,21,13,24
216,9,0,9,1,0
217,9,1,9,1
218,9,2,9,1,2
219,9,3,9,1,3
220,9,4,9,1,4
221,9,5,9,1,5
222,9,6,9,1,6
223,9,7,9,1,7
224,9,8,9,1,8
225,9,10,9,1,10
226,9,11,9,1,11
227,9,12,9,1,12
228,9,13,9,1,13
229,9,14,9,1,14
230,9,15,9,1,15
231,9,16,9,1,16
232,9,17,9,1,17
233,9,18,9,1,18
234,9,19,9,1,19
235,9,20,9,1,20
236,9,21,9,1,21
237,9,22,9,1,22
238,9,23,9,1,23
239,9,24,9,1,24
240,10,0,10,1,0
241,10,1,10,1
242,10,2,10,1,2
243,10,3,10,1,3
244,10,4,10,1,4
245,10,5,10,23,13,5
246,10,6,10,23,13,6
247,10,7,10,1,7
248,10,8,10,23,21,8
249,10,9,10,1,9
250,10,11,10,1,11
251,10,12,10,1,12
252,10,13,10,23,13
253,10,14,10,23,21,14
254,10,15,10,23,15
255,10,16,10,1,16
256,10,17,10,23,17
257,10,18,10,23,18
258,10,19,10,23,21,19
259,10,20,10,23,13,20
260,10,21,10,23,21
261,10,22,10,23,22
262,10,23,10,23
263,10,24,10,23,24
264,11,0,11,1,0
265,11,1,11,1
266,11,2,11,1,2
267,11,3,11,1,3
268,11,4,11,1,4
269,11,5,11,1,5
270,11,6,11,1,6
271,11,7,11,1,7
272,11,8,11,1,8
273,11,9,11,1,9
274,11,10,11,13,10
275,11,12,11,1,12
276,11,13,11,13
277,11,14,11,1,14
278,11,15,11,13,15
279,11,16,11,1,16
280,11,17,11,13,17
281,11,18,11,13,18
282,11,19,11,1,19
283,11,20,11,1,20
284,11,21,11,1,21
285,11,22,11,1,22
286,11,23,11,13,23
287,11,24,11,13,24
288,12,0,12,1,0
289,12,1,12,1
290,12,2,12,1,2
291,12,3,12,3
292,12,4,12,3,4
293,12,5,12,1,5
294,12,6,12,1,6
295,12,7,12,1,7
296,12,8,12,3,8
297,12,9,12,1,9
298,12,10,12,1,10
299,12,11,12,1,11
300,12,13,12,3,13
301,12,14,12,3,14
302,12,15,12,1,15
303,12,16,12,3,16
304,12,17,12,1,17
305,12,18,12,1,18
306,12,19,12,3,19
307,12,20,12,1,20
308,12,21,12,3,21
309,12,22,12,3,22
310,12,23,12,1,23
311,12,24,12,1,24
312,13,0,13,1,0
313,13,1,13,1
314,13,2,13,1,2
315,13,3,13,3
316,13,4,13,4
317,13,5,13,5
318,13,6,13,6
319,13,7,13,1,7
320,13,8,13,21,8
321,13,9,13,1,9
322,13,10,13,10
323,13,11,13,11
324,13,12,13,3,12
325,13,14,13,21,14
326,13,15,13,15
327,13,16,13,1,16
328,13,17,13,17
329,13,18,13,18
330,13,19,13,21,19
331,13,20,13,20
332,13,21,13,21
333,13,22,13,22
334,13,23,13,23
335,13,24,13,24
336,14,0,14,1,0
337,14,1,14,1
338,14,2,14,1,2
339,14,3,14,3
340,14,4,14,3,4
341,14,5,14,1,5
342,14,6,14,1,6
343,14,7,14,1,7
344,14,8,14,3,8
345,14,9,14,1,9
346,14,10,14,21,23,10
347,14,11,14,1,11
348,14,12,14,3,12
349,14,13,14,21,13
350,14,15,14,21,13,15
351,14,16,14,3,16
352,14,17,14,21,17
353,14,18,14,21,18
354,14,19,14,1,19
355,14,20,14,1,20
356,14,21,14,21
357,14,22,14,1,22
358,14,23,14,21,23
359,14,24,14,21,13,24
360,15,0,15,1,0
361,15,1,15,1
362,15,2,15,1,2
363,15,3,15,13,3
364,15,4,15,1,4
365,15,5,15,13,5
366,15,6,15,13,6
367,15,7,15,1,7
368,15,8,15,21,8
369,15,9,15,1,9
370,15,10,15,10
371,15,11,15,1,11
372,15,12,15,1,12
373,15,13,15,13
374,15,14,15,21,14
375,15,16,15,1,16
376,15,17,15,17
377,15,18,15,18
378,15,19,15,21,19
379,15,20,15,13,20
380,15,21,15,21
381,15,22,15,13,22
382,15,23,15,23
383,15,24,15,24
384,16,0,16,1,0
385,16,1,16,1
386,16,2,16,1,2
387,16,3,16,3
388,16,4,16,3,4
389,16,5,16,1,5
390,16,6,16,1,6
391,16,7,16,1,7
392,16,8,16,3,8
393,16,9,16,1,9
394,16,10,16,13,10
395,16,11,16,1,11
396,16,12,16,3,12
397,16,13,16,13
398,16,14,16,3,14
399,16,15,16,13,15
400,16,17,16,13,17
401,16,18,16,13,18
402,16,19,16,3,19
403,16,20,16,1,20
404,16,21,16,21
405,16,22,16,3,22
406,16,23,16,13,23
407,16,24,16,13,24
408,17,0,17,1,0
409,17,1,17,1
410,17,2,17,1,2
411,17,3,17,13,3
412,17,4,17,1,4
413,17,5,17,13,5
414,17,6,17,13,6
415,17,7,17,1,7
416,17,8,17,21,8
417,17,9,17,1,9
418,17,10,17,13,10
419,17,11,17,1,11
420,17,12,17,1,12
421,17,13,17,13
422,17,14,17,21,14
423,17,15,17,13,15
424,17,16,17,1,16
425,17,18,17,18
426,17,19,17,21,19
427,17,20,17,13,20
428,17,21,17,21
429,17,22,17,13,22
430,17,23,17,13,23
431,17,24,17,13,24
432,18,0,18,1,0
433,18,1,18,1
434,18,2,18,1,2
435,18,3,18,13,3
436,18,4,18,1,4
437,18,5,18,13,5
438,18,6,18,13,6
439,18,7,18,1,7
440,18,8,18,21,8
441,18,9,18,13,1,9
442,18,10,18,10
443,18,11,18,1,11
444,18,12,18,1,12
445,18,13,18,13
446,18,14,18,21,14
447,18,15,18,15
448,18,16,18,1,16
449,18,17,18,17
450,18,19,18,21,19
451,18,20,18,13,20
452,18,21,18,21
453,18,22,18,13,22
454,18,23,18,23
455,18,24,18,24
456,19,0,19,1,0
457,19,1,19,1
458,19,2,19,1,2
459,19,3,19,3
460,19,4,19,3,4
461,19,5,19,1,5
462,19,6,19,1,6
463,19,7,19,1,7
464,19,8,19,21,8
465,19,9,19,1,9
466,19,10,19,1,10
467,19,11,19,1,11
468,19,12,19,3,12
469,19,13,19,21,13
470,19,14,19,1,14
471,19,15,19,21,13,15
472,19,16,19,3,16
473,19,17,19,21,17
474,19,18,19,21,18
475,19,20,19,1,20
476,19,21,19,21
477,19,22,19,1,22
478,19,23,19,21,23
479,19,24,19,21,13,24
480,20,0,20,1,0
481,20,1,20,1
482,20,2,20,1,2
483,20,3,20,1,3
484,20,4,20,1,4
485,20,5,20,1,5
486,20,6,20,1,6
487,20,7,20,1,7
488,20,8,20,1,8
489,20,9,20,1,9
490,20,10,20,13,10
491,20,11,20,1,11
492,20,12,20,1,12
493,20,13,20,13
494,20,14,20,1,14
495,20,15,20,13,15
496,20,16,20,1,16
497,20,17,20,13,17
498,20,18,20,13,18
499,20,19,20,1,19
500,20,21,20,1,21
501,20,22,20,13,22
502,20,23,20,13,23
503,20,24,20,13,24
504,21,0,21,1,0
505,21,1,21,1
506,21,2,21,1,2
507,21,3,21,3
508,21,4,21,1,4
509,21,5,21,13,5
510,21,6,21,13,6
511,21,7,21,1,7
512,21,8,21,8
513,21,9,21,1,9
514,21,10,21,23,10
515,21,11,21,1,11
516,21,12,21,3,12
517,21,13,21,13
518,21,14,21,14
519,21,15,21,13,15
520,21,16,21,3,16
521,21,17,21,17
522,21,18,21,18
523,21,19,21,19
524,21,20,21,1,20
525,21,22,21,1,22
526,21,23,21,23
527,21,24,21,13,24
528,22,0,22,1,0
529,22,1,22,1
530,22,2,22,1,2
531,22,3,22,3
532,22,4,22,1,4
533,22,5,22,13,5
534,22,6,22,1,6
535,22,7,22,1,7
536,22,8,22,1,8
537,22,9,22,1,9
538,22,10,22,13,10
539,22,11,22,1,11
540,22,12,22,3,12
541,22,13,22,13
542,22,14,22,1,14
543,22,15,22,13,15
544,22,16,22,1,16
545,22,17,22,13,17
546,22,18,22,13,18
547,22,19,22,1,19
548,22,20,22,13,20
549,22,21,22,1,21
550,22,23,22,13,23
551,22,24,22,13,24
552,23,0,23,1,0
553,23,1,23,1
554,23,2,23,1,2
555,23,3,23,1,3
556,23,4,23,1,4
557,23,5,23,13,5
558,23,6,23,13,6
559,23,7,23,1,7
560,23,8,23,21,8
561,23,9,23,1,9
562,23,10,23,10
563,23,11,23,1,11
564,23,12,23,1,12
565,23,13,23,13
566,23,14,23,21,14
567,23,15,23,15
568,23,16,23,1,16
569,23,17,23,17
570,23,18,23,18
571,23,19,23,21,19
572,23,20,23,13,20
573,23,21,23,21
574,23,22,23,22
575,23,24,23,24
576,24,0,24,1,0
577,24,1,24,1
578,24,2,24,1,2
579,24,3,24,13,3
580,24,4,24,1,4
581,24,5,24,13,5
582,24,6,24,13,6
583,24,7,24,1,7
584,24,8,24,18,21,8
585,24,9,24,13,1,9
586,24,10,24,23,10
587,24,11,24,13,11
588,24,12,24,1,12
589,24,13,24,13
590,24,14,24,18,21,14
591,24,15,24,15
592,24,16,24,1,16
593,24,17,24,13,17
594,24,18,24,18
595,24,19,24,18,21,19
596,24,20,24,13,20
597,24,21,24,18,21
598,24,22,24,13,22
599,24,23,24,23
COMMODITIES,450
Index,Origin,Destination,Demand/Size,Earliest available time,Latest delivery time
0,10,11,0.0487131,86,189
1,22,18,0.838118,136,222
2,13,19,0.467627,38,126
3,18,5,0.0463236,86,175
4,1,17,0.362234,184,272
5,11,10,0.286808,88,188
6,22,13,0.737363,38,117
7,0,19,0.261378,38,128
8,8,1,0.90944,90,171
9,1,21,0.406515,88,171
10,0,2,0.102788,38,122
11,22,1,0.052174,38,118
12,11,18,0.107227,184,279
13,1,9,0.978722,42,126
14,5,22,0.2845,40,135
15,3,23,0.570636,38,135
16,10,14,0.125307,186,287
17,23,5,0.964352,138,229
18,0,3,0.314137,88,173
19,14,2,0.0944092,90,185
20,18,11,0.932863,134,231
21,20,16,0.0146415,40,130
22,23,15,0.42177,182,265
23,13,1,0.814037,186,271
24,24,16,0.0217106,40,144
25,4,0,0.150098,184,267
26,20,1,0.328405,88,170
27,17,24,0.595564,138,227
28,6,22,0.0274756,42,131
29,17,13,0.550433,182,260
30,17,10,0.523233,136,226
31,4,0,0.152238,136,219
32,10,19,0.448849,90,189
33,24,18,0.924771,88,167
34,3,10,0.0937772,42,146
35,18,24,0.211084,38,117
36,14,11,0.711029,186,282
37,21,0,0.091411,186,274
38,2,17,0.1085,86,181
39,3,16,0.53022,86,163
40,13,11,0.965625,40,129
41,1,17,0.171531,42,130
42,10,4,0.0147284,134,235
43,20,22,0.23901,186,271
44,14,8,0.492865,182,274
45,14,24,0.0383036,42,143
46,24,8,0.0568924,38,133
47,23,4,0.353666,136,231
48,3,21,0.258455,40,126
49,12,3,0.537953,182,259
50,8,3,0.710408,136,217
51,3,11,0.234544,40,128
52,17,9,0.313664,136,234
53,19,16,0.119739,40,128
54,14,0,0.623861,186,279
55,10,15,0.350977,184,273
56,19,22,0.378111,90,183
57,24,16,0.0197973,138,242
58,14,24,0.0344522,184,285
59,12,20,0.702481,88,180
60,3,4,0.372811,40,120
61,23,13,0.655409,42,123
62,23,1,0.357978,42,131
63,20,3,0.351098,38,128
64,0,14,0.330948,184,277
65,24,18,0.887226,86,165
66,22,5,0.413298,182,271
67,24,15,0.0832021,182,258
68,0,1,0.954722,134,211
69,15,13,0.942306,138,226
70,16,6,0.121468,42,131
71,8,18,0.17587,38,128
72,12,20,0.733276,86,178
73,18,1,0.523311,186,275
74,0,2,0.0968836,184,268
75,10,24,0.8791,38,125
76,17,16,0.0645267,136,230
77,15,20,0.083058,186,280
78,14,12,0.191477,42,130
79,0,23,0.0425618,38,133
80,17,13,0.863001,134,212
81,17,14,0.00753582,42,132
82,10,12,0.0648544,40,145
83,5,1,0.852934,88,175
84,2,23,0.100773,182,279
85,24,16,0.0200079,182,286
86,20,3,0.42595,40,130
87,14,18,0.652467,186,281
88,22,2,0.682645,134,221
89,23,8,0.218251,90,180
90,0,6,0.112431,186,272
91,16,22,0.262668,40,130
92,21,14,0.00888122,40,122
93,23,13,0.0294275,88,169
94,16,3,0.17223,182,259
95,23,20,0.0719315,38,125
96,18,13,0.114456,134,213
97,16,2,0.32218,90,177
98,5,20,0.323639,186,274
99,18,3,0.994865,42,143
100,14,9,0.562263,134,234
101,6,3,0.232374,136,225
102,21,22,0.0230501,182,273
103,13,17,0.0419685,40,118
104,13,15,0.0973136,38,124
105,2,15,0.38652,42,145
106,19,24,0.465497,138,237
107,19,1,0.929977,184,269
108,24,15,0.252976,134,210
109,14,1,0.675275,86,174
110,16,6,0.1176,38,127
111,11,17,0.365079,86,180
112,14,1,0.290935,136,224
113,22,8,0.20203,134,223
114,8,1,0.96308,184,265
115,3,5,0.892049,88,183
116,1,17,0.778454,186,274
117,23,18,0.0894957,42,118
118,12,9,0.206529,134,228
119,15,0,0.407011,136,237
120,13,16,0.0792356,182,275
121,1,21,0.815805,136,219
122,11,23,0.783704,136,233
123,17,16,0.0724501,40,134
124,24,18,0.930628,184,263
125,1,16,0.25175,40,120
126,4,23,0.0530705,182,278
127,21,9,0.22471,40,135
128,9,12,0.00454545,136,230
129,1,18,0.42564,134,224
130,24,6,0.422776,134,229
131,4,23,0.0894419,90,186
132,15,2,0.0124465,184,287
133,16,8,0.901863,186,272
134,16,10,0.0291007,186,287
135,23,15,0.337654,138,221
136,0,6,0.128387,90,176
137,14,4,0.212162,88,179
138,23,20,0.876569,42,129
139,21,9,0.227328,86,181
140,0,21,0.403134,40,128
141,14,17,0.0787437,86,176
142,16,8,0.182905,42,128
143,22,24,0.427459,86,176
144,1,18,0.766694,86,176
145,4,23,0.04928,40,136
146,13,17,0.51627,88,166
147,22,0,0.170685,42,127
148,18,20,0.0443701,184,269
149,0,13,0.333475,136,227
150,22,18,0.725619,134,220
151,15,2,0.0128891,90,193
152,24,22,0.638717,38,128
153,23,12,0.3842,42,141
154,11,18,0.898003,88,183
155,5,14,0.244804,90,193
156,1,6,0.754465,42,123
157,22,3,0.266653,182,266
158,22,14,0.247436,136,232
159,20,13,0.0249223,186,264
160,24,17,0.70436,138,227
161,0,14,0.302919,90,183
162,1,3,0.736626,42,122
163,10,8,0.305264,90,186
164,24,21,0.111122,88,178
165,22,3,0.169916,186,270
166,19,24,0.460068,136,235
167,14,11,0.767698,134,230
168,1,18,0.806466,88,178
169,2,17,0.118808,88,183
170,3,6,0.190138,38,127
171,2,22,0.208343,40,127
172,19,4,0.0652408,138,229
173,2,8,0.502207,136,224
174,0,20,0.793811,184,271
175,21,1,0.406897,90,173
176,0,4,0.0331374,184,267
177,0,3,0.365419,182,267
178,18,3,0.80504,136,237
179,0,2,0.0988954,86,170
180,18,24,0.717698,88,167
181,11,1,0.886355,42,122
182,9,3,0.51038,138,230
183,16,19,0.683572,184,272
184,16,1,0.509697,40,120
185,8,3,0.190503,88,169
186,18,5,0.0170499,42,131
187,17,8,0.179644,42,127
188,10,2,0.0219551,136,238
189,5,3,0.648978,138,233
190,17,21,0.307855,184,264
191,21,22,0.0192353,38,129
192,5,15,0.465146,186,282
193,22,19,0.125208,86,179
194,1,8,0.877689,40,121
195,24,17,0.828175,40,129
196,3,16,0.384857,182,259
197,8,1,0.127802,88,169
198,3,15,0.307848,40,146
199,8,18,0.184615,42,132
200,1,22,0.278497,186,266
201,12,14,0.0402796,40,128
202,21,9,0.207814,138,233
203,5,16,0.389007,86,181
204,12,11,0.177411,38,128
205,14,12,0.1628,136,224
206,18,23,0.56676,40,116
207,10,5,0.0280823,38,135
208,2,13,0.11142,136,229
209,19,10,0.223049,38,149
210,24,8,0.0527453,184,279
211,17,18,0.298796,90,167
212,5,22,0.336317,38,133
213,22,2,0.627377,138,225
214,10,22,0.0616298,38,127
215,3,2,0.833763,134,221
216,0,14,0.290768,86,179
217,20,13,0.328126,138,216
218,13,15,0.948087,88,174
219,2,20,0.992222,184,273
220,12,17,0.0063986,134,232
221,3,12,0.903921,136,213
222,24,11,0.633923,40,140
223,4,12,0.188932,38,123
224,17,0,0.00959649,86,177
225,15,20,0.0149022,182,276
226,3,16,0.350609,184,261
227,19,9,0.21136,88,185
228,13,0,0.575816,182,272
229,0,10,0.44598,184,287
230,16,21,0.642831,88,169
231,13,19,0.888852,184,272
232,24,0,0.0499528,88,189
233,12,3,0.159627,136,213
234,8,3,0.23243,42,123
235,18,14,0.25477,90,183
236,1,14,0.808496,136,224
237,14,1,0.6797,138,226
238,10,16,0.106716,182,285
239,12,23,0.0719388,86,186
240,4,10,0.051058,38,142
241,12,18,0.135584,182,282
242,11,1,0.134728,184,264
243,16,3,0.540036,184,261
244,18,14,0.114102,136,229
245,10,18,0.498053,186,268
246,13,16,0.0811837,138,231
247,10,11,0.0426763,90,193
248,24,2,0.34353,184,287
249,19,12,0.0392644,186,274
250,14,18,0.604137,134,229
251,16,14,0.0681347,38,126
252,1,9,0.670575,134,218
253,22,3,0.0825297,136,220
254,18,20,0.739264,182,267
255,17,24,0.652438,86,175
256,5,3,0.667604,40,135
257,1,3,0.495236,138,218
258,16,14,0.952718,90,178
259,20,22,0.239441,182,267
260,3,20,0.0253802,134,224
261,12,2,0.271011,88,177
262,8,19,0.0959064,138,223
263,6,1,0.495512,88,169
264,20,22,0.261428,86,171
265,17,0,0.00872969,42,133
266,19,17,0.268408,134,222
267,12,10,0.768437,90,198
268,24,5,0.0358741,138,231
269,15,2,0.0131014,40,143
270,20,13,0.148946,40,118
271,22,4,0.037161,38,124
272,18,10,0.398704,40,122
273,6,1,0.122785,38,119
274,20,0,0.0576576,182,269
275,23,10,0.43487,86,164
276,22,20,0.554484,88,173
277,5,18,0.53122,186,275
278,15,22,0.626155,40,135
279,17,23,0.399411,38,125
280,11,16,0.369262,136,224
281,23,21,0.808713,136,221
282,4,13,0.327558,182,274
283,13,12,0.142743,90,189
284,11,18,0.107316,134,229
285,14,24,0.0371604,90,191
286,13,15,0.92172,40,126
287,15,19,0.564036,40,140
288,2,15,0.329261,136,239
289,5,4,0.202009,134,227
290,18,14,0.203445,88,181
291,23,21,0.985875,40,125
292,24,15,0.428943,38,114
293,16,14,0.06505,134,222
294,12,6,0.133838,186,277
295,2,8,0.513925,90,178
296,8,16,0.0124223,136,222
297,16,10,0.0301858,136,237
298,21,0,0.0886768,184,272
299,11,23,0.0304125,90,187
300,5,24,0.0632967,134,227
301,16,1,0.445364,88,168
302,14,11,0.815497,90,186
303,18,1,0.87291,184,273
304,14,5,0.348189,138,241
305,1,17,0.00568954,88,176
306,5,14,0.26198,136,239
307,1,17,0.0721107,182,270
308,15,8,0.0805653,86,183
309,8,2,0.0305869,138,226
310,16,18,0.164033,86,182
311,4,6,0.0660851,90,177
312,11,13,0.451312,134,222
313,23,16,0.221975,138,235
314,0,20,0.695836,136,223
315,8,5,0.0365352,40,136
316,0,24,0.514437,186,287
317,16,11,0.650872,90,178
318,5,14,0.353665,88,191
319,24,12,0.0374618,86,192
320,14,17,0.080073,88,178
321,5,4,0.182574,38,131
322,16,4,0.800802,184,269
323,23,20,0.891347,86,173
324,3,6,0.0402699,138,227
325,18,13,0.33548,186,265
326,24,3,0.015045,90,195
327,23,1,0.017222,186,275
328,13,16,0.0813521,90,183
329,21,1,0.473966,138,221
330,18,8,0.628477,88,176
331,8,18,0.167651,186,276
332,0,10,0.478534,42,145
333,3,13,0.408134,138,230
334,15,21,0.0949347,40,132
335,0,6,0.109725,182,268
336,10,21,0.0425743,40,131
337,0,3,0.302914,90,175
338,8,1,0.161545,182,263
339,15,18,0.199577,138,220
340,14,12,0.187123,186,274
341,19,3,0.891419,38,121
342,19,1,0.514234,40,125
343,2,3,0.338183,186,273
344,19,12,0.037085,88,176
345,2,20,0.886219,86,175
346,21,8,0.524423,90,167
347,16,3,0.413588,88,165
348,14,16,0.970219,40,128
349,16,3,0.843258,136,213
350,14,4,0.21595,90,181
351,5,20,0.342674,40,128
352,18,19,0.794436,38,129
353,6,17,0.0592494,86,183
354,14,9,0.520106,38,138
355,20,10,0.455003,184,274
356,5,4,0.194004,182,275
357,4,10,0.0560562,134,238
358,13,14,0.140102,182,272
359,23,18,0.869311,184,260
360,17,20,0.304318,88,172
361,16,21,0.6489,182,263
362,18,14,0.147662,182,275
363,13,24,0.591387,138,221
364,2,8,0.495125,38,126
365,23,2,0.0989378,90,186
366,23,3,0.857406,182,279
367,22,24,0.423008,90,180
368,13,22,0.160097,184,263
369,10,18,0.380483,40,122
370,17,19,0.71779,138,226
371,10,1,0.381048,184,279
372,10,5,0.023909,86,183
373,5,20,0.344923,90,178
374,10,2,0.0220412,138,240
375,15,5,0.417671,138,236
376,10,22,0.064674,182,271
377,3,22,0.0996429,38,123
378,3,13,0.422328,86,178
379,19,10,0.257382,90,201
380,23,12,0.340224,40,139
381,22,8,0.383925,90,179
382,1,6,0.0890159,184,265
383,19,17,0.292131,182,270
384,10,4,0.0155499,86,187
385,18,6,0.843655,138,229
386,3,24,0.01602,42,145
387,10,22,0.065379,42,131
388,1,23,0.232336,184,274
389,13,24,0.676867,186,269
390,15,24,0.249757,40,116
391,16,6,0.108263,184,273
392,8,2,0.0329021,134,222
393,14,17,0.0792815,40,130
394,14,1,0.74455,88,176
395,13,17,0.699209,186,264
396,16,14,0.939974,86,174
397,3,18,0.447155,90,189
398,19,24,0.415862,184,283
399,20,18,0.268899,40,125
400,23,17,0.167311,138,215
401,12,6,0.134658,88,179
402,5,23,0.858867,42,133
403,13,6,0.90984,134,218
404,21,19,0.417888,90,170
405,14,1,0.197949,90,178
406,3,16,0.736046,186,263
407,14,18,0.797605,88,183
408,20,17,0.391151,86,170
409,9,16,0.932138,42,134
410,19,23,0.885774,86,177
411,17,19,0.63548,186,274
412,23,17,0.0679852,38,115
413,10,5,0.0283248,42,139
414,12,9,0.229946,136,230
415,13,20,0.393125,88,166
416,15,0,0.432579,88,189
417,10,1,0.310806,186,281
418,17,10,0.582945,134,224
419,4,24,0.330846,88,190
420,5,23,0.790941,86,177
421,24,8,0.0518726,88,183
422,4,23,0.0876649,184,280
423,5,4,0.183171,136,229
424,19,23,0.586805,134,225
425,14,12,0.163673,88,176
426,17,5,0.254588,186,274
427,24,15,0.0201706,86,162
428,19,5,0.446683,38,138
429,19,15,0.520107,184,286
430,18,13,0.73367,88,167
431,0,8,0.383273,136,222
432,10,4,0.0163069,40,141
433,4,18,0.383913,40,136
434,3,15,0.186139,42,148
435,3,16,0.432137,134,211
436,3,17,0.149564,184,282
437,16,14,0.0894562,136,224
438,1,0,0.356843,138,215
439,23,17,0.221188,184,261
440,4,0,0.148594,38,121
441,22,20,0.497603,86,171
442,16,22,0.394341,184,274
443,23,18,0.863895,90,166
444,0,20,0.74224,186,273
445,1,2,0.682529,138,217
446,22,3,0.265701,134,218
447,17,23,0.491641,134,221
448,2,1,0.0495686,138,217
449,10,11,0.0502994,184,287
