NODES,25
INDEX,Name,X-coordinate,Y-coordinate
0,0,-,-
1,1,-,-
2,2,-,-
3,3,-,-
4,4,-,-
5,5,-,-
6,6,-,-
7,7,-,-
8,8,-,-
9,9,-,-
10,10,-,-
11,11,-,-
12,12,-,-
13,13,-,-
14,14,-,-
15,15,-,-
16,16,-,-
17,17,-,-
18,18,-,-
19,19,-,-
20,20,-,-
21,21,-,-
22,22,-,-
23,23,-,-
24,24,-,-
ARCS,529
Index,Origin,Destination,Variable Cost,Fixed Cost,Capacity,Travel time
0,0,1,0,117.8,1,5
1,1,0,0,117.8,1,5
2,1,2,0,234.05,1,7
3,1,3,0,260.4,1,8
4,1,4,0,175.15,1,6
5,1,5,0,486.7,1,15
6,1,6,0,323.95,1,9
7,1,8,0,323.95,1,9
8,1,9,0,447.95,1,12
9,1,10,0,883.5,1,26
10,1,11,0,255.75,1,8
11,1,12,0,387.5,1,10
12,1,13,0,489.8,1,14
13,1,14,0,525.45,1,16
14,1,15,0,1002.85,1,24
15,1,16,0,252.65,1,8
16,1,17,0,545.6,1,16
17,1,18,0,680.45,1,18
18,1,19,0,503.75,1,13
19,1,20,0,358.05,1,10
20,1,21,0,409.2,1,11
21,1,22,0,266.6,1,8
22,1,23,0,699.05,1,18
23,1,24,0,903.65,1,24
24,2,1,0,234.05,1,7
25,3,1,0,260.4,1,8
26,3,4,0,230.95,1,8
27,3,8,0,311.55,1,9
28,3,12,0,144.15,1,5
29,3,13,0,661.85,1,20
30,3,14,0,418.5,1,11
31,3,16,0,151.9,1,5
32,3,19,0,396.8,1,11
33,3,21,0,469.65,1,14
34,3,22,0,429.35,1,13
35,4,1,0,175.15,1,6
36,4,3,0,230.95,1,8
37,5,1,0,486.7,1,15
38,5,13,0,367.35,1,10
39,6,1,0,323.95,1,9
40,6,13,0,430.9,1,11
41,7,1,0,103.85,1,4
42,8,1,0,323.95,1,9
43,8,3,0,311.55,1,9
44,8,13,0,415.4,1,11
45,8,16,0,161.2,1,6
46,8,21,0,158.1,1,5
47,9,1,0,447.95,1,12
48,10,1,0,891.25,1,23
49,10,23,0,192.2,1,6
50,11,1,0,255.75,1,8
51,11,13,0,592.1,1,16
52,12,1,0,387.5,1,10
53,12,3,0,144.15,1,5
54,13,1,0,489.8,1,13
55,13,3,0,669.6,1,22
56,13,5,0,367.35,1,10
57,13,6,0,430.9,1,12
58,13,10,0,483.6,1,12
59,13,11,0,596.75,1,17
60,13,15,0,553.35,1,14
61,13,17,0,176.7,1,6
62,13,18,0,248,1,7
63,13,19,0,573.5,1,16
64,13,20,0,198.4,1,6
65,13,21,0,275.9,1,8
66,13,22,0,232.5,1,7
67,13,23,0,323.95,1,9
68,13,24,0,449.5,1,11
69,14,1,0,525.45,1,16
70,14,3,0,418.5,1,11
71,14,19,0,111.6,1,4
72,14,21,0,384.4,1,10
73,15,1,0,1002.85,1,24
74,15,13,0,553.35,1,16
75,15,18,0,350.3,1,10
76,15,21,0,747.1,1,20
77,15,23,0,412.3,1,11
78,16,1,0,252.65,1,8
79,16,3,0,151.9,1,5
80,16,8,0,161.2,1,6
81,16,13,0,581.25,1,17
82,16,21,0,305.35,1,9
83,17,1,0,544.05,1,14
84,17,13,0,176.7,1,6
85,17,18,0,127.1,1,5
86,17,21,0,292.95,1,8
87,18,1,0,666.5,1,17
88,18,10,0,308.45,1,10
89,18,13,0,248,1,7
90,18,15,0,350.3,1,10
91,18,17,0,127.1,1,5
92,18,19,0,719.2,1,19
93,18,21,0,421.6,1,11
94,18,22,0,421.6,1,13
95,18,23,0,116.25,1,4
96,18,24,0,237.15,1,7
97,19,1,0,503.75,1,13
98,19,3,0,396.8,1,11
99,19,8,0,240.25,1,7
100,19,14,0,111.6,1,4
101,19,21,0,297.6,1,8
102,20,1,0,358.05,1,10
103,20,13,0,198.4,1,6
104,20,23,0,522.35,1,15
105,21,1,0,409.2,1,11
106,21,3,0,458.8,1,13
107,21,8,0,158.1,1,5
108,21,13,0,275.9,1,8
109,21,14,0,384.4,1,10
110,21,15,0,829.25,1,22
111,21,17,0,292.95,1,8
112,21,18,0,420.05,1,13
113,21,19,0,297.6,1,8
114,21,23,0,440.2,1,11
115,22,1,0,266.6,1,8
116,22,3,0,429.35,1,12
117,22,13,0,232.5,1,7
118,23,1,0,699.05,1,17
119,23,10,0,192.2,1,6
120,23,13,0,323.95,1,9
121,23,15,0,412.3,1,11
122,23,17,0,153.45,1,5
123,23,18,0,116.25,1,4
124,23,21,0,446.4,1,13
125,23,24,0,305.35,1,9
126,24,1,0,903.65,1,24
127,24,13,0,449.5,1,11
128,24,18,0,237.15,1,7
129,24,23,0,305.35,1,9
130,0,2,0,161.2,1,6
131,0,3,0,353.4,1,10
132,0,4,0,285.2,1,9
133,0,5,0,474.3,1,13
134,0,6,0,246.45,1,8
135,0,8,0,427.8,1,12
136,0,9,0,379.75,1,11
137,0,10,0,931.55,1,25
138,0,11,0,158.1,1,5
139,0,12,0,401.45,1,11
140,0,14,0,632.4,1,17
141,0,15,0,1063.3,1,28
142,0,16,0,367.35,1,11
143,0,17,0,596.75,1,16
144,0,18,0,717.65,1,19
145,0,19,0,615.35,1,17
146,0,20,0,361.15,1,10
147,0,21,0,444.85,1,13
148,0,22,0,297.6,1,9
149,0,23,0,739.35,1,20
150,0,24,0,957.9,1,25
151,1,7,0,103.85,1,4
152,2,0,0,161.2,1,6
153,2,3,0,480.5,1,13
154,2,4,0,409.2,1,12
155,2,5,0,257.3,1,8
156,2,6,0,110.05,1,4
157,2,8,0,412.3,1,12
158,2,9,0,229.4,1,7
159,2,10,0,872.65,1,23
160,2,11,0,182.9,1,6
161,2,12,0,582.8,1,16
162,2,13,0,390.6,1,11
163,2,14,0,790.5,1,21
164,2,15,0,940.85,1,25
165,2,16,0,475.85,1,13
166,2,17,0,568.85,1,16
167,2,18,0,638.6,1,17
168,2,19,0,643.25,1,17
169,2,20,0,207.7,1,7
170,2,21,0,424.7,1,12
171,2,22,0,308.45,1,9
172,2,23,0,716.1,1,19
173,2,24,0,847.85,1,23
174,3,0,0,353.4,1,10
175,3,2,0,480.5,1,13
176,3,6,0,554.9,1,15
177,3,9,0,685.1,1,18
178,3,10,0,995.1,1,26
179,3,11,0,477.4,1,13
180,3,15,0,1224.5,1,32
181,3,17,0,764.15,1,20
182,3,18,0,833.9,1,22
183,3,20,0,620,1,17
184,3,23,0,888.15,1,23
185,3,24,0,1108.25,1,29
186,4,0,0,285.2,1,9
187,4,2,0,409.2,1,12
188,4,6,0,494.45,1,14
189,4,7,0,75.95,1,3
190,4,8,0,142.6,1,5
191,4,9,0,624.65,1,17
192,4,10,0,838.55,1,22
193,4,11,0,406.1,1,12
194,4,12,0,331.7,1,9
195,4,13,0,427.8,1,12
196,4,14,0,410.75,1,12
197,4,15,0,970.3,1,26
198,4,16,0,147.25,1,5
199,4,17,0,503.75,1,14
200,4,18,0,624.65,1,17
201,4,19,0,390.6,1,11
202,4,20,0,413.85,1,12
203,4,21,0,263.5,1,8
204,4,22,0,204.6,1,7
205,4,23,0,646.35,1,18
206,4,24,0,861.8,1,23
207,5,0,0,474.3,1,13
208,5,2,0,257.3,1,8
209,5,6,0,161.2,1,5
210,5,9,0,198.4,1,6
211,5,11,0,320.85,1,9
212,5,18,0,660.3,1,16
213,5,20,0,178.25,1,6
214,5,23,0,720.75,1,19
215,6,0,0,246.45,1,8
216,6,2,0,110.05,1,4
217,6,3,0,554.9,1,15
218,6,4,0,494.45,1,14
219,6,5,0,161.2,1,5
220,6,8,0,637.05,1,17
221,6,9,0,141.05,1,5
222,6,10,0,939.3,1,25
223,6,11,0,165.85,1,5
224,6,12,0,623.1,1,17
225,6,14,0,840.1,1,22
226,6,15,0,982.7,1,26
227,6,16,0,576.6,1,16
228,6,17,0,615.35,1,17
229,6,18,0,685.1,1,18
230,6,19,0,824.6,1,22
231,6,20,0,243.35,1,7
232,6,21,0,593.65,1,16
233,6,22,0,446.4,1,13
234,6,23,0,761.05,1,20
235,6,24,0,877.3,1,23
236,7,3,0,246.45,1,8
237,7,4,0,75.95,1,3
238,8,0,0,427.8,1,12
239,8,2,0,412.3,1,12
240,8,4,0,142.6,1,5
241,8,6,0,637.05,1,17
242,8,9,0,767.25,1,21
243,8,10,0,714.55,1,19
244,8,11,0,545.6,1,15
245,8,12,0,460.35,1,13
246,8,14,0,328.6,1,10
247,8,15,0,883.5,1,23
248,8,17,0,427.8,1,12
249,8,18,0,542.5,1,15
250,8,19,0,240.25,1,7
251,8,20,0,444.85,1,13
252,8,22,0,203.05,1,7
253,8,23,0,536.3,1,15
254,8,24,0,801.35,1,21
255,9,0,0,379.75,1,11
256,9,2,0,229.4,1,7
257,9,3,0,685.1,1,18
258,9,4,0,624.65,1,17
259,9,5,0,198.4,1,6
260,9,6,0,141.05,1,5
261,9,8,0,767.25,1,21
262,9,10,0,1069.5,1,28
263,9,11,0,297.6,1,8
264,9,12,0,753.3,1,20
265,9,13,0,469.65,1,12
266,9,14,0,652.55,1,18
267,9,15,0,1112.9,1,29
268,9,16,0,706.8,1,19
269,9,17,0,646.35,1,18
270,9,18,0,711.45,1,18
271,9,19,0,954.8,1,25
272,9,20,0,279,1,8
273,9,21,0,723.85,1,19
274,9,22,0,576.6,1,16
275,9,23,0,891.25,1,24
276,9,24,0,1019.9,1,27
277,10,0,0,931.55,1,25
278,10,2,0,872.65,1,23
279,10,3,0,995.1,1,26
280,10,4,0,838.55,1,22
281,10,6,0,939.3,1,25
282,10,8,0,714.55,1,19
283,10,9,0,1069.5,1,28
284,10,11,0,1133.05,1,30
285,10,12,0,1086.55,1,28
286,10,13,0,483.6,1,12
287,10,14,0,970.3,1,26
288,10,15,0,224.75,1,7
289,10,16,0,872.65,1,23
290,10,17,0,334.8,1,9
291,10,18,0,306.9,1,9
292,10,19,0,909.85,1,24
293,10,20,0,714.55,1,19
294,10,21,0,623.1,1,16
295,10,22,0,623.1,1,17
296,10,24,0,286.75,1,8
297,11,0,0,158.1,1,5
298,11,2,0,182.9,1,6
299,11,3,0,477.4,1,13
300,11,4,0,406.1,1,12
301,11,5,0,320.85,1,9
302,11,6,0,165.85,1,5
303,11,8,0,545.6,1,15
304,11,9,0,297.6,1,9
305,11,10,0,1133.05,1,30
306,11,12,0,523.9,1,14
307,11,14,0,770.35,1,21
308,11,15,0,1112.9,1,29
309,11,16,0,488.25,1,14
310,11,17,0,798.25,1,21
311,11,18,0,832.35,1,21
312,11,19,0,748.65,1,20
313,11,20,0,406.1,1,11
314,11,21,0,649.45,1,18
315,11,22,0,499.1,1,14
316,11,23,0,852.5,1,23
317,11,24,0,1021.45,1,27
318,12,0,0,401.45,1,11
319,12,2,0,582.8,1,16
320,12,4,0,331.7,1,10
321,12,6,0,623.1,1,17
322,12,8,0,460.35,1,13
323,12,9,0,753.3,1,20
324,12,10,0,1086.55,1,28
325,12,11,0,523.9,1,14
326,12,13,0,776.55,1,20
327,12,14,0,550.25,1,15
328,12,15,0,1233.8,1,32
329,12,16,0,296.05,1,9
330,12,17,0,776.55,1,21
331,12,18,0,1038.5,1,27
332,12,19,0,523.9,1,14
333,12,20,0,637.05,1,17
334,12,21,0,554.9,1,15
335,12,22,0,556.45,1,15
336,12,23,0,919.15,1,24
337,12,24,0,1137.7,1,30
338,13,2,0,390.6,1,11
339,13,4,0,427.8,1,12
340,13,8,0,415.4,1,11
341,13,9,0,469.65,1,12
342,13,14,0,655.65,1,17
343,13,16,0,530.1,1,14
344,14,0,0,632.4,1,17
345,14,2,0,790.5,1,21
346,14,4,0,410.75,1,12
347,14,6,0,840.1,1,22
348,14,8,0,328.6,1,10
349,14,9,0,652.55,1,18
350,14,10,0,970.3,1,26
351,14,11,0,770.35,1,21
352,14,12,0,550.25,1,15
353,14,13,0,655.65,1,17
354,14,15,0,1106.7,1,28
355,14,16,0,272.8,1,8
356,14,17,0,671.15,1,18
357,14,18,0,798.25,1,20
358,14,20,0,852.5,1,23
359,14,22,0,527,1,15
360,14,23,0,818.4,1,20
361,14,24,0,995.1,1,26
362,15,0,0,1063.3,1,28
363,15,2,0,940.85,1,25
364,15,3,0,1224.5,1,32
365,15,4,0,970.3,1,26
366,15,6,0,982.7,1,26
367,15,8,0,883.5,1,23
368,15,9,0,1112.9,1,29
369,15,10,0,224.75,1,7
370,15,11,0,1112.9,1,29
371,15,12,0,1233.8,1,32
372,15,14,0,1106.7,1,28
373,15,16,0,1027.65,1,27
374,15,17,0,454.15,1,12
375,15,19,0,1023,1,27
376,15,20,0,757.95,1,19
377,15,22,0,733.15,1,19
378,15,24,0,110.05,1,4
379,16,0,0,367.35,1,11
380,16,2,0,475.85,1,13
381,16,4,0,147.25,1,5
382,16,6,0,576.6,1,16
383,16,7,0,155,1,5
384,16,9,0,706.8,1,19
385,16,10,0,872.65,1,23
386,16,11,0,488.25,1,14
387,16,12,0,296.05,1,8
388,16,14,0,272.8,1,8
389,16,15,0,1027.65,1,27
390,16,17,0,570.4,1,16
391,16,18,0,686.65,1,19
392,16,19,0,251.1,1,7
393,16,20,0,525.45,1,15
394,16,22,0,302.25,1,9
395,16,23,0,692.85,1,19
396,16,24,0,951.7,1,25
397,17,0,0,596.75,1,16
398,17,2,0,568.85,1,16
399,17,3,0,764.15,1,20
400,17,4,0,503.75,1,14
401,17,5,0,530.1,1,14
402,17,6,0,615.35,1,17
403,17,8,0,427.8,1,12
404,17,9,0,649.45,1,18
405,17,10,0,334.8,1,10
406,17,11,0,798.25,1,21
407,17,12,0,776.55,1,21
408,17,14,0,671.15,1,17
409,17,15,0,454.15,1,12
410,17,16,0,570.4,1,16
411,17,19,0,581.25,1,16
412,17,20,0,373.55,1,10
413,17,22,0,294.5,1,8
414,17,23,0,153.45,1,5
415,17,24,0,362.7,1,10
416,18,0,0,719.2,1,19
417,18,2,0,638.6,1,17
418,18,3,0,833.9,1,22
419,18,4,0,624.65,1,17
420,18,5,0,660.3,1,16
421,18,6,0,685.1,1,18
422,18,8,0,542.5,1,15
423,18,9,0,711.45,1,18
424,18,11,0,832.35,1,21
425,18,12,0,1038.5,1,27
426,18,14,0,798.25,1,21
427,18,16,0,686.65,1,19
428,18,20,0,438.65,1,12
429,19,0,0,615.35,1,17
430,19,2,0,643.25,1,17
431,19,4,0,390.6,1,11
432,19,6,0,824.6,1,22
433,19,9,0,954.8,1,25
434,19,10,0,909.85,1,24
435,19,11,0,748.65,1,20
436,19,12,0,523.9,1,14
437,19,13,0,565.75,1,14
438,19,15,0,1023,1,27
439,19,16,0,251.1,1,7
440,19,17,0,581.25,1,16
441,19,18,0,709.9,1,18
442,19,20,0,764.15,1,20
443,19,22,0,437.1,1,12
444,19,23,0,728.5,1,18
445,19,24,0,942.4,1,25
446,20,0,0,361.15,1,10
447,20,2,0,207.7,1,7
448,20,3,0,620,1,17
449,20,4,0,413.85,1,12
450,20,5,0,178.25,1,6
451,20,6,0,243.35,1,7
452,20,8,0,444.85,1,13
453,20,9,0,279,1,8
454,20,10,0,714.55,1,19
455,20,11,0,406.1,1,11
456,20,12,0,637.05,1,17
457,20,14,0,878.85,1,23
458,20,15,0,757.95,1,19
459,20,16,0,525.45,1,15
460,20,17,0,373.55,1,11
461,20,18,0,438.65,1,12
462,20,19,0,764.15,1,20
463,20,21,0,466.55,1,13
464,20,22,0,272.8,1,8
465,20,24,0,641.7,1,17
466,21,0,0,444.85,1,13
467,21,2,0,424.7,1,12
468,21,4,0,263.5,1,8
469,21,6,0,593.65,1,16
470,21,9,0,723.85,1,19
471,21,10,0,623.1,1,16
472,21,11,0,646.35,1,18
473,21,12,0,554.9,1,15
474,21,16,0,305.35,1,9
475,21,20,0,466.55,1,13
476,21,22,0,142.6,1,5
477,21,24,0,651,1,18
478,22,0,0,297.6,1,9
479,22,2,0,308.45,1,10
480,22,4,0,204.6,1,7
481,22,6,0,446.4,1,13
482,22,8,0,203.05,1,6
483,22,9,0,576.6,1,16
484,22,10,0,623.1,1,17
485,22,11,0,499.1,1,14
486,22,12,0,556.45,1,15
487,22,14,0,527,1,15
488,22,15,0,733.15,1,19
489,22,16,0,302.25,1,9
490,22,17,0,294.5,1,8
491,22,18,0,404.55,1,10
492,22,19,0,437.1,1,12
493,22,20,0,272.8,1,9
494,22,21,0,142.6,1,5
495,22,23,0,432.45,1,11
496,22,24,0,643.25,1,17
497,23,0,0,739.35,1,20
498,23,2,0,716.1,1,19
499,23,3,0,888.15,1,23
500,23,4,0,646.35,1,18
501,23,6,0,761.05,1,20
502,23,8,0,536.3,1,15
503,23,9,0,891.25,1,24
504,23,11,0,852.5,1,23
505,23,12,0,919.15,1,24
506,23,14,0,818.4,1,20
507,23,16,0,692.85,1,19
508,23,19,0,728.5,1,18
509,23,20,0,522.35,1,14
510,23,22,0,432.45,1,11
511,24,0,0,957.9,1,25
512,24,2,0,847.85,1,23
513,24,3,0,1108.25,1,29
514,24,4,0,861.8,1,23
515,24,6,0,877.3,1,23
516,24,8,0,801.35,1,21
517,24,9,0,1019.9,1,27
518,24,10,0,286.75,1,8
519,24,11,0,1021.45,1,27
520,24,12,0,1137.7,1,30
521,24,14,0,995.1,1,26
522,24,15,0,110.05,1,4
523,24,16,0,951.7,1,25
524,24,17,0,362.7,1,10
525,24,19,0,942.4,1,25
526,24,20,0,641.7,1,17
527,24,21,0,651,1,16
528,24,22,0,643.25,1,17
PATHS,600
Index,Shipment origin,Shipment destination,1st terminal on path,2nd terminal on path,.....,6th terminal on path
0,0,1,0,1
1,0,2,0,1,2
2,0,3,0,1,3
3,0,4,0,1,4
4,0,5,0,1,5
5,0,6,0,1,6
6,0,7,0,1,7
7,0,8,0,1,8
8,0,9,0,1,9
9,0,10,0,1,10
10,0,11,0,1,11
11,0,12,0,1,12
12,0,13,0,1,13
13,0,14,0,1,14
14,0,15,0,1,15
15,0,16,0,1,16
16,0,17,0,1,17
17,0,18,0,1,18
18,0,19,0,1,19
19,0,20,0,1,20
20,0,21,0,1,21
21,0,22,0,1,22
22,0,23,0,1,23
23,0,24,0,1,24
24,1,0,1,0
25,1,2,1,2
26,1,3,1,3
27,1,4,1,4
28,1,5,1,5
29,1,6,1,6
30,1,7,1,7
31,1,8,1,8
32,1,9,1,9
33,1,10,1,10
34,1,11,1,11
35,1,12,1,12
36,1,13,1,13
37,1,14,1,14
38,1,15,1,15
39,1,16,1,16
40,1,17,1,17
41,1,18,1,18
42,1,19,1,19
43,1,20,1,20
44,1,21,1,21
45,1,22,1,22
46,1,23,1,23
47,1,24,1,24
48,2,0,2,1,0
49,2,1,2,1
50,2,3,2,1,3
51,2,4,2,1,4
52,2,5,2,1,5
53,2,6,2,1,6
54,2,8,2,1,8
55,2,7,2,1,7
56,2,9,2,1,9
57,2,10,2,1,10
58,2,11,2,1,11
59,2,12,2,1,12
60,2,13,2,1,13
61,2,14,2,1,14
62,2,15,2,1,15
63,2,16,2,1,16
64,2,17,2,1,17
65,2,18,2,1,18
66,2,19,2,1,19
67,2,20,2,1,20
68,2,21,2,1,21
69,2,22,2,1,22
70,2,23,2,1,23
71,2,24,2,1,24
72,3,0,3,1,0
73,3,1,3,1
74,3,2,3,1,2
75,3,4,3,4
76,3,5,3,1,5
77,3,6,3,1,6
78,3,7,3,1,7
79,3,8,3,8
80,3,9,3,1,9
81,3,10,3,13,10
82,3,11,3,1,11
83,3,12,3,12
84,3,13,3,13
85,3,14,3,14
86,3,15,3,13,15
87,3,16,3,16
88,3,17,3,13,17
89,3,18,3,13,18
90,3,19,3,19
91,3,20,3,1,20
92,3,21,3,21
93,3,22,3,22
94,3,23,3,21,23
95,3,24,3,13,24
96,4,0,4,1,0
97,4,1,4,1
98,4,2,4,1,2
99,4,3,4,3
100,4,5,4,1,5
101,4,6,4,1,6
102,4,7,4,1,7
103,4,8,4,1,8
104,4,9,4,1,9
105,4,10,4,1,10
106,4,11,4,1,11
107,4,12,4,3,12
108,4,13,4,1,13
109,4,14,4,3,14
110,4,15,4,1,15
111,4,16,4,3,16
112,4,17,4,1,17
113,4,18,4,1,18
114,4,19,4,3,19
115,4,20,4,1,20
116,4,21,4,1,21
117,4,22,4,1,22
118,4,23,4,1,23
119,4,24,4,1,24
120,5,0,5,1,0
121,5,1,5,1
122,5,2,5,1,2
123,5,3,5,1,3
124,5,4,5,1,4
125,5,6,5,1,6
126,5,7,5,1,7
127,5,8,5,1,8
128,5,9,5,1,9
129,5,10,5,13,10
130,5,11,5,1,11
131,5,12,5,1,12
132,5,13,5,13
133,5,14,5,1,14
134,5,15,5,13,15
135,5,16,5,1,16
136,5,17,5,13,17
137,5,18,5,13,18
138,5,19,5,13,21,19
139,5,20,5,13,20
140,5,21,5,13,21
141,5,22,5,1,22
142,5,23,5,13,23
143,5,24,5,13,24
144,6,0,6,1,0
145,6,1,6,1
146,6,2,6,1,2
147,6,3,6,1,3
148,6,4,6,1,4
149,6,5,6,1,5
150,6,7,6,1,7
151,6,8,6,1,8
152,6,9,6,1,9
153,6,10,6,1,10
154,6,11,6,1,11
155,6,12,6,1,12
156,6,13,6,1,13
157,6,14,6,1,14
158,6,15,6,1,15
159,6,16,6,1,16
160,6,17,6,1,17
161,6,18,6,1,18
162,6,19,6,1,19
163,6,20,6,1,20
164,6,21,6,1,21
165,6,22,6,1,22
166,6,23,6,1,23
167,6,24,6,1,24
168,7,0,7,1,0
169,7,1,7,1
170,7,2,7,1,2
171,7,3,7,3
172,7,4,7,4
173,7,5,7,1,5
174,7,6,7,3,6
175,7,8,7,3,8
176,7,9,7,1,9
177,7,10,7,1,9
178,7,11,7,3,11
179,7,12,7,4,12
180,7,13,7,4,13
181,7,14,7,4,14
182,7,15,7,4,15
183,7,16,7,4,16
184,7,17,7,1,17
185,7,18,7,1,18
186,7,19,7,1,19
187,7,20,7,1,20
188,7,21,7,1,21
189,7,22,7,1,22
190,7,23,7,1,23
191,7,24,7,1,24
192,8,0,8,1,0
193,8,1,8,1
194,8,2,8,1,2
195,8,3,8,3
196,8,4,8,1,4
197,8,5,8,1,5
198,8,6,8,1,6
199,8,7,8,1,7
200,8,9,8,1,9
201,8,10,8,21,23,10
202,8,11,8,1,11
203,8,12,8,3,12
204,8,13,8,21,13
205,8,14,8,21,14
206,8,15,8,21,13,15
207,8,16,8,3,16
208,8,17,8,21,17
209,8,18,8,21,18
210,8,19,8,21,19
211,8,20,8,1,20
212,8,21,8,21
213,8,22,8,1,22
214,8,23,8,21,23
215,8,24,8,21,13,24
216,9,0,9,1,0
217,9,1,9,1
218,9,2,9,1,2
219,9,3,9,1,3
220,9,4,9,1,4
221,9,5,9,1,5
222,9,6,9,1,6
223,9,7,9,1,7
224,9,8,9,1,8
225,9,10,9,1,10
226,9,11,9,1,11
227,9,12,9,1,12
228,9,13,9,1,13
229,9,14,9,1,14
230,9,15,9,1,15
231,9,16,9,1,16
232,9,17,9,1,17
233,9,18,9,1,18
234,9,19,9,1,19
235,9,20,9,1,20
236,9,21,9,1,21
237,9,22,9,1,22
238,9,23,9,1,23
239,9,24,9,1,24
240,10,0,10,1,0
241,10,1,10,1
242,10,2,10,1,2
243,10,3,10,1,3
244,10,4,10,1,4
245,10,5,10,23,13,5
246,10,6,10,23,13,6
247,10,7,10,1,7
248,10,8,10,23,21,8
249,10,9,10,1,9
250,10,11,10,1,11
251,10,12,10,1,12
252,10,13,10,23,13
253,10,14,10,23,21,14
254,10,15,10,23,15
255,10,16,10,1,16
256,10,17,10,23,17
257,10,18,10,23,18
258,10,19,10,23,21,19
259,10,20,10,23,13,20
260,10,21,10,23,21
261,10,22,10,23,22
262,10,23,10,23
263,10,24,10,23,24
264,11,0,11,1,0
265,11,1,11,1
266,11,2,11,1,2
267,11,3,11,1,3
268,11,4,11,1,4
269,11,5,11,1,5
270,11,6,11,1,6
271,11,7,11,1,7
272,11,8,11,1,8
273,11,9,11,1,9
274,11,10,11,13,10
275,11,12,11,1,12
276,11,13,11,13
277,11,14,11,1,14
278,11,15,11,13,15
279,11,16,11,1,16
280,11,17,11,13,17
281,11,18,11,13,18
282,11,19,11,1,19
283,11,20,11,1,20
284,11,21,11,1,21
285,11,22,11,1,22
286,11,23,11,13,23
287,11,24,11,13,24
288,12,0,12,1,0
289,12,1,12,1
290,12,2,12,1,2
291,12,3,12,3
292,12,4,12,3,4
293,12,5,12,1,5
294,12,6,12,1,6
295,12,7,12,1,7
296,12,8,12,3,8
297,12,9,12,1,9
298,12,10,12,1,10
299,12,11,12,1,11
300,12,13,12,3,13
301,12,14,12,3,14
302,12,15,12,1,15
303,12,16,12,3,16
304,12,17,12,1,17
305,12,18,12,1,18
306,12,19,12,3,19
307,12,20,12,1,20
308,12,21,12,3,21
309,12,22,12,3,22
310,12,23,12,1,23
311,12,24,12,1,24
312,13,0,13,1,0
313,13,1,13,1
314,13,2,13,1,2
315,13,3,13,3
316,13,4,13,4
317,13,5,13,5
318,13,6,13,6
319,13,7,13,1,7
320,13,8,13,21,8
321,13,9,13,1,9
322,13,10,13,10
323,13,11,13,11
324,13,12,13,3,12
325,13,14,13,21,14
326,13,15,13,15
327,13,16,13,1,16
328,13,17,13,17
329,13,18,13,18
330,13,19,13,21,19
331,13,20,13,20
332,13,21,13,21
333,13,22,13,22
334,13,23,13,23
335,13,24,13,24
336,14,0,14,1,0
337,14,1,14,1
338,14,2,14,1,2
339,14,3,14,3
340,14,4,14,3,4
341,14,5,14,1,5
342,14,6,14,1,6
343,14,7,14,1,7
344,14,8,14,3,8
345,14,9,14,1,9
346,14,10,14,21,23,10
347,14,11,14,1,11
348,14,12,14,3,12
349,14,13,14,21,13
350,14,15,14,21,13,15
351,14,16,14,3,16
352,14,17,14,21,17
353,14,18,14,21,18
354,14,19,14,1,19
355,14,20,14,1,20
356,14,21,14,21
357,14,22,14,1,22
358,14,23,14,21,23
359,14,24,14,21,13,24
360,15,0,15,1,0
361,15,1,15,1
362,15,2,15,1,2
363,15,3,15,13,3
364,15,4,15,1,4
365,15,5,15,13,5
366,15,6,15,13,6
367,15,7,15,1,7
368,15,8,15,21,8
369,15,9,15,1,9
370,15,10,15,10
371,15,11,15,1,11
372,15,12,15,1,12
373,15,13,15,13
374,15,14,15,21,14
375,15,16,15,1,16
376,15,17,15,17
377,15,18,15,18
378,15,19,15,21,19
379,15,20,15,13,20
380,15,21,15,21
381,15,22,15,13,22
382,15,23,15,23
383,15,24,15,24
384,16,0,16,1,0
385,16,1,16,1
386,16,2,16,1,2
387,16,3,16,3
388,16,4,16,3,4
389,16,5,16,1,5
390,16,6,16,1,6
391,16,7,16,1,7
392,16,8,16,3,8
393,16,9,16,1,9
394,16,10,16,13,10
395,16,11,16,1,11
396,16,12,16,3,12
397,16,13,16,13
398,16,14,16,3,14
399,16,15,16,13,15
400,16,17,16,13,17
401,16,18,16,13,18
402,16,19,16,3,19
403,16,20,16,1,20
404,16,21,16,21
405,16,22,16,3,22
406,16,23,16,13,23
407,16,24,16,13,24
408,17,0,17,1,0
409,17,1,17,1
410,17,2,17,1,2
411,17,3,17,13,3
412,17,4,17,1,4
413,17,5,17,13,5
414,17,6,17,13,6
415,17,7,17,1,7
416,17,8,17,21,8
417,17,9,17,1,9
418,17,10,17,13,10
419,17,11,17,1,11
420,17,12,17,1,12
421,17,13,17,13
422,17,14,17,21,14
423,17,15,17,13,15
424,17,16,17,1,16
425,17,18,17,18
426,17,19,17,21,19
427,17,20,17,13,20
428,17,21,17,21
429,17,22,17,13,22
430,17,23,17,13,23
431,17,24,17,13,24
432,18,0,18,1,0
433,18,1,18,1
434,18,2,18,1,2
435,18,3,18,13,3
436,18,4,18,1,4
437,18,5,18,13,5
438,18,6,18,13,6
439,18,7,18,1,7
440,18,8,18,21,8
441,18,9,18,13,1,9
442,18,10,18,10
443,18,11,18,1,11
444,18,12,18,1,12
445,18,13,18,13
446,18,14,18,21,14
447,18,15,18,15
448,18,16,18,1,16
449,18,17,18,17
450,18,19,18,21,19
451,18,20,18,13,20
452,18,21,18,21
453,18,22,18,13,22
454,18,23,18,23
455,18,24,18,24
456,19,0,19,1,0
457,19,1,19,1
458,19,2,19,1,2
459,19,3,19,3
460,19,4,19,3,4
461,19,5,19,1,5
462,19,6,19,1,6
463,19,7,19,1,7
464,19,8,19,21,8
465,19,9,19,1,9
466,19,10,19,1,10
467,19,11,19,1,11
468,19,12,19,3,12
469,19,13,19,21,13
470,19,14,19,1,14
471,19,15,19,21,13,15
472,19,16,19,3,16
473,19,17,19,21,17
474,19,18,19,21,18
475,19,20,19,1,20
476,19,21,19,21
477,19,22,19,1,22
478,19,23,19,21,23
479,19,24,19,21,13,24
480,20,0,20,1,0
481,20,1,20,1
482,20,2,20,1,2
483,20,3,20,1,3
484,20,4,20,1,4
485,20,5,20,1,5
486,20,6,20,1,6
487,20,7,20,1,7
488,20,8,20,1,8
489,20,9,20,1,9
490,20,10,20,13,10
491,20,11,20,1,11
492,20,12,20,1,12
493,20,13,20,13
494,20,14,20,1,14
495,20,15,20,13,15
496,20,16,20,1,16
497,20,17,20,13,17
498,20,18,20,13,18
499,20,19,20,1,19
500,20,21,20,1,21
501,20,22,20,13,22
502,20,23,20,13,23
503,20,24,20,13,24
504,21,0,21,1,0
505,21,1,21,1
506,21,2,21,1,2
507,21,3,21,3
508,21,4,21,1,4
509,21,5,21,13,5
510,21,6,21,13,6
511,21,7,21,1,7
512,21,8,21,8
513,21,9,21,1,9
514,21,10,21,23,10
515,21,11,21,1,11
516,21,12,21,3,12
517,21,13,21,13
518,21,14,21,14
519,21,15,21,13,15
520,21,16,21,3,16
521,21,17,21,17
522,21,18,21,18
523,21,19,21,19
524,21,20,21,1,20
525,21,22,21,1,22
526,21,23,21,23
527,21,24,21,13,24
528,22,0,22,1,0
529,22,1,22,1
530,22,2,22,1,2
531,22,3,22,3
532,22,4,22,1,4
533,22,5,22,13,5
534,22,6,22,1,6
535,22,7,22,1,7
536,22,8,22,1,8
537,22,9,22,1,9
538,22,10,22,13,10
539,22,11,22,1,11
540,22,12,22,3,12
541,22,13,22,13
542,22,14,22,1,14
543,22,15,22,13,15
544,22,16,22,1,16
545,22,17,22,13,17
546,22,18,22,13,18
547,22,19,22,1,19
548,22,20,22,13,20
549,22,21,22,1,21
550,22,23,22,13,23
551,22,24,22,13,24
552,23,0,23,1,0
553,23,1,23,1
554,23,2,23,1,2
555,23,3,23,1,3
556,23,4,23,1,4
557,23,5,23,13,5
558,23,6,23,13,6
559,23,7,23,1,7
560,23,8,23,21,8
561,23,9,23,1,9
562,23,10,23,10
563,23,11,23,1,11
564,23,12,23,1,12
565,23,13,23,13
566,23,14,23,21,14
567,23,15,23,15
568,23,16,23,1,16
569,23,17,23,17
570,23,18,23,18
571,23,19,23,21,19
572,23,20,23,13,20
573,23,21,23,21
574,23,22,23,22
575,23,24,23,24
576,24,0,24,1,0
577,24,1,24,1
578,24,2,24,1,2
579,24,3,24,13,3
580,24,4,24,1,4
581,24,5,24,13,5
582,24,6,24,13,6
583,24,7,24,1,7
584,24,8,24,18,21,8
585,24,9,24,13,1,9
586,24,10,24,23,10
587,24,11,24,13,11
588,24,12,24,1,12
589,24,13,24,13
590,24,14,24,18,21,14
591,24,15,24,15
592,24,16,24,1,16
593,24,17,24,13,17
594,24,18,24,18
595,24,19,24,18,21,19
596,24,20,24,13,20
597,24,21,24,18,21
598,24,22,24,13,22
599,24,23,24,23
COMMODITIES,750
Index,Origin,Destination,Demand/Size,Earliest available time,Latest delivery time
0,16,4,0.748905,230,267
1,21,23,0.348834,184,219
2,13,23,0.462513,234,267
3,3,1,0.573748,138,170
4,24,0,0.0471119,38,91
5,13,17,0.586305,88,118
6,19,8,0.427443,136,173
7,1,0,0.992863,90,119
8,0,21,0.454037,230,270
9,14,20,0.0961259,88,138
10,16,11,0.758132,86,126
11,1,15,0.664012,186,234
12,1,0,0.140295,138,167
13,13,17,0.270946,230,260
14,11,24,0.0218079,86,137
15,19,23,0.637981,90,133
16,22,18,0.774694,134,172
17,23,6,0.696263,136,181
18,23,19,0.415041,186,231
19,24,6,0.360667,234,281
20,19,5,0.469244,234,286
21,15,8,0.0599549,182,231
22,24,19,0.830466,230,280
23,2,20,0.980262,186,227
24,22,13,0.796785,182,213
25,14,18,0.642998,38,85
26,15,8,0.10739,234,283
27,15,18,0.609455,230,264
28,11,13,0.0980657,86,126
29,16,22,0.224746,90,132
30,14,1,0.223296,230,270
31,14,0,0.800535,138,183
32,24,20,0.134713,90,131
33,22,3,0.0494584,182,218
34,17,1,0.391788,138,176
35,11,21,0.317754,134,177
36,8,17,0.599569,42,79
37,0,6,0.127427,42,80
38,14,15,0.678032,40,96
39,4,3,0.526781,136,168
40,13,3,0.145265,42,88
41,23,15,0.692109,186,221
42,2,14,0.669181,134,181
43,17,20,0.312987,186,222
44,23,19,0.0361302,90,135
45,2,19,0.302018,182,226
46,20,19,0.490777,134,181
47,0,6,0.12544,40,78
48,14,18,0.866762,134,181
49,12,22,0.219555,138,180
50,5,23,0.853465,184,227
51,1,12,0.251669,40,74
52,22,12,0.512559,182,223
53,15,12,0.793662,230,288
54,15,8,0.169471,232,281
55,5,14,0.37591,90,145
56,5,13,0.494782,182,216
57,3,5,0.817327,90,137
58,13,11,0.0133103,88,129
59,5,15,0.404364,88,136
60,12,2,0.275294,42,83
61,1,16,0.812226,42,74
62,24,23,0.0212209,134,167
63,17,18,0.375387,136,165
64,3,13,0.631592,232,276
65,2,3,0.317627,134,173
66,3,13,0.460541,38,82
67,1,19,0.661028,232,269
68,13,23,0.436086,136,169
69,13,16,0.0784221,42,87
70,17,20,0.290299,42,78
71,3,8,0.0391973,234,267
72,2,17,0.106077,90,137
73,13,16,0.0750754,138,183
74,18,0,0.217247,182,228
75,19,24,0.494213,182,233
76,13,21,0.268741,90,122
77,5,1,0.273869,40,79
78,1,3,0.838071,90,122
79,16,8,0.690436,38,76
80,5,17,0.384754,38,78
81,20,17,0.465121,38,74
82,2,19,0.275441,86,130
83,19,23,0.689533,186,229
84,23,4,0.344044,42,89
85,6,1,0.636649,88,121
86,18,8,0.550993,184,224
87,0,23,0.92385,186,233
88,2,8,0.492986,136,176
89,3,22,0.902223,90,127
90,14,3,0.42251,182,217
91,0,21,0.431881,136,176
92,21,3,0.194785,134,171
93,4,10,0.0593876,90,146
94,23,11,0.186135,134,183
95,11,22,0.859733,38,78
96,16,2,0.331294,234,273
97,3,18,0.530514,86,137
98,23,22,0.13039,182,217
99,4,1,0.140647,134,164
100,1,18,0.677288,86,128
101,5,1,0.856034,38,77
102,0,11,0.999951,186,223
103,16,1,0.689181,234,266
104,20,22,0.229084,90,127
105,24,23,0.304367,182,215
106,15,13,0.00303254,134,174
107,13,17,0.909762,90,120
108,22,21,0.497328,138,181
109,14,16,0.171576,186,226
110,10,1,0.569114,232,279
111,19,1,0.501795,184,221
112,15,18,0.782221,234,268
113,18,21,0.772165,234,269
114,16,0,0.797075,234,271
115,24,2,0.370604,184,239
116,18,15,0.287764,88,122
117,14,23,0.410655,90,135
118,13,22,0.171868,136,167
119,18,24,0.98241,136,167
120,15,8,0.177437,42,91
121,9,1,0.694458,186,222
122,0,9,0.149271,134,175
123,13,6,0.940554,134,170
124,0,6,0.127339,38,76
125,23,21,0.608781,136,173
126,14,11,0.730748,134,182
127,14,0,0.742884,86,131
128,22,1,0.870716,234,266
129,24,1,0.832079,186,234
130,4,23,0.0537391,232,280
131,1,20,0.920447,186,220
132,19,10,0.257994,134,197
133,23,20,0.0949665,232,271
134,18,13,0.12581,134,165
135,22,11,0.405368,184,224
136,15,5,0.432859,134,184
137,23,14,0.538935,88,135
138,15,20,0.0753549,136,182
139,17,10,0.537018,186,228
140,17,11,0.122313,182,228
141,5,15,0.466172,40,88
142,18,20,0.167833,186,223
143,0,24,0.508886,232,285
144,13,8,0.022812,38,75
145,3,6,0.311313,88,129
146,11,13,0.0698629,38,78
147,14,5,0.371422,138,193
148,15,18,0.305685,88,122
149,18,1,0.18658,138,179
150,18,11,0.0293782,38,87
151,0,5,0.19364,90,134
152,1,24,0.516222,230,278
153,21,17,0.418112,38,70
154,10,13,0.86254,86,125
155,18,3,0.97816,38,91
156,5,13,0.483863,136,170
157,10,13,0.985405,230,269
158,3,13,0.476237,184,228
159,16,9,0.262224,184,228
160,15,8,0.987764,184,233
161,8,9,0.275288,86,131
162,23,9,0.612499,184,237
163,10,23,0.606993,186,216
164,2,20,0.0468936,42,83
165,2,1,0.089199,230,261
166,10,15,0.487968,136,177
167,3,22,0.888029,230,267
168,3,16,0.87551,184,213
169,1,5,0.807919,182,221
170,11,1,0.3144,230,262
171,18,19,0.261483,40,83
172,15,8,0.183263,38,87
173,21,19,0.403323,134,166
174,15,1,0.930929,40,88
175,0,22,0.241007,86,123
176,16,1,0.914761,88,120
177,11,16,0.397529,232,272
178,4,13,0.356901,38,82
179,20,1,0.562411,90,124
180,16,11,0.698555,234,274
181,3,24,0.0453782,134,189
182,0,10,0.467538,230,285
183,3,19,0.106612,40,75
184,4,16,0.418147,42,79
185,2,1,0.975863,88,119
186,17,18,0.429233,186,215
187,3,15,0.281458,40,98
188,2,22,0.184293,86,125
189,23,10,0.268014,186,216
190,14,11,0.784102,90,138
191,3,14,0.622456,234,269
192,1,0,0.70563,40,69
193,22,1,0.695553,138,170
194,22,0,0.178183,40,77
195,23,18,0.448301,232,260
196,14,3,0.691407,234,269
197,15,18,0.89868,186,220
198,15,18,0.14934,184,218
199,1,6,0.0736531,230,263
200,13,19,0.822864,184,224
201,11,17,0.35693,90,136
202,18,19,0.0404656,38,81
203,20,19,0.464355,230,277
204,21,1,0.266017,136,171
205,3,5,0.846759,232,279
206,3,8,0.0138239,182,215
207,16,21,0.667502,134,167
208,15,10,0.842592,134,165
209,19,22,0.539043,38,83
210,1,5,0.157264,232,271
211,11,23,0.67618,186,235
212,2,14,0.651362,184,231
213,1,0,0.638187,38,67
214,17,10,0.529771,38,80
215,19,22,0.495806,88,133
216,11,22,0.833275,90,130
217,18,8,0.578411,234,274
218,22,13,0.784274,232,263
219,16,12,0.18072,40,74
220,11,12,0.190578,88,130
221,24,19,0.847703,90,140
222,5,3,0.583736,186,233
223,23,13,0.605135,138,171
224,15,13,0.68102,232,272
225,1,4,0.955762,88,118
226,16,8,0.808939,42,80
227,3,17,0.141485,230,280
228,8,13,0.318216,40,77
229,24,20,0.0569457,138,179
230,4,12,0.171268,38,75
231,1,24,0.598156,136,184
232,13,23,0.403589,182,215
233,13,15,0.688098,38,76
234,22,1,0.558278,232,264
235,14,18,0.658175,232,279
236,5,20,0.312705,136,176
237,5,20,0.321391,134,174
238,15,5,0.430487,136,186
239,11,3,0.824381,134,174
240,20,18,0.305336,88,125
241,18,21,0.83643,42,77
242,14,23,0.451185,230,275
243,0,1,0.134116,186,215
244,14,22,0.729081,138,186
245,15,1,0.0266606,184,232
246,12,21,0.37641,234,277
247,18,11,0.0277135,184,233
248,14,1,0.861431,232,272
249,24,17,0.809134,42,83
250,23,13,0.937738,86,119
251,14,1,0.111976,90,130
252,8,17,0.385224,134,171
253,10,18,0.425736,134,168
254,3,10,0.0893605,182,238
255,1,8,0.155108,88,121
256,14,0,0.876485,230,275
257,18,10,0.581613,234,268
258,21,1,0.309455,182,217
259,2,23,0.0886606,86,135
260,15,1,0.264434,234,282
261,12,1,0.632427,186,220
262,2,14,0.714893,86,133
263,15,19,0.961598,88,140
264,1,21,0.885549,88,123
265,13,23,0.367788,232,265
266,20,19,0.434609,42,89
267,1,21,0.221403,134,169
268,19,18,0.257495,134,179
269,13,19,0.59912,186,226
270,3,12,0.248497,88,117
271,20,2,0.252038,40,81
272,8,19,0.0927096,42,79
273,3,21,0.341559,182,220
274,3,11,0.636169,136,176
275,0,10,0.462991,40,95
276,23,10,0.959863,230,260
277,10,15,0.332386,90,131
278,17,23,0.449136,184,223
279,17,23,0.296139,138,177
280,1,11,0.998736,90,122
281,23,14,0.529714,138,185
282,18,1,0.772492,182,223
283,23,16,0.186282,230,279
284,14,16,0.036962,40,80
285,19,3,0.407302,134,169
286,3,23,0.538736,40,89
287,14,13,0.000652845,136,178
288,4,1,0.811341,138,168
289,1,14,0.690306,88,128
290,23,22,0.286611,38,73
291,0,10,0.458993,86,141
292,11,23,0.930032,88,137
293,15,1,0.438504,186,234
294,19,3,0.956678,232,267
295,13,23,0.142987,86,119
296,22,12,0.452709,186,227
297,18,17,0.0889961,186,215
298,6,16,0.425134,136,177
299,1,23,0.972319,134,176
300,15,0,0.418302,138,191
301,2,20,0.0317244,230,271
302,8,17,0.467799,186,223
303,3,23,0.33285,186,235
304,18,1,0.803933,234,275
305,23,1,0.856249,40,81
306,20,18,0.280961,232,269
307,10,1,0.848689,136,183
308,23,1,0.29801,136,177
309,8,1,0.642774,232,265
310,18,24,0.347294,88,119
311,13,5,0.317248,232,266
312,16,11,0.73689,40,80
313,15,17,0.38715,182,218
314,20,13,0.846652,134,164
315,14,8,0.392565,230,274
316,21,17,0.394316,182,214
317,1,12,0.463875,232,266
318,17,21,0.301128,230,262
319,3,19,0.103496,90,125
320,2,20,0.939118,40,81
321,22,24,0.384642,42,84
322,23,1,0.0603113,182,223
323,17,13,0.871225,184,214
324,10,18,0.502899,234,268
325,15,14,0.545034,40,94
326,4,12,0.170925,182,219
327,14,22,0.709494,42,90
328,4,23,0.131865,88,136
329,22,8,0.266166,184,225
330,1,5,0.915548,184,223
331,14,11,0.782907,182,230
332,16,3,0.14573,182,211
333,3,6,0.188357,134,175
334,0,10,0.508484,42,97
335,15,14,0.315847,42,96
336,23,3,0.889503,136,185
337,20,14,0.3439,138,188
338,10,1,0.33793,184,231
339,1,12,0.439118,186,220
340,16,11,0.736213,230,270
341,16,8,0.253923,186,224
342,24,20,0.160175,40,81
343,23,1,0.218279,88,129
344,14,5,0.369313,90,145
345,4,11,0.271099,134,172
346,18,5,0.951669,88,129
347,16,18,0.18259,184,232
348,0,21,0.443997,40,80
349,1,19,0.718123,40,77
350,22,2,0.653936,88,127
351,13,18,0.04886,182,213
352,15,19,0.446347,86,138
353,3,18,0.529909,232,283
354,21,1,0.164366,138,173
355,11,4,0.0433465,186,224
356,13,22,0.919634,138,169
357,3,12,0.725452,42,71
358,1,21,0.525785,138,173
359,24,13,0.622006,90,125
360,8,9,0.265586,182,227
361,0,2,0.106111,86,122
362,23,16,0.206122,232,281
363,23,21,0.0609303,134,171
364,0,2,0.102601,134,170
365,22,5,0.419606,86,127
366,1,21,0.578252,230,265
367,15,10,0.645663,86,117
368,16,1,0.961151,42,74
369,18,12,0.391308,186,237
370,10,9,0.385237,42,101
371,10,14,0.1165,182,235
372,18,0,0.254422,138,184
373,23,22,0.0656306,90,125
374,5,18,0.510091,134,175
375,10,1,0.563981,138,185
376,17,23,0.599871,90,129
377,17,21,0.332904,136,168
378,0,23,0.0338365,232,279
379,0,12,0.244522,186,225
380,3,19,0.951163,42,77
381,18,19,0.712374,42,85
382,0,15,0.501617,232,285
383,9,3,0.438414,42,86
384,6,1,0.748688,136,169
385,3,0,0.462449,86,123
386,14,13,0.834811,186,228
387,20,19,0.464463,186,233
388,11,18,0.785774,234,281
389,12,3,0.0642905,40,69
390,23,21,0.913974,182,219
391,2,3,0.325167,40,79
392,2,19,0.296211,90,134
393,22,3,0.154796,134,170
394,20,18,0.273683,40,77
395,4,0,0.157861,184,219
396,21,0,0.0888792,134,174
397,0,23,0.0216399,38,85
398,4,1,0.895521,182,212
399,3,4,0.159362,138,170
400,20,3,0.413325,134,176
401,17,20,0.273896,88,124
402,22,0,0.174352,136,173
403,3,23,0.516898,86,135
404,21,1,0.126608,42,77
405,16,5,0.172909,136,183
406,24,19,0.835486,136,186
407,19,9,0.187914,230,279
408,15,24,0.591011,134,162
409,4,6,0.062044,232,271
410,13,15,0.384369,230,268
411,16,2,0.311342,138,177
412,22,9,0.201424,88,132
413,5,16,0.399323,40,87
414,17,1,0.494381,90,128
415,15,21,0.143041,230,274
416,16,0,0.806849,232,269
417,14,8,0.407838,232,276
418,17,10,0.562419,42,84
419,13,0,0.593285,42,84
420,3,18,0.462707,230,281
421,1,0,0.867477,186,215
422,15,5,0.421205,230,280
423,24,13,0.893056,234,269
424,11,23,0.0294702,184,233
425,16,0,0.682793,186,223
426,19,18,0.00125153,234,279
427,12,1,0.645968,234,268
428,1,10,0.587987,138,188
429,13,5,0.302499,138,172
430,13,15,0.525646,136,174
431,24,18,0.824211,186,217
432,3,8,0.864032,86,119
433,3,20,0.995924,186,228
434,24,20,0.142013,88,129
435,15,19,0.659349,232,284
436,23,18,0.572925,230,258
437,3,13,0.22266,90,134
438,13,21,0.140224,186,218
439,12,10,0.813815,136,196
440,1,9,0.899213,42,78
441,15,24,0.632742,88,116
442,15,22,0.646226,138,185
443,18,8,0.588444,42,82
444,13,0,0.591305,38,80
445,4,24,0.303004,182,236
446,18,1,0.60458,232,273
447,14,21,0.817,234,268
448,2,1,0.714728,42,73
449,1,24,0.377825,38,86
450,12,13,0.183143,138,187
451,19,22,0.372747,42,87
452,0,18,0.912525,232,279
453,5,3,0.650246,182,229
454,11,21,0.333538,86,129
455,23,17,0.0452935,90,119
456,14,0,0.737249,136,181
457,14,0,0.617633,232,277
458,13,24,0.488827,136,171
459,1,17,0.0599849,38,78
460,24,22,0.52834,186,228
461,9,16,0.976566,88,132
462,3,24,0.980083,136,191
463,24,18,0.977509,88,119
464,0,21,0.464798,186,226
465,13,8,0.753023,86,123
466,23,16,0.224572,86,135
467,23,11,0.356185,234,283
468,14,3,0.214179,134,169
469,10,17,0.17208,38,73
470,1,17,0.443486,230,270
471,22,21,0.480697,136,179
472,18,13,0.416913,38,69
473,19,1,0.890397,182,219
474,17,23,0.473618,186,225
475,23,22,0.119772,134,169
476,1,20,0.520707,134,168
477,14,0,0.889949,90,135
478,16,8,0.757619,182,220
479,14,1,0.14473,86,126
480,22,8,0.16514,90,131
481,24,23,0.415294,90,123
482,18,12,0.39168,184,235
483,16,20,0.228695,138,180
484,1,2,0.569528,136,167
485,3,0,0.428184,232,269
486,11,24,0.112116,186,237
487,3,1,0.0878078,234,266
488,11,10,0.298307,42,94
489,15,24,0.0761133,138,166
490,13,22,0.141844,42,73
491,15,5,0.4421,186,236
492,14,21,0.883981,186,220
493,19,11,0.70252,136,181
494,24,18,0.0734536,232,263
495,1,2,0.269643,184,215
496,3,2,0.894804,88,127
497,18,10,0.00362435,138,172
498,24,13,0.748944,230,265
499,2,4,0.0343499,182,219
500,20,10,0.422863,40,82
501,0,15,0.47772,40,93
502,18,2,0.421047,134,182
503,22,5,0.387651,230,271
504,8,19,0.0874492,40,77
505,13,14,0.191055,90,132
506,1,21,0.959644,234,269
507,18,14,0.166997,88,133
508,22,24,0.429431,230,272
509,12,1,0.856099,134,168
510,0,24,0.557459,234,287
511,13,18,0.178272,184,215
512,10,12,0.0727647,88,145
513,17,19,0.746851,134,174
514,10,19,0.417458,182,233
515,24,2,0.389895,134,189
516,22,13,0.741817,186,217
517,19,18,0.917091,184,229
518,22,0,0.198039,186,223
519,22,15,0.113922,134,179
520,8,1,0.609172,40,73
521,11,1,0.344914,184,216
522,23,19,0.938515,232,277
523,15,23,0.120596,230,265
524,10,15,0.628827,40,81
525,8,9,0.245993,230,275
526,18,16,0.456998,184,233
527,24,18,0.77684,134,165
528,17,8,0.188754,90,127
529,22,9,0.205755,184,228
530,24,17,0.84139,40,81
531,14,0,0.629183,88,133
532,23,20,0.0468899,138,177
533,4,11,0.258821,234,272
534,13,23,0.901797,38,71
535,19,13,0.493414,42,82
536,5,23,0.836832,234,277
537,2,1,0.816009,86,117
538,13,0,0.640904,184,226
539,5,15,0.477499,230,278
540,19,11,0.650078,88,133
541,2,1,0.985539,234,265
542,13,15,0.36719,234,272
543,15,2,0.0133481,88,143
544,1,6,0.728362,88,121
545,15,14,0.338494,182,236
546,15,1,0.809282,136,184
547,1,10,0.585229,42,92
548,24,13,0.476554,138,173
549,4,11,0.266967,40,78
550,11,19,0.348652,184,229
551,16,21,0.616489,138,171
552,2,18,0.032406,88,137
553,0,11,0.952122,136,173
554,8,9,0.271577,90,135
555,14,10,0.172964,182,233
556,3,10,0.0922022,38,94
557,18,10,0.336807,136,170
558,23,20,0.863579,88,127
559,22,18,0.834903,230,268
560,13,11,0.0466478,184,225
561,21,17,0.419159,86,118
562,1,21,0.847186,182,217
563,12,16,0.692367,88,122
564,11,13,0.411438,234,274
565,18,12,0.379554,134,185
566,2,19,0.301712,184,228
567,5,3,0.589068,42,89
568,19,8,0.446267,90,127
569,13,3,0.290115,230,276
570,16,21,0.611016,86,119
571,8,2,0.0364297,134,174
572,3,8,0.461234,90,123
573,20,17,0.463346,88,124
574,13,2,0.284521,90,134
575,14,5,0.385735,186,241
576,19,18,0.261371,86,131
577,15,14,0.531957,234,288
578,3,12,0.916028,184,213
579,2,8,0.521756,42,82
580,20,1,0.576643,230,264
581,10,1,0.291309,88,135
582,5,22,0.301085,182,229
583,4,13,0.360254,134,178
584,24,17,0.728561,230,271
585,15,13,0.626434,234,274
586,3,5,0.92533,234,281
587,13,15,0.0201126,134,172
588,0,20,0.763024,86,125
589,16,4,0.903222,42,79
590,24,15,0.231997,138,166
591,13,24,0.0900534,182,217
592,11,18,0.184677,88,135
593,1,24,0.898064,40,88
594,4,11,0.255755,88,126
595,4,12,0.194663,134,171
596,14,10,0.184338,134,185
597,14,5,0.324697,230,285
598,9,16,0.993067,182,226
599,11,0,0.935415,138,175
600,13,10,0.503514,230,266
601,9,3,0.657475,86,130
602,13,20,0.449545,90,120
603,12,13,0.173916,40,89
604,23,4,0.347645,88,135
605,12,1,0.632812,86,120
606,19,13,0.521311,138,178
607,0,17,0.234538,230,275
608,23,18,0.609492,90,118
609,5,3,0.661718,86,133
610,3,13,0.262018,136,180
611,23,3,0.848117,232,281
612,12,21,0.370806,184,227
613,0,20,0.776273,186,225
614,1,22,0.288743,186,218
615,13,22,0.200163,234,265
616,16,1,0.256684,184,216
617,1,13,0.860339,232,270
618,18,20,0.281538,134,171
619,11,10,0.314304,230,282
620,3,14,0.987023,232,267
621,1,20,0.814266,86,120
622,24,18,0.926072,184,215
623,8,17,0.423847,40,77
624,1,13,0.333111,138,176
625,14,8,0.256531,86,130
626,16,1,0.954264,90,122
627,10,15,0.305211,88,129
628,11,18,0.172962,134,181
629,2,14,0.727206,40,87
630,24,20,0.0907142,136,177
631,18,13,0.622938,136,167
632,1,0,0.122885,182,211
633,11,1,0.500358,186,218
634,6,1,0.267601,182,215
635,18,10,0.536298,88,122
636,3,18,0.53727,186,237
637,5,22,0.321966,88,135
638,1,2,0.154609,182,213
639,22,21,0.453885,86,129
640,1,9,0.438067,88,124
641,3,1,0.23798,88,120
642,1,22,0.828958,230,262
643,17,2,0.0405831,42,87
644,1,22,0.301668,86,118
645,16,6,0.109314,136,177
646,17,19,0.736497,138,178
647,19,23,0.830851,182,225
648,20,13,0.180134,184,214
649,23,16,0.221842,38,87
650,18,8,0.394942,134,174
651,11,4,0.154715,230,268
652,15,20,0.0283426,42,88
653,0,17,0.250203,42,87
654,22,20,0.52854,186,223
655,17,19,0.72227,90,130
656,16,8,0.186758,234,272
657,24,10,0.0824443,136,175
658,24,12,0.038715,38,96
659,3,23,0.50747,138,187
660,18,19,0.850289,230,273
661,3,0,0.428132,182,219
662,18,11,0.0858271,136,185
663,22,14,0.266662,138,186
664,24,13,0.961948,134,169
665,20,14,0.334487,88,138
666,23,8,0.182152,42,84
667,1,3,0.302312,234,266
668,8,3,0.00509586,86,119
669,18,23,0.220832,230,258
670,8,2,0.0308052,86,126
671,3,20,0.111293,42,84
672,14,1,0.755501,234,274
673,3,11,0.652164,90,130
674,17,15,0.452213,232,276
675,1,13,0.437806,134,172
676,18,1,0.914948,134,175
677,14,3,0.706522,138,173
678,11,21,0.315137,38,81
679,13,18,0.828433,234,265
680,23,15,0.985146,38,73
681,5,15,0.408095,134,182
682,21,23,0.3271,136,171
683,18,8,0.459117,90,130
684,18,24,0.0068383,232,263
685,3,9,0.788339,88,132
686,13,24,0.716344,86,121
687,13,2,0.278201,40,84
688,23,21,0.754701,38,75
689,19,20,0.3306,136,183
690,20,2,0.245472,138,179
691,3,20,0.95556,90,132
692,10,8,0.269059,86,134
693,12,3,0.491411,184,213
694,17,9,0.324953,86,136
695,15,13,0.0567758,86,126
696,3,4,0.979146,186,218
697,5,18,0.546139,38,79
698,21,13,0.938166,138,170
699,3,1,0.303994,40,72
700,24,17,0.820159,184,225
701,21,13,0.885878,184,216
702,5,16,0.377291,230,277
703,1,22,0.394943,138,170
704,1,17,0.383378,40,80
705,1,24,0.297418,42,90
706,11,15,0.342925,90,144
707,6,3,0.241239,182,223
708,14,9,0.561973,234,286
709,18,1,0.255191,42,83
710,2,20,0.89349,38,79
711,22,23,0.56077,90,130
712,4,14,0.44866,38,81
713,22,11,0.413468,134,174
714,17,15,0.287867,134,178
715,12,21,0.37565,134,177
716,24,10,0.010124,182,221
717,8,3,0.444528,184,217
718,4,3,0.161069,230,262
719,10,19,0.397589,186,237
720,11,21,0.344469,234,277
721,8,16,0.0120063,136,174
722,20,17,0.427708,182,218
723,12,13,0.183515,186,235
724,13,19,0.453448,136,176
725,5,1,0.410454,90,129
726,24,1,0.960953,38,86
727,3,14,0.436932,90,125
728,11,13,0.480083,184,224
729,0,14,0.323633,234,279
730,10,18,0.373549,186,220
731,6,17,0.0580296,40,89
732,23,14,0.61121,186,233
733,11,1,0.843386,86,118
734,18,13,0.405757,86,117
735,1,22,0.778149,134,166
736,23,15,0.974293,138,173
737,1,13,0.0939781,184,222
738,14,8,0.259579,42,86
739,1,23,0.229743,234,276
740,19,15,0.505926,138,192
741,22,3,0.133811,90,126
742,0,19,0.246543,42,84
743,12,15,0.405546,88,146
744,14,21,0.911689,182,216
745,0,16,0.685303,40,77
746,0,10,0.441904,232,287
747,15,1,0.00422428,90,138
748,0,19,0.238241,138,180
749,23,1,0.652479,234,275
