NODES,25
INDEX,Name,X-coordinate,Y-coordinate
0,0,-,-
1,1,-,-
2,2,-,-
3,3,-,-
4,4,-,-
5,5,-,-
6,6,-,-
7,7,-,-
8,8,-,-
9,9,-,-
10,10,-,-
11,11,-,-
12,12,-,-
13,13,-,-
14,14,-,-
15,15,-,-
16,16,-,-
17,17,-,-
18,18,-,-
19,19,-,-
20,20,-,-
21,21,-,-
22,22,-,-
23,23,-,-
24,24,-,-
ARCS,529
Index,Origin,Destination,Variable Cost,Fixed Cost,Capacity,Travel time
0,0,1,0,117.8,1,5
1,1,0,0,117.8,1,5
2,1,2,0,234.05,1,7
3,1,3,0,260.4,1,8
4,1,4,0,175.15,1,6
5,1,5,0,486.7,1,15
6,1,6,0,323.95,1,9
7,1,8,0,323.95,1,9
8,1,9,0,447.95,1,12
9,1,10,0,883.5,1,26
10,1,11,0,255.75,1,8
11,1,12,0,387.5,1,10
12,1,13,0,489.8,1,14
13,1,14,0,525.45,1,16
14,1,15,0,1002.85,1,24
15,1,16,0,252.65,1,8
16,1,17,0,545.6,1,16
17,1,18,0,680.45,1,18
18,1,19,0,503.75,1,13
19,1,20,0,358.05,1,10
20,1,21,0,409.2,1,11
21,1,22,0,266.6,1,8
22,1,23,0,699.05,1,18
23,1,24,0,903.65,1,24
24,2,1,0,234.05,1,7
25,3,1,0,260.4,1,8
26,3,4,0,230.95,1,8
27,3,8,0,311.55,1,9
28,3,12,0,144.15,1,5
29,3,13,0,661.85,1,20
30,3,14,0,418.5,1,11
31,3,16,0,151.9,1,5
32,3,19,0,396.8,1,11
33,3,21,0,469.65,1,14
34,3,22,0,429.35,1,13
35,4,1,0,175.15,1,6
36,4,3,0,230.95,1,8
37,5,1,0,486.7,1,15
38,5,13,0,367.35,1,10
39,6,1,0,323.95,1,9
40,6,13,0,430.9,1,11
41,7,1,0,103.85,1,4
42,8,1,0,323.95,1,9
43,8,3,0,311.55,1,9
44,8,13,0,415.4,1,11
45,8,16,0,161.2,1,6
46,8,21,0,158.1,1,5
47,9,1,0,447.95,1,12
48,10,1,0,891.25,1,23
49,10,23,0,192.2,1,6
50,11,1,0,255.75,1,8
51,11,13,0,592.1,1,16
52,12,1,0,387.5,1,10
53,12,3,0,144.15,1,5
54,13,1,0,489.8,1,13
55,13,3,0,669.6,1,22
56,13,5,0,367.35,1,10
57,13,6,0,430.9,1,12
58,13,10,0,483.6,1,12
59,13,11,0,596.75,1,17
60,13,15,0,553.35,1,14
61,13,17,0,176.7,1,6
62,13,18,0,248,1,7
63,13,19,0,573.5,1,16
64,13,20,0,198.4,1,6
65,13,21,0,275.9,1,8
66,13,22,0,232.5,1,7
67,13,23,0,323.95,1,9
68,13,24,0,449.5,1,11
69,14,1,0,525.45,1,16
70,14,3,0,418.5,1,11
71,14,19,0,111.6,1,4
72,14,21,0,384.4,1,10
73,15,1,0,1002.85,1,24
74,15,13,0,553.35,1,16
75,15,18,0,350.3,1,10
76,15,21,0,747.1,1,20
77,15,23,0,412.3,1,11
78,16,1,0,252.65,1,8
79,16,3,0,151.9,1,5
80,16,8,0,161.2,1,6
81,16,13,0,581.25,1,17
82,16,21,0,305.35,1,9
83,17,1,0,544.05,1,14
84,17,13,0,176.7,1,6
85,17,18,0,127.1,1,5
86,17,21,0,292.95,1,8
87,18,1,0,666.5,1,17
88,18,10,0,308.45,1,10
89,18,13,0,248,1,7
90,18,15,0,350.3,1,10
91,18,17,0,127.1,1,5
92,18,19,0,719.2,1,19
93,18,21,0,421.6,1,11
94,18,22,0,421.6,1,13
95,18,23,0,116.25,1,4
96,18,24,0,237.15,1,7
97,19,1,0,503.75,1,13
98,19,3,0,396.8,1,11
99,19,8,0,240.25,1,7
100,19,14,0,111.6,1,4
101,19,21,0,297.6,1,8
102,20,1,0,358.05,1,10
103,20,13,0,198.4,1,6
104,20,23,0,522.35,1,15
105,21,1,0,409.2,1,11
106,21,3,0,458.8,1,13
107,21,8,0,158.1,1,5
108,21,13,0,275.9,1,8
109,21,14,0,384.4,1,10
110,21,15,0,829.25,1,22
111,21,17,0,292.95,1,8
112,21,18,0,420.05,1,13
113,21,19,0,297.6,1,8
114,21,23,0,440.2,1,11
115,22,1,0,266.6,1,8
116,22,3,0,429.35,1,12
117,22,13,0,232.5,1,7
118,23,1,0,699.05,1,17
119,23,10,0,192.2,1,6
120,23,13,0,323.95,1,9
121,23,15,0,412.3,1,11
122,23,17,0,153.45,1,5
123,23,18,0,116.25,1,4
124,23,21,0,446.4,1,13
125,23,24,0,305.35,1,9
126,24,1,0,903.65,1,24
127,24,13,0,449.5,1,11
128,24,18,0,237.15,1,7
129,24,23,0,305.35,1,9
130,0,2,0,161.2,1,6
131,0,3,0,353.4,1,10
132,0,4,0,285.2,1,9
133,0,5,0,474.3,1,13
134,0,6,0,246.45,1,8
135,0,8,0,427.8,1,12
136,0,9,0,379.75,1,11
137,0,10,0,931.55,1,25
138,0,11,0,158.1,1,5
139,0,12,0,401.45,1,11
140,0,14,0,632.4,1,17
141,0,15,0,1063.3,1,28
142,0,16,0,367.35,1,11
143,0,17,0,596.75,1,16
144,0,18,0,717.65,1,19
145,0,19,0,615.35,1,17
146,0,20,0,361.15,1,10
147,0,21,0,444.85,1,13
148,0,22,0,297.6,1,9
149,0,23,0,739.35,1,20
150,0,24,0,957.9,1,25
151,1,7,0,103.85,1,4
152,2,0,0,161.2,1,6
153,2,3,0,480.5,1,13
154,2,4,0,409.2,1,12
155,2,5,0,257.3,1,8
156,2,6,0,110.05,1,4
157,2,8,0,412.3,1,12
158,2,9,0,229.4,1,7
159,2,10,0,872.65,1,23
160,2,11,0,182.9,1,6
161,2,12,0,582.8,1,16
162,2,13,0,390.6,1,11
163,2,14,0,790.5,1,21
164,2,15,0,940.85,1,25
165,2,16,0,475.85,1,13
166,2,17,0,568.85,1,16
167,2,18,0,638.6,1,17
168,2,19,0,643.25,1,17
169,2,20,0,207.7,1,7
170,2,21,0,424.7,1,12
171,2,22,0,308.45,1,9
172,2,23,0,716.1,1,19
173,2,24,0,847.85,1,23
174,3,0,0,353.4,1,10
175,3,2,0,480.5,1,13
176,3,6,0,554.9,1,15
177,3,9,0,685.1,1,18
178,3,10,0,995.1,1,26
179,3,11,0,477.4,1,13
180,3,15,0,1224.5,1,32
181,3,17,0,764.15,1,20
182,3,18,0,833.9,1,22
183,3,20,0,620,1,17
184,3,23,0,888.15,1,23
185,3,24,0,1108.25,1,29
186,4,0,0,285.2,1,9
187,4,2,0,409.2,1,12
188,4,6,0,494.45,1,14
189,4,7,0,75.95,1,3
190,4,8,0,142.6,1,5
191,4,9,0,624.65,1,17
192,4,10,0,838.55,1,22
193,4,11,0,406.1,1,12
194,4,12,0,331.7,1,9
195,4,13,0,427.8,1,12
196,4,14,0,410.75,1,12
197,4,15,0,970.3,1,26
198,4,16,0,147.25,1,5
199,4,17,0,503.75,1,14
200,4,18,0,624.65,1,17
201,4,19,0,390.6,1,11
202,4,20,0,413.85,1,12
203,4,21,0,263.5,1,8
204,4,22,0,204.6,1,7
205,4,23,0,646.35,1,18
206,4,24,0,861.8,1,23
207,5,0,0,474.3,1,13
208,5,2,0,257.3,1,8
209,5,6,0,161.2,1,5
210,5,9,0,198.4,1,6
211,5,11,0,320.85,1,9
212,5,18,0,660.3,1,16
213,5,20,0,178.25,1,6
214,5,23,0,720.75,1,19
215,6,0,0,246.45,1,8
216,6,2,0,110.05,1,4
217,6,3,0,554.9,1,15
218,6,4,0,494.45,1,14
219,6,5,0,161.2,1,5
220,6,8,0,637.05,1,17
221,6,9,0,141.05,1,5
222,6,10,0,939.3,1,25
223,6,11,0,165.85,1,5
224,6,12,0,623.1,1,17
225,6,14,0,840.1,1,22
226,6,15,0,982.7,1,26
227,6,16,0,576.6,1,16
228,6,17,0,615.35,1,17
229,6,18,0,685.1,1,18
230,6,19,0,824.6,1,22
231,6,20,0,243.35,1,7
232,6,21,0,593.65,1,16
233,6,22,0,446.4,1,13
234,6,23,0,761.05,1,20
235,6,24,0,877.3,1,23
236,7,3,0,246.45,1,8
237,7,4,0,75.95,1,3
238,8,0,0,427.8,1,12
239,8,2,0,412.3,1,12
240,8,4,0,142.6,1,5
241,8,6,0,637.05,1,17
242,8,9,0,767.25,1,21
243,8,10,0,714.55,1,19
244,8,11,0,545.6,1,15
245,8,12,0,460.35,1,13
246,8,14,0,328.6,1,10
247,8,15,0,883.5,1,23
248,8,17,0,427.8,1,12
249,8,18,0,542.5,1,15
250,8,19,0,240.25,1,7
251,8,20,0,444.85,1,13
252,8,22,0,203.05,1,7
253,8,23,0,536.3,1,15
254,8,24,0,801.35,1,21
255,9,0,0,379.75,1,11
256,9,2,0,229.4,1,7
257,9,3,0,685.1,1,18
258,9,4,0,624.65,1,17
259,9,5,0,198.4,1,6
260,9,6,0,141.05,1,5
261,9,8,0,767.25,1,21
262,9,10,0,1069.5,1,28
263,9,11,0,297.6,1,8
264,9,12,0,753.3,1,20
265,9,13,0,469.65,1,12
266,9,14,0,652.55,1,18
267,9,15,0,1112.9,1,29
268,9,16,0,706.8,1,19
269,9,17,0,646.35,1,18
270,9,18,0,711.45,1,18
271,9,19,0,954.8,1,25
272,9,20,0,279,1,8
273,9,21,0,723.85,1,19
274,9,22,0,576.6,1,16
275,9,23,0,891.25,1,24
276,9,24,0,1019.9,1,27
277,10,0,0,931.55,1,25
278,10,2,0,872.65,1,23
279,10,3,0,995.1,1,26
280,10,4,0,838.55,1,22
281,10,6,0,939.3,1,25
282,10,8,0,714.55,1,19
283,10,9,0,1069.5,1,28
284,10,11,0,1133.05,1,30
285,10,12,0,1086.55,1,28
286,10,13,0,483.6,1,12
287,10,14,0,970.3,1,26
288,10,15,0,224.75,1,7
289,10,16,0,872.65,1,23
290,10,17,0,334.8,1,9
291,10,18,0,306.9,1,9
292,10,19,0,909.85,1,24
293,10,20,0,714.55,1,19
294,10,21,0,623.1,1,16
295,10,22,0,623.1,1,17
296,10,24,0,286.75,1,8
297,11,0,0,158.1,1,5
298,11,2,0,182.9,1,6
299,11,3,0,477.4,1,13
300,11,4,0,406.1,1,12
301,11,5,0,320.85,1,9
302,11,6,0,165.85,1,5
303,11,8,0,545.6,1,15
304,11,9,0,297.6,1,9
305,11,10,0,1133.05,1,30
306,11,12,0,523.9,1,14
307,11,14,0,770.35,1,21
308,11,15,0,1112.9,1,29
309,11,16,0,488.25,1,14
310,11,17,0,798.25,1,21
311,11,18,0,832.35,1,21
312,11,19,0,748.65,1,20
313,11,20,0,406.1,1,11
314,11,21,0,649.45,1,18
315,11,22,0,499.1,1,14
316,11,23,0,852.5,1,23
317,11,24,0,1021.45,1,27
318,12,0,0,401.45,1,11
319,12,2,0,582.8,1,16
320,12,4,0,331.7,1,10
321,12,6,0,623.1,1,17
322,12,8,0,460.35,1,13
323,12,9,0,753.3,1,20
324,12,10,0,1086.55,1,28
325,12,11,0,523.9,1,14
326,12,13,0,776.55,1,20
327,12,14,0,550.25,1,15
328,12,15,0,1233.8,1,32
329,12,16,0,296.05,1,9
330,12,17,0,776.55,1,21
331,12,18,0,1038.5,1,27
332,12,19,0,523.9,1,14
333,12,20,0,637.05,1,17
334,12,21,0,554.9,1,15
335,12,22,0,556.45,1,15
336,12,23,0,919.15,1,24
337,12,24,0,1137.7,1,30
338,13,2,0,390.6,1,11
339,13,4,0,427.8,1,12
340,13,8,0,415.4,1,11
341,13,9,0,469.65,1,12
342,13,14,0,655.65,1,17
343,13,16,0,530.1,1,14
344,14,0,0,632.4,1,17
345,14,2,0,790.5,1,21
346,14,4,0,410.75,1,12
347,14,6,0,840.1,1,22
348,14,8,0,328.6,1,10
349,14,9,0,652.55,1,18
350,14,10,0,970.3,1,26
351,14,11,0,770.35,1,21
352,14,12,0,550.25,1,15
353,14,13,0,655.65,1,17
354,14,15,0,1106.7,1,28
355,14,16,0,272.8,1,8
356,14,17,0,671.15,1,18
357,14,18,0,798.25,1,20
358,14,20,0,852.5,1,23
359,14,22,0,527,1,15
360,14,23,0,818.4,1,20
361,14,24,0,995.1,1,26
362,15,0,0,1063.3,1,28
363,15,2,0,940.85,1,25
364,15,3,0,1224.5,1,32
365,15,4,0,970.3,1,26
366,15,6,0,982.7,1,26
367,15,8,0,883.5,1,23
368,15,9,0,1112.9,1,29
369,15,10,0,224.75,1,7
370,15,11,0,1112.9,1,29
371,15,12,0,1233.8,1,32
372,15,14,0,1106.7,1,28
373,15,16,0,1027.65,1,27
374,15,17,0,454.15,1,12
375,15,19,0,1023,1,27
376,15,20,0,757.95,1,19
377,15,22,0,733.15,1,19
378,15,24,0,110.05,1,4
379,16,0,0,367.35,1,11
380,16,2,0,475.85,1,13
381,16,4,0,147.25,1,5
382,16,6,0,576.6,1,16
383,16,7,0,155,1,5
384,16,9,0,706.8,1,19
385,16,10,0,872.65,1,23
386,16,11,0,488.25,1,14
387,16,12,0,296.05,1,8
388,16,14,0,272.8,1,8
389,16,15,0,1027.65,1,27
390,16,17,0,570.4,1,16
391,16,18,0,686.65,1,19
392,16,19,0,251.1,1,7
393,16,20,0,525.45,1,15
394,16,22,0,302.25,1,9
395,16,23,0,692.85,1,19
396,16,24,0,951.7,1,25
397,17,0,0,596.75,1,16
398,17,2,0,568.85,1,16
399,17,3,0,764.15,1,20
400,17,4,0,503.75,1,14
401,17,5,0,530.1,1,14
402,17,6,0,615.35,1,17
403,17,8,0,427.8,1,12
404,17,9,0,649.45,1,18
405,17,10,0,334.8,1,10
406,17,11,0,798.25,1,21
407,17,12,0,776.55,1,21
408,17,14,0,671.15,1,17
409,17,15,0,454.15,1,12
410,17,16,0,570.4,1,16
411,17,19,0,581.25,1,16
412,17,20,0,373.55,1,10
413,17,22,0,294.5,1,8
414,17,23,0,153.45,1,5
415,17,24,0,362.7,1,10
416,18,0,0,719.2,1,19
417,18,2,0,638.6,1,17
418,18,3,0,833.9,1,22
419,18,4,0,624.65,1,17
420,18,5,0,660.3,1,16
421,18,6,0,685.1,1,18
422,18,8,0,542.5,1,15
423,18,9,0,711.45,1,18
424,18,11,0,832.35,1,21
425,18,12,0,1038.5,1,27
426,18,14,0,798.25,1,21
427,18,16,0,686.65,1,19
428,18,20,0,438.65,1,12
429,19,0,0,615.35,1,17
430,19,2,0,643.25,1,17
431,19,4,0,390.6,1,11
432,19,6,0,824.6,1,22
433,19,9,0,954.8,1,25
434,19,10,0,909.85,1,24
435,19,11,0,748.65,1,20
436,19,12,0,523.9,1,14
437,19,13,0,565.75,1,14
438,19,15,0,1023,1,27
439,19,16,0,251.1,1,7
440,19,17,0,581.25,1,16
441,19,18,0,709.9,1,18
442,19,20,0,764.15,1,20
443,19,22,0,437.1,1,12
444,19,23,0,728.5,1,18
445,19,24,0,942.4,1,25
446,20,0,0,361.15,1,10
447,20,2,0,207.7,1,7
448,20,3,0,620,1,17
449,20,4,0,413.85,1,12
450,20,5,0,178.25,1,6
451,20,6,0,243.35,1,7
452,20,8,0,444.85,1,13
453,20,9,0,279,1,8
454,20,10,0,714.55,1,19
455,20,11,0,406.1,1,11
456,20,12,0,637.05,1,17
457,20,14,0,878.85,1,23
458,20,15,0,757.95,1,19
459,20,16,0,525.45,1,15
460,20,17,0,373.55,1,11
461,20,18,0,438.65,1,12
462,20,19,0,764.15,1,20
463,20,21,0,466.55,1,13
464,20,22,0,272.8,1,8
465,20,24,0,641.7,1,17
466,21,0,0,444.85,1,13
467,21,2,0,424.7,1,12
468,21,4,0,263.5,1,8
469,21,6,0,593.65,1,16
470,21,9,0,723.85,1,19
471,21,10,0,623.1,1,16
472,21,11,0,646.35,1,18
473,21,12,0,554.9,1,15
474,21,16,0,305.35,1,9
475,21,20,0,466.55,1,13
476,21,22,0,142.6,1,5
477,21,24,0,651,1,18
478,22,0,0,297.6,1,9
479,22,2,0,308.45,1,10
480,22,4,0,204.6,1,7
481,22,6,0,446.4,1,13
482,22,8,0,203.05,1,6
483,22,9,0,576.6,1,16
484,22,10,0,623.1,1,17
485,22,11,0,499.1,1,14
486,22,12,0,556.45,1,15
487,22,14,0,527,1,15
488,22,15,0,733.15,1,19
489,22,16,0,302.25,1,9
490,22,17,0,294.5,1,8
491,22,18,0,404.55,1,10
492,22,19,0,437.1,1,12
493,22,20,0,272.8,1,9
494,22,21,0,142.6,1,5
495,22,23,0,432.45,1,11
496,22,24,0,643.25,1,17
497,23,0,0,739.35,1,20
498,23,2,0,716.1,1,19
499,23,3,0,888.15,1,23
500,23,4,0,646.35,1,18
501,23,6,0,761.05,1,20
502,23,8,0,536.3,1,15
503,23,9,0,891.25,1,24
504,23,11,0,852.5,1,23
505,23,12,0,919.15,1,24
506,23,14,0,818.4,1,20
507,23,16,0,692.85,1,19
508,23,19,0,728.5,1,18
509,23,20,0,522.35,1,14
510,23,22,0,432.45,1,11
511,24,0,0,957.9,1,25
512,24,2,0,847.85,1,23
513,24,3,0,1108.25,1,29
514,24,4,0,861.8,1,23
515,24,6,0,877.3,1,23
516,24,8,0,801.35,1,21
517,24,9,0,1019.9,1,27
518,24,10,0,286.75,1,8
519,24,11,0,1021.45,1,27
520,24,12,0,1137.7,1,30
521,24,14,0,995.1,1,26
522,24,15,0,110.05,1,4
523,24,16,0,951.7,1,25
524,24,17,0,362.7,1,10
525,24,19,0,942.4,1,25
526,24,20,0,641.7,1,17
527,24,21,0,651,1,16
528,24,22,0,643.25,1,17
PATHS,600
Index,Shipment origin,Shipment destination,1st terminal on path,2nd terminal on path,.....,6th terminal on path
0,0,1,0,1
1,0,2,0,1,2
2,0,3,0,1,3
3,0,4,0,1,4
4,0,5,0,1,5
5,0,6,0,1,6
6,0,7,0,1,7
7,0,8,0,1,8
8,0,9,0,1,9
9,0,10,0,1,10
10,0,11,0,1,11
11,0,12,0,1,12
12,0,13,0,1,13
13,0,14,0,1,14
14,0,15,0,1,15
15,0,16,0,1,16
16,0,17,0,1,17
17,0,18,0,1,18
18,0,19,0,1,19
19,0,20,0,1,20
20,0,21,0,1,21
21,0,22,0,1,22
22,0,23,0,1,23
23,0,24,0,1,24
24,1,0,1,0
25,1,2,1,2
26,1,3,1,3
27,1,4,1,4
28,1,5,1,5
29,1,6,1,6
30,1,7,1,7
31,1,8,1,8
32,1,9,1,9
33,1,10,1,10
34,1,11,1,11
35,1,12,1,12
36,1,13,1,13
37,1,14,1,14
38,1,15,1,15
39,1,16,1,16
40,1,17,1,17
41,1,18,1,18
42,1,19,1,19
43,1,20,1,20
44,1,21,1,21
45,1,22,1,22
46,1,23,1,23
47,1,24,1,24
48,2,0,2,1,0
49,2,1,2,1
50,2,3,2,1,3
51,2,4,2,1,4
52,2,5,2,1,5
53,2,6,2,1,6
54,2,8,2,1,8
55,2,7,2,1,7
56,2,9,2,1,9
57,2,10,2,1,10
58,2,11,2,1,11
59,2,12,2,1,12
60,2,13,2,1,13
61,2,14,2,1,14
62,2,15,2,1,15
63,2,16,2,1,16
64,2,17,2,1,17
65,2,18,2,1,18
66,2,19,2,1,19
67,2,20,2,1,20
68,2,21,2,1,21
69,2,22,2,1,22
70,2,23,2,1,23
71,2,24,2,1,24
72,3,0,3,1,0
73,3,1,3,1
74,3,2,3,1,2
75,3,4,3,4
76,3,5,3,1,5
77,3,6,3,1,6
78,3,7,3,1,7
79,3,8,3,8
80,3,9,3,1,9
81,3,10,3,13,10
82,3,11,3,1,11
83,3,12,3,12
84,3,13,3,13
85,3,14,3,14
86,3,15,3,13,15
87,3,16,3,16
88,3,17,3,13,17
89,3,18,3,13,18
90,3,19,3,19
91,3,20,3,1,20
92,3,21,3,21
93,3,22,3,22
94,3,23,3,21,23
95,3,24,3,13,24
96,4,0,4,1,0
97,4,1,4,1
98,4,2,4,1,2
99,4,3,4,3
100,4,5,4,1,5
101,4,6,4,1,6
102,4,7,4,1,7
103,4,8,4,1,8
104,4,9,4,1,9
105,4,10,4,1,10
106,4,11,4,1,11
107,4,12,4,3,12
108,4,13,4,1,13
109,4,14,4,3,14
110,4,15,4,1,15
111,4,16,4,3,16
112,4,17,4,1,17
113,4,18,4,1,18
114,4,19,4,3,19
115,4,20,4,1,20
116,4,21,4,1,21
117,4,22,4,1,22
118,4,23,4,1,23
119,4,24,4,1,24
120,5,0,5,1,0
121,5,1,5,1
122,5,2,5,1,2
123,5,3,5,1,3
124,5,4,5,1,4
125,5,6,5,1,6
126,5,7,5,1,7
127,5,8,5,1,8
128,5,9,5,1,9
129,5,10,5,13,10
130,5,11,5,1,11
131,5,12,5,1,12
132,5,13,5,13
133,5,14,5,1,14
134,5,15,5,13,15
135,5,16,5,1,16
136,5,17,5,13,17
137,5,18,5,13,18
138,5,19,5,13,21,19
139,5,20,5,13,20
140,5,21,5,13,21
141,5,22,5,1,22
142,5,23,5,13,23
143,5,24,5,13,24
144,6,0,6,1,0
145,6,1,6,1
146,6,2,6,1,2
147,6,3,6,1,3
148,6,4,6,1,4
149,6,5,6,1,5
150,6,7,6,1,7
151,6,8,6,1,8
152,6,9,6,1,9
153,6,10,6,1,10
154,6,11,6,1,11
155,6,12,6,1,12
156,6,13,6,1,13
157,6,14,6,1,14
158,6,15,6,1,15
159,6,16,6,1,16
160,6,17,6,1,17
161,6,18,6,1,18
162,6,19,6,1,19
163,6,20,6,1,20
164,6,21,6,1,21
165,6,22,6,1,22
166,6,23,6,1,23
167,6,24,6,1,24
168,7,0,7,1,0
169,7,1,7,1
170,7,2,7,1,2
171,7,3,7,3
172,7,4,7,4
173,7,5,7,1,5
174,7,6,7,3,6
175,7,8,7,3,8
176,7,9,7,1,9
177,7,10,7,1,9
178,7,11,7,3,11
179,7,12,7,4,12
180,7,13,7,4,13
181,7,14,7,4,14
182,7,15,7,4,15
183,7,16,7,4,16
184,7,17,7,1,17
185,7,18,7,1,18
186,7,19,7,1,19
187,7,20,7,1,20
188,7,21,7,1,21
189,7,22,7,1,22
190,7,23,7,1,23
191,7,24,7,1,24
192,8,0,8,1,0
193,8,1,8,1
194,8,2,8,1,2
195,8,3,8,3
196,8,4,8,1,4
197,8,5,8,1,5
198,8,6,8,1,6
199,8,7,8,1,7
200,8,9,8,1,9
201,8,10,8,21,23,10
202,8,11,8,1,11
203,8,12,8,3,12
204,8,13,8,21,13
205,8,14,8,21,14
206,8,15,8,21,13,15
207,8,16,8,3,16
208,8,17,8,21,17
209,8,18,8,21,18
210,8,19,8,21,19
211,8,20,8,1,20
212,8,21,8,21
213,8,22,8,1,22
214,8,23,8,21,23
215,8,24,8,21,13,24
216,9,0,9,1,0
217,9,1,9,1
218,9,2,9,1,2
219,9,3,9,1,3
220,9,4,9,1,4
221,9,5,9,1,5
222,9,6,9,1,6
223,9,7,9,1,7
224,9,8,9,1,8
225,9,10,9,1,10
226,9,11,9,1,11
227,9,12,9,1,12
228,9,13,9,1,13
229,9,14,9,1,14
230,9,15,9,1,15
231,9,16,9,1,16
232,9,17,9,1,17
233,9,18,9,1,18
234,9,19,9,1,19
235,9,20,9,1,20
236,9,21,9,1,21
237,9,22,9,1,22
238,9,23,9,1,23
239,9,24,9,1,24
240,10,0,10,1,0
241,10,1,10,1
242,10,2,10,1,2
243,10,3,10,1,3
244,10,4,10,1,4
245,10,5,10,23,13,5
246,10,6,10,23,13,6
247,10,7,10,1,7
248,10,8,10,23,21,8
249,10,9,10,1,9
250,10,11,10,1,11
251,10,12,10,1,12
252,10,13,10,23,13
253,10,14,10,23,21,14
254,10,15,10,23,15
255,10,16,10,1,16
256,10,17,10,23,17
257,10,18,10,23,18
258,10,19,10,23,21,19
259,10,20,10,23,13,20
260,10,21,10,23,21
261,10,22,10,23,22
262,10,23,10,23
263,10,24,10,23,24
264,11,0,11,1,0
265,11,1,11,1
266,11,2,11,1,2
267,11,3,11,1,3
268,11,4,11,1,4
269,11,5,11,1,5
270,11,6,11,1,6
271,11,7,11,1,7
272,11,8,11,1,8
273,11,9,11,1,9
274,11,10,11,13,10
275,11,12,11,1,12
276,11,13,11,13
277,11,14,11,1,14
278,11,15,11,13,15
279,11,16,11,1,16
280,11,17,11,13,17
281,11,18,11,13,18
282,11,19,11,1,19
283,11,20,11,1,20
284,11,21,11,1,21
285,11,22,11,1,22
286,11,23,11,13,23
287,11,24,11,13,24
288,12,0,12,1,0
289,12,1,12,1
290,12,2,12,1,2
291,12,3,12,3
292,12,4,12,3,4
293,12,5,12,1,5
294,12,6,12,1,6
295,12,7,12,1,7
296,12,8,12,3,8
297,12,9,12,1,9
298,12,10,12,1,10
299,12,11,12,1,11
300,12,13,12,3,13
301,12,14,12,3,14
302,12,15,12,1,15
303,12,16,12,3,16
304,12,17,12,1,17
305,12,18,12,1,18
306,12,19,12,3,19
307,12,20,12,1,20
308,12,21,12,3,21
309,12,22,12,3,22
310,12,23,12,1,23
311,12,24,12,1,24
312,13,0,13,1,0
313,13,1,13,1
314,13,2,13,1,2
315,13,3,13,3
316,13,4,13,4
317,13,5,13,5
318,13,6,13,6
319,13,7,13,1,7
320,13,8,13,21,8
321,13,9,13,1,9
322,13,10,13,10
323,13,11,13,11
324,13,12,13,3,12
325,13,14,13,21,14
326,13,15,13,15
327,13,16,13,1,16
328,13,17,13,17
329,13,18,13,18
330,13,19,13,21,19
331,13,20,13,20
332,13,21,13,21
333,13,22,13,22
334,13,23,13,23
335,13,24,13,24
336,14,0,14,1,0
337,14,1,14,1
338,14,2,14,1,2
339,14,3,14,3
340,14,4,14,3,4
341,14,5,14,1,5
342,14,6,14,1,6
343,14,7,14,1,7
344,14,8,14,3,8
345,14,9,14,1,9
346,14,10,14,21,23,10
347,14,11,14,1,11
348,14,12,14,3,12
349,14,13,14,21,13
350,14,15,14,21,13,15
351,14,16,14,3,16
352,14,17,14,21,17
353,14,18,14,21,18
354,14,19,14,1,19
355,14,20,14,1,20
356,14,21,14,21
357,14,22,14,1,22
358,14,23,14,21,23
359,14,24,14,21,13,24
360,15,0,15,1,0
361,15,1,15,1
362,15,2,15,1,2
363,15,3,15,13,3
364,15,4,15,1,4
365,15,5,15,13,5
366,15,6,15,13,6
367,15,7,15,1,7
368,15,8,15,21,8
369,15,9,15,1,9
370,15,10,15,10
371,15,11,15,1,11
372,15,12,15,1,12
373,15,13,15,13
374,15,14,15,21,14
375,15,16,15,1,16
376,15,17,15,17
377,15,18,15,18
378,15,19,15,21,19
379,15,20,15,13,20
380,15,21,15,21
381,15,22,15,13,22
382,15,23,15,23
383,15,24,15,24
384,16,0,16,1,0
385,16,1,16,1
386,16,2,16,1,2
387,16,3,16,3
388,16,4,16,3,4
389,16,5,16,1,5
390,16,6,16,1,6
391,16,7,16,1,7
392,16,8,16,3,8
393,16,9,16,1,9
394,16,10,16,13,10
395,16,11,16,1,11
396,16,12,16,3,12
397,16,13,16,13
398,16,14,16,3,14
399,16,15,16,13,15
400,16,17,16,13,17
401,16,18,16,13,18
402,16,19,16,3,19
403,16,20,16,1,20
404,16,21,16,21
405,16,22,16,3,22
406,16,23,16,13,23
407,16,24,16,13,24
408,17,0,17,1,0
409,17,1,17,1
410,17,2,17,1,2
411,17,3,17,13,3
412,17,4,17,1,4
413,17,5,17,13,5
414,17,6,17,13,6
415,17,7,17,1,7
416,17,8,17,21,8
417,17,9,17,1,9
418,17,10,17,13,10
419,17,11,17,1,11
420,17,12,17,1,12
421,17,13,17,13
422,17,14,17,21,14
423,17,15,17,13,15
424,17,16,17,1,16
425,17,18,17,18
426,17,19,17,21,19
427,17,20,17,13,20
428,17,21,17,21
429,17,22,17,13,22
430,17,23,17,13,23
431,17,24,17,13,24
432,18,0,18,1,0
433,18,1,18,1
434,18,2,18,1,2
435,18,3,18,13,3
436,18,4,18,1,4
437,18,5,18,13,5
438,18,6,18,13,6
439,18,7,18,1,7
440,18,8,18,21,8
441,18,9,18,13,1,9
442,18,10,18,10
443,18,11,18,1,11
444,18,12,18,1,12
445,18,13,18,13
446,18,14,18,21,14
447,18,15,18,15
448,18,16,18,1,16
449,18,17,18,17
450,18,19,18,21,19
451,18,20,18,13,20
452,18,21,18,21
453,18,22,18,13,22
454,18,23,18,23
455,18,24,18,24
456,19,0,19,1,0
457,19,1,19,1
458,19,2,19,1,2
459,19,3,19,3
460,19,4,19,3,4
461,19,5,19,1,5
462,19,6,19,1,6
463,19,7,19,1,7
464,19,8,19,21,8
465,19,9,19,1,9
466,19,10,19,1,10
467,19,11,19,1,11
468,19,12,19,3,12
469,19,13,19,21,13
470,19,14,19,1,14
471,19,15,19,21,13,15
472,19,16,19,3,16
473,19,17,19,21,17
474,19,18,19,21,18
475,19,20,19,1,20
476,19,21,19,21
477,19,22,19,1,22
478,19,23,19,21,23
479,19,24,19,21,13,24
480,20,0,20,1,0
481,20,1,20,1
482,20,2,20,1,2
483,20,3,20,1,3
484,20,4,20,1,4
485,20,5,20,1,5
486,20,6,20,1,6
487,20,7,20,1,7
488,20,8,20,1,8
489,20,9,20,1,9
490,20,10,20,13,10
491,20,11,20,1,11
492,20,12,20,1,12
493,20,13,20,13
494,20,14,20,1,14
495,20,15,20,13,15
496,20,16,20,1,16
497,20,17,20,13,17
498,20,18,20,13,18
499,20,19,20,1,19
500,20,21,20,1,21
501,20,22,20,13,22
502,20,23,20,13,23
503,20,24,20,13,24
504,21,0,21,1,0
505,21,1,21,1
506,21,2,21,1,2
507,21,3,21,3
508,21,4,21,1,4
509,21,5,21,13,5
510,21,6,21,13,6
511,21,7,21,1,7
512,21,8,21,8
513,21,9,21,1,9
514,21,10,21,23,10
515,21,11,21,1,11
516,21,12,21,3,12
517,21,13,21,13
518,21,14,21,14
519,21,15,21,13,15
520,21,16,21,3,16
521,21,17,21,17
522,21,18,21,18
523,21,19,21,19
524,21,20,21,1,20
525,21,22,21,1,22
526,21,23,21,23
527,21,24,21,13,24
528,22,0,22,1,0
529,22,1,22,1
530,22,2,22,1,2
531,22,3,22,3
532,22,4,22,1,4
533,22,5,22,13,5
534,22,6,22,1,6
535,22,7,22,1,7
536,22,8,22,1,8
537,22,9,22,1,9
538,22,10,22,13,10
539,22,11,22,1,11
540,22,12,22,3,12
541,22,13,22,13
542,22,14,22,1,14
543,22,15,22,13,15
544,22,16,22,1,16
545,22,17,22,13,17
546,22,18,22,13,18
547,22,19,22,1,19
548,22,20,22,13,20
549,22,21,22,1,21
550,22,23,22,13,23
551,22,24,22,13,24
552,23,0,23,1,0
553,23,1,23,1
554,23,2,23,1,2
555,23,3,23,1,3
556,23,4,23,1,4
557,23,5,23,13,5
558,23,6,23,13,6
559,23,7,23,1,7
560,23,8,23,21,8
561,23,9,23,1,9
562,23,10,23,10
563,23,11,23,1,11
564,23,12,23,1,12
565,23,13,23,13
566,23,14,23,21,14
567,23,15,23,15
568,23,16,23,1,16
569,23,17,23,17
570,23,18,23,18
571,23,19,23,21,19
572,23,20,23,13,20
573,23,21,23,21
574,23,22,23,22
575,23,24,23,24
576,24,0,24,1,0
577,24,1,24,1
578,24,2,24,1,2
579,24,3,24,13,3
580,24,4,24,1,4
581,24,5,24,13,5
582,24,6,24,13,6
583,24,7,24,1,7
584,24,8,24,18,21,8
585,24,9,24,13,1,9
586,24,10,24,23,10
587,24,11,24,13,11
588,24,12,24,1,12
589,24,13,24,13
590,24,14,24,18,21,14
591,24,15,24,15
592,24,16,24,1,16
593,24,17,24,13,17
594,24,18,24,18
595,24,19,24,18,21,19
596,24,20,24,13,20
597,24,21,24,18,21
598,24,22,24,13,22
599,24,23,24,23
COMMODITIES,600
Index,Origin,Destination,Demand/Size,Earliest available time,Latest delivery time
0,16,18,0.156514,134,254
1,14,15,0.172782,86,214
2,4,24,0.330651,86,212
3,13,0,0.566702,138,252
4,5,15,0.445364,88,208
5,19,17,0.259329,90,202
6,2,3,0.347319,138,249
7,22,20,0.558595,138,247
8,14,4,0.218459,42,157
9,17,10,0.533772,88,202
10,13,1,0.430839,40,149
11,24,16,0.0200843,88,216
12,2,18,0.0321317,90,211
13,14,5,0.355502,42,169
14,2,3,0.311403,136,247
15,23,3,0.728133,88,209
16,0,9,0.135478,88,201
17,24,12,0.0420539,88,218
18,3,16,0.183612,40,141
19,16,1,0.572494,88,192
20,1,19,0.268688,136,245
21,23,21,0.679189,90,199
22,2,18,0.0389308,138,259
23,19,20,0.352749,134,253
24,3,20,0.0812985,90,204
25,0,12,0.262247,40,151
26,20,4,0.00736671,86,198
27,10,22,0.0706754,90,203
28,12,10,0.723511,90,222
29,4,19,0.00907149,136,251
30,4,13,0.322446,38,154
31,11,18,0.654931,134,253
32,24,21,0.114394,88,202
33,19,20,0.310293,40,159
34,21,12,0.0128071,88,202
35,13,2,0.325575,136,252
36,3,11,0.358708,42,154
37,16,12,0.172292,88,194
38,11,23,0.623052,40,161
39,4,16,0.483676,134,243
40,14,22,0.696505,40,160
41,11,13,0.2661,40,152
42,23,18,0.545884,184,284
43,2,1,0.457704,86,189
44,1,4,0.196741,38,140
45,21,14,0.00966463,90,196
46,4,3,0.890379,182,286
47,23,6,0.687992,90,207
48,14,16,0.0902352,136,248
49,18,3,0.934239,88,213
50,16,2,0.289001,40,151
51,22,13,0.777082,134,237
52,2,17,0.118293,138,257
53,4,15,0.248436,40,166
54,18,19,0.0084992,86,201
55,22,18,0.76668,134,244
56,20,22,0.228875,42,151
57,22,16,0.119737,134,246
58,11,1,0.829587,184,288
59,0,21,0.404742,86,198
60,23,6,0.639729,86,203
61,24,17,0.758863,88,201
62,19,22,0.523786,40,157
63,16,10,0.0328412,42,167
64,24,17,0.809164,40,153
65,10,17,0.176916,138,245
66,20,15,0.482761,90,206
67,1,17,0.317626,38,150
68,1,24,0.323581,88,208
69,12,20,0.733271,88,204
70,21,20,0.00754281,134,251
71,16,2,0.323329,90,201
72,23,22,0.274708,88,195
73,18,12,0.396846,88,211
74,23,16,0.195672,136,257
75,4,10,0.0526038,90,218
76,12,13,0.194337,136,257
77,18,21,0.692085,90,197
78,11,0,0.83365,38,147
79,21,0,0.0905677,38,150
80,13,1,0.419561,138,247
81,20,3,0.39283,136,250
82,18,4,0.765156,42,161
83,3,13,0.364531,86,202
84,22,16,0.135681,90,202
85,17,22,0.149398,42,151
86,22,21,0.482175,38,153
87,19,22,0.419263,88,205
88,13,17,0.945904,136,238
89,16,3,0.0558221,90,191
90,23,3,0.650391,38,159
91,20,4,0.00782163,134,246
92,8,1,0.0694352,182,287
93,8,18,0.175724,138,252
94,10,21,0.0419141,86,201
95,23,14,0.530396,90,209
96,5,14,0.257353,138,265
97,13,23,0.879672,136,241
98,5,24,0.0697944,138,255
99,9,1,0.611629,42,150
100,19,23,0.884763,86,201
101,17,23,0.588126,86,197
102,20,2,0.246358,138,251
103,3,24,0.0338417,86,213
104,24,17,0.836264,138,251
105,8,12,0.212104,88,198
106,1,6,0.655172,38,143
107,15,5,0.475557,88,210
108,19,9,0.203474,138,259
109,1,3,0.203387,184,288
110,17,21,0.312678,38,142
111,20,4,0.00770865,88,200
112,5,15,0.479774,40,160
113,20,23,0.106912,38,149
114,0,19,0.242407,40,154
115,5,3,0.687834,138,257
116,20,14,0.371198,42,164
117,0,21,0.4552,136,248
118,0,11,0.909543,40,149
119,12,2,0.274369,90,203
120,12,13,0.183709,138,259
121,10,17,0.164695,88,195
122,10,21,0.0419216,136,251
123,14,0,0.80466,38,155
124,15,20,0.143434,40,158
125,23,15,0.594744,88,195
126,2,15,0.24049,40,167
127,16,2,0.318797,88,199
128,3,16,0.486823,136,237
129,2,3,0.352198,86,197
130,22,14,0.229925,90,210
131,12,16,0.695972,86,192
132,11,13,0.586275,90,202
133,19,18,0.217311,42,159
134,21,15,0.0847556,136,254
135,15,12,0.89121,86,216
136,3,13,0.376116,136,252
137,16,5,0.155712,138,257
138,15,6,0.218479,134,258
139,15,16,0.358356,90,218
140,16,14,0.0297578,42,154
141,19,2,0.0230927,86,202
142,12,22,0.219891,38,152
143,19,17,0.293454,40,152
144,18,19,0.631704,136,251
145,11,4,0.185937,138,248
146,11,15,0.288685,90,216
147,15,21,0.189975,86,202
148,24,17,0.694543,136,249
149,0,1,0.0945451,138,239
150,21,8,0.531713,138,239
151,13,8,0.846577,42,151
152,18,6,0.728594,42,157
153,17,22,0.150847,134,243
154,24,0,0.0465598,90,215
155,16,11,0.752413,86,198
156,24,2,0.373388,86,213
157,10,15,0.380415,42,155
158,24,15,0.260283,38,138
159,0,21,0.430359,134,246
160,14,4,0.230658,138,253
161,17,8,0.181769,90,199
162,22,17,0.304662,138,247
163,5,17,0.382701,88,200
164,20,3,0.365801,40,154
165,24,0,0.0477877,38,163
166,23,12,0.348423,86,209
167,0,13,0.39564,136,251
168,5,3,0.60075,134,253
169,2,13,0.116466,86,203
170,21,0,0.0966032,134,246
171,18,0,0.240547,40,158
172,21,17,0.414083,42,146
173,4,1,0.557041,40,142
174,12,22,0.219932,138,252
175,12,2,0.235325,86,199
176,18,4,0.854226,134,253
177,24,12,0.0387423,40,170
178,10,17,0.175402,40,147
179,20,15,0.44669,138,254
180,8,12,0.237028,136,246
181,11,23,0.872529,138,259
182,17,15,0.0949538,88,204
183,15,1,0.193876,138,258
184,15,12,0.949551,40,170
185,4,11,0.24667,134,244
186,17,2,0.0384264,90,207
187,22,21,0.515707,42,157
188,14,9,0.534896,88,212
189,21,20,0.00706882,88,205
190,11,15,0.224999,86,212
191,3,20,0.0189746,40,154
192,21,3,0.137441,134,243
193,15,24,0.774924,38,138
194,23,17,0.533874,38,139
195,8,5,0.0390351,40,160
196,17,5,0.236491,138,250
197,23,17,0.682791,138,239
198,18,4,0.732161,138,257
199,16,3,0.16586,40,141
200,6,1,0.828886,90,195
201,16,3,0.55624,182,283
202,1,10,0.258779,86,208
203,4,3,0.737669,90,194
204,0,19,0.258278,42,156
205,15,12,0.891774,138,268
206,17,20,0.297713,38,146
207,6,18,0.0319691,38,161
208,1,18,0.631191,136,250
209,15,23,0.137783,138,245
210,1,2,0.722259,40,143
211,0,9,0.151694,38,151
212,23,10,0.39046,134,236
213,24,11,0.739993,88,212
214,1,5,0.771953,42,153
215,24,18,0.0819818,182,285
216,19,22,0.351392,42,159
217,17,18,0.301691,86,187
218,16,15,0.610215,40,167
219,11,13,0.610159,88,200
220,19,24,0.490489,86,209
221,11,15,0.960389,40,166
222,3,13,0.163156,134,250
223,13,20,0.270716,88,190
224,1,5,0.830495,86,197
225,10,15,0.563645,88,201
226,9,1,0.0502635,88,196
227,6,17,0.0585434,40,161
228,21,13,0.772507,40,144
229,15,22,0.659747,42,161
230,14,16,0.169148,38,150
231,6,16,0.391678,134,247
232,10,3,0.0518166,138,265
233,16,3,0.829947,134,235
234,22,24,0.388709,86,200
235,16,15,0.519912,136,263
236,13,23,0.88974,182,287
237,20,15,0.436679,86,202
238,4,15,0.271166,88,214
239,22,5,0.45066,88,201
240,23,24,0.945798,138,243
241,14,24,0.0327495,42,167
242,23,14,0.622567,136,255
243,24,21,0.113445,40,154
244,18,22,0.960445,42,152
245,4,0,0.138662,138,245
246,0,3,0.328242,88,197
247,1,3,0.300129,136,240
248,16,5,0.14877,136,255
249,16,12,0.204613,86,192
250,10,2,0.0198901,90,216
251,22,18,0.775757,90,200
252,1,11,0.997239,42,146
253,4,3,0.141819,136,240
254,16,8,0.00527488,138,248
255,1,4,0.310602,86,188
256,1,5,0.984725,38,149
257,15,17,0.544281,90,198
258,21,8,0.456121,90,191
259,0,11,0.932288,86,195
260,24,17,0.757681,86,199
261,0,10,0.476067,38,165
262,3,13,0.309318,38,154
263,19,20,0.351814,138,257
264,19,23,0.630599,90,205
265,10,22,0.062188,86,199
266,15,5,0.466132,38,160
267,12,14,0.0398598,86,198
268,12,2,0.138906,88,201
269,24,0,0.0538151,134,259
270,6,4,0.0174431,90,201
271,1,5,0.138511,136,247
272,17,1,0.152481,40,150
273,24,1,0.764397,86,206
274,11,16,0.403635,138,250
275,4,1,0.938822,186,288
276,1,6,0.5497,40,145
277,1,16,0.923687,182,286
278,8,1,0.593612,138,243
279,2,23,0.0959868,88,209
280,16,22,0.196288,136,250
281,1,6,0.440251,42,147
282,13,6,0.977872,86,194
283,3,13,0.379864,138,254
284,19,24,0.494712,90,213
285,17,1,0.608966,138,248
286,16,9,0.252906,88,204
287,2,12,0.0493973,136,249
288,16,8,0.154242,88,198
289,21,8,0.516812,136,237
290,20,8,0.275133,88,203
291,15,6,0.214299,88,212
292,3,0,0.536284,38,147
293,4,11,0.229595,90,200
294,14,13,0.715002,134,248
295,10,5,0.0259947,138,259
296,23,16,0.204402,90,211
297,2,12,0.0515654,42,155
298,12,19,0.0493551,136,248
299,10,6,0.0831237,136,259
300,13,15,0.904876,136,246
301,18,19,0.822278,88,203
302,18,14,0.222265,134,251
303,23,5,0.968432,134,249
304,11,13,0.529508,134,246
305,12,3,0.135507,40,141
306,19,18,0.161441,38,155
307,13,6,0.944072,90,198
308,23,21,0.84847,138,247
309,5,22,0.331384,90,209
310,13,18,0.432315,90,193
311,17,20,0.312369,40,148
312,11,23,0.157758,86,207
313,13,18,0.593762,42,145
314,17,22,0.133627,138,247
315,8,4,0.00795256,88,199
316,14,16,0.0347503,40,152
317,10,5,0.0235965,86,207
318,20,18,0.306528,42,151
319,5,13,0.47188,138,244
320,19,18,0.277099,136,253
321,20,16,0.0130163,134,248
322,15,6,0.20895,42,166
323,23,6,0.686007,134,251
324,21,5,0.00454545,138,252
325,3,18,0.47587,134,257
326,14,11,0.687681,38,158
327,22,20,0.535698,88,197
328,24,21,0.100684,90,204
329,2,8,0.456022,38,150
330,4,23,0.99554,90,210
331,19,23,0.629007,138,253
332,14,18,0.827538,136,255
333,15,2,0.0111503,40,167
334,4,19,0.00775817,38,153
335,14,11,0.770672,138,258
336,18,24,0.642715,138,241
337,0,15,0.432437,40,165
338,17,22,0.139163,86,195
339,20,19,0.467787,38,157
340,2,1,0.152319,138,241
341,14,6,0.159823,136,257
342,6,14,0.019022,40,161
343,0,4,0.0363491,90,197
344,17,8,0.195553,42,151
345,24,8,0.0603003,90,209
346,18,1,0.641524,38,151
347,22,21,0.504929,134,249
348,19,8,0.455131,134,243
349,4,1,0.598059,182,284
350,1,20,0.656572,90,196
351,5,12,0.0161675,42,163
352,24,22,0.657671,134,248
353,0,4,0.0363854,38,145
354,5,22,0.324569,42,161
355,0,11,0.035006,138,247
356,13,8,0.952738,86,195
357,15,23,0.330504,88,195
358,1,19,0.267157,88,197
359,18,3,0.882083,38,163
360,11,18,0.0518391,88,207
361,16,6,0.100658,42,155
362,14,24,0.0356227,40,165
363,17,21,0.279722,136,240
364,19,16,0.115288,42,154
365,2,14,0.743033,86,205
366,18,3,0.0721807,40,165
367,21,23,0.34569,90,197
368,1,16,0.984377,38,142
369,4,16,0.4748,136,245
370,1,18,0.224902,138,252
371,5,22,0.289493,136,255
372,1,22,0.680793,86,190
373,15,4,0.205054,88,214
374,16,15,0.575054,138,265
375,22,17,0.288021,42,151
376,24,8,0.0543854,38,157
377,14,6,0.142962,134,255
378,4,10,0.0507393,42,170
379,3,6,0.198309,88,201
380,23,2,0.0846866,86,206
381,24,16,0.0224201,42,170
382,21,17,0.407553,40,144
383,8,1,0.294897,88,193
384,1,19,0.710385,86,195
385,4,0,0.146532,90,197
386,8,19,0.0868689,134,243
387,15,10,0.495328,38,141
388,18,3,0.942888,136,261
389,11,3,0.740791,42,154
390,14,2,0.0868151,38,157
391,3,17,0.129868,90,212
392,15,10,0.193112,40,143
393,13,18,0.302276,134,237
394,19,15,0.520594,136,262
395,3,6,0.177247,136,249
396,6,17,0.0584794,86,207
397,11,17,0.311758,88,206
398,22,5,0.452597,86,199
399,16,15,0.550224,38,165
400,18,4,0.796914,40,159
401,24,8,0.0557286,136,255
402,20,0,0.0698471,90,201
403,18,6,0.733189,134,249
404,1,5,0.867844,88,199
405,13,6,0.843821,136,244
406,15,14,0.428853,42,168
407,18,13,0.205792,86,189
408,22,16,0.117275,42,154
409,5,23,0.772741,86,201
410,11,21,0.308918,42,157
411,18,1,0.139771,138,251
412,22,23,0.538358,134,246
413,1,11,0.229382,38,142
414,15,10,0.917957,182,285
415,11,1,0.453509,134,238
416,3,20,0.0737433,138,252
417,1,4,0.132758,138,240
418,0,5,0.191091,90,206
419,0,21,0.411316,42,154
420,13,22,0.238606,136,239
421,22,2,0.583593,138,249
422,21,20,0.00710445,86,203
423,13,6,0.931222,134,242
424,11,23,0.967139,136,257
425,24,11,0.752361,134,258
426,17,13,0.948321,136,238
427,22,9,0.179329,38,154
428,12,10,0.807528,38,170
429,1,13,0.15309,40,150
430,20,2,0.209493,42,155
431,11,3,0.880325,88,200
432,13,18,0.851221,138,241
433,6,16,0.410789,86,199
434,8,24,0.0279495,134,254
435,18,6,0.761586,88,203
436,22,24,0.43487,136,250
437,22,4,0.0363452,88,198
438,15,6,0.215831,136,260
439,11,3,0.799458,136,248
440,17,8,0.189106,38,147
441,3,15,0.385523,88,218
442,0,2,0.0995378,38,146
443,24,0,0.044939,138,263
444,12,19,0.0451421,38,150
445,1,0,0.729628,40,141
446,18,0,0.250306,136,254
447,21,12,0.0145407,138,252
448,16,12,0.179206,40,146
449,10,3,0.0585423,136,263
450,5,20,0.321184,136,248
451,13,15,0.192632,42,152
452,2,14,0.73873,90,209
453,6,14,0.0185113,138,259
454,23,18,0.85564,186,286
455,0,9,0.135104,90,203
456,22,5,0.454465,38,151
457,23,19,0.125817,136,253
458,10,15,0.208258,90,203
459,16,15,0.546399,88,215
460,15,4,0.2055,134,260
461,20,4,0.00793338,38,150
462,1,19,0.160009,40,149
463,20,10,0.430797,88,202
464,9,1,0.540454,138,246
465,5,15,0.447163,134,254
466,13,8,0.00333298,136,245
467,22,6,0.34025,88,201
468,1,22,0.740051,136,240
469,21,15,0.0750251,138,256
470,6,14,0.0158959,136,257
471,15,8,0.0967394,86,207
472,20,12,0.0165544,88,204
473,22,9,0.182938,138,254
474,20,14,0.336643,138,260
475,5,24,0.0678769,88,205
476,18,6,0.810018,136,251
477,11,18,0.146164,136,255
478,22,5,0.406566,90,203
479,18,24,0.0364245,38,141
480,12,15,0.409741,138,268
481,24,20,0.110707,86,199
482,8,24,0.0263655,136,256
483,24,15,0.0187491,40,140
484,1,16,0.00339147,90,194
485,23,6,0.621129,40,157
486,16,22,0.407241,138,252
487,2,12,0.0516836,138,251
488,17,20,0.264571,138,246
489,8,12,0.245467,42,152
490,13,20,0.473151,136,238
491,14,22,0.699502,38,158
492,22,3,0.0805433,136,244
493,11,17,0.333411,86,204
494,8,14,0.016978,134,245
495,17,19,0.710767,136,248
496,4,1,0.988753,184,286
497,1,4,0.976709,134,236
498,20,19,0.477211,138,257
499,11,22,0.9182,88,200
500,2,18,0.0334502,134,255
501,11,13,0.268164,38,150
502,14,16,0.101204,42,154
503,21,1,0.46758,40,147
504,22,23,0.609884,38,150
505,24,10,0.0519748,136,247
506,8,17,0.503853,90,199
507,10,5,0.02382,42,163
508,23,11,0.388161,86,207
509,13,23,0.0688968,134,239
510,1,13,0.943435,86,196
511,10,21,0.0409578,138,253
512,2,3,0.367642,40,151
513,23,17,0.674275,136,237
514,24,8,0.0528178,40,159
515,16,19,0.581349,42,154
516,12,23,0.0663733,90,214
517,4,3,0.215453,40,144
518,9,16,0.872011,88,204
519,15,12,0.789655,134,264
520,0,13,0.341153,88,203
521,13,15,0.23877,90,200
522,19,9,0.214287,136,257
523,8,13,0.279076,38,147
524,18,5,0.146294,134,247
525,5,16,0.416625,136,255
526,18,10,0.271377,182,288
527,20,19,0.474657,88,207
528,17,13,0.415484,40,142
529,3,13,0.398768,42,158
530,0,4,0.0364735,138,245
531,24,20,0.999997,138,251
532,15,21,0.173029,136,252
533,1,19,0.0552781,42,151
534,23,11,0.34909,42,163
535,8,15,0.0392449,38,161
536,24,19,0.820891,138,260
537,4,3,0.862128,134,238
538,5,13,0.245271,40,146
539,18,13,0.570208,138,241
540,0,1,0.324586,86,187
541,21,3,0.374581,38,147
542,24,8,0.0533934,42,161
543,12,9,0.241332,38,156
544,23,6,0.599485,88,205
545,21,8,0.473242,38,139
546,3,12,0.348755,90,191
547,10,23,0.935152,184,286
548,5,4,0.191863,88,205
549,1,22,0.666186,184,288
550,18,5,0.0889305,136,249
551,1,6,0.0678646,86,191
552,3,19,0.113702,40,147
553,22,13,0.765663,136,239
554,11,17,0.335206,136,254
555,21,13,0.847277,182,286
556,17,22,0.161874,38,147
557,13,20,0.363664,90,192
558,16,10,0.0306625,134,259
559,19,9,0.185668,42,163
560,13,23,0.213454,90,195
561,6,16,0.409204,42,155
562,15,4,0.184921,90,216
563,8,3,0.716095,88,193
564,21,3,0.27263,88,197
565,24,21,0.119641,136,250
566,8,16,0.0114698,42,152
567,17,5,0.229702,86,198
568,20,22,0.265035,86,195
569,5,1,0.0997041,40,151
570,3,19,0.311189,134,241
571,14,4,0.237087,40,155
572,15,12,0.789113,38,168
573,23,20,0.00581536,40,151
574,4,14,0.439455,38,153
575,10,3,0.0613222,86,213
576,16,18,0.157508,88,208
577,12,23,0.070837,138,262
578,23,10,0.170274,182,284
579,13,15,0.371446,134,244
580,3,18,0.461828,88,211
581,11,3,0.578733,90,202
582,21,22,0.0197081,88,203
583,18,15,0.960598,38,144
584,0,2,0.108645,90,198
585,18,1,0.676453,88,201
586,23,5,0.87584,88,203
587,24,17,0.704335,90,203
588,14,22,0.65705,136,256
589,10,22,0.0619729,40,153
590,10,24,0.806888,138,249
591,10,23,0.309698,86,188
592,3,5,0.937161,138,257
593,10,24,0.82851,86,197
594,5,3,0.575653,38,157
595,21,3,0.236442,90,199
596,10,15,0.278298,136,249
597,13,19,0.81892,42,154
598,22,3,0.104881,42,150
599,23,8,0.0182885,40,154
