NODES,25
INDEX,Name,X-coordinate,Y-coordinate
0,0,-,-
1,1,-,-
2,2,-,-
3,3,-,-
4,4,-,-
5,5,-,-
6,6,-,-
7,7,-,-
8,8,-,-
9,9,-,-
10,10,-,-
11,11,-,-
12,12,-,-
13,13,-,-
14,14,-,-
15,15,-,-
16,16,-,-
17,17,-,-
18,18,-,-
19,19,-,-
20,20,-,-
21,21,-,-
22,22,-,-
23,23,-,-
24,24,-,-
ARCS,529
Index,Origin,Destination,Variable Cost,Fixed Cost,Capacity,Travel time
0,0,1,0,117.8,1,5
1,1,0,0,117.8,1,5
2,1,2,0,234.05,1,7
3,1,3,0,260.4,1,8
4,1,4,0,175.15,1,6
5,1,5,0,486.7,1,15
6,1,6,0,323.95,1,9
7,1,8,0,323.95,1,9
8,1,9,0,447.95,1,12
9,1,10,0,883.5,1,26
10,1,11,0,255.75,1,8
11,1,12,0,387.5,1,10
12,1,13,0,489.8,1,14
13,1,14,0,525.45,1,16
14,1,15,0,1002.85,1,24
15,1,16,0,252.65,1,8
16,1,17,0,545.6,1,16
17,1,18,0,680.45,1,18
18,1,19,0,503.75,1,13
19,1,20,0,358.05,1,10
20,1,21,0,409.2,1,11
21,1,22,0,266.6,1,8
22,1,23,0,699.05,1,18
23,1,24,0,903.65,1,24
24,2,1,0,234.05,1,7
25,3,1,0,260.4,1,8
26,3,4,0,230.95,1,8
27,3,8,0,311.55,1,9
28,3,12,0,144.15,1,5
29,3,13,0,661.85,1,20
30,3,14,0,418.5,1,11
31,3,16,0,151.9,1,5
32,3,19,0,396.8,1,11
33,3,21,0,469.65,1,14
34,3,22,0,429.35,1,13
35,4,1,0,175.15,1,6
36,4,3,0,230.95,1,8
37,5,1,0,486.7,1,15
38,5,13,0,367.35,1,10
39,6,1,0,323.95,1,9
40,6,13,0,430.9,1,11
41,7,1,0,103.85,1,4
42,8,1,0,323.95,1,9
43,8,3,0,311.55,1,9
44,8,13,0,415.4,1,11
45,8,16,0,161.2,1,6
46,8,21,0,158.1,1,5
47,9,1,0,447.95,1,12
48,10,1,0,891.25,1,23
49,10,23,0,192.2,1,6
50,11,1,0,255.75,1,8
51,11,13,0,592.1,1,16
52,12,1,0,387.5,1,10
53,12,3,0,144.15,1,5
54,13,1,0,489.8,1,13
55,13,3,0,669.6,1,22
56,13,5,0,367.35,1,10
57,13,6,0,430.9,1,12
58,13,10,0,483.6,1,12
59,13,11,0,596.75,1,17
60,13,15,0,553.35,1,14
61,13,17,0,176.7,1,6
62,13,18,0,248,1,7
63,13,19,0,573.5,1,16
64,13,20,0,198.4,1,6
65,13,21,0,275.9,1,8
66,13,22,0,232.5,1,7
67,13,23,0,323.95,1,9
68,13,24,0,449.5,1,11
69,14,1,0,525.45,1,16
70,14,3,0,418.5,1,11
71,14,19,0,111.6,1,4
72,14,21,0,384.4,1,10
73,15,1,0,1002.85,1,24
74,15,13,0,553.35,1,16
75,15,18,0,350.3,1,10
76,15,21,0,747.1,1,20
77,15,23,0,412.3,1,11
78,16,1,0,252.65,1,8
79,16,3,0,151.9,1,5
80,16,8,0,161.2,1,6
81,16,13,0,581.25,1,17
82,16,21,0,305.35,1,9
83,17,1,0,544.05,1,14
84,17,13,0,176.7,1,6
85,17,18,0,127.1,1,5
86,17,21,0,292.95,1,8
87,18,1,0,666.5,1,17
88,18,10,0,308.45,1,10
89,18,13,0,248,1,7
90,18,15,0,350.3,1,10
91,18,17,0,127.1,1,5
92,18,19,0,719.2,1,19
93,18,21,0,421.6,1,11
94,18,22,0,421.6,1,13
95,18,23,0,116.25,1,4
96,18,24,0,237.15,1,7
97,19,1,0,503.75,1,13
98,19,3,0,396.8,1,11
99,19,8,0,240.25,1,7
100,19,14,0,111.6,1,4
101,19,21,0,297.6,1,8
102,20,1,0,358.05,1,10
103,20,13,0,198.4,1,6
104,20,23,0,522.35,1,15
105,21,1,0,409.2,1,11
106,21,3,0,458.8,1,13
107,21,8,0,158.1,1,5
108,21,13,0,275.9,1,8
109,21,14,0,384.4,1,10
110,21,15,0,829.25,1,22
111,21,17,0,292.95,1,8
112,21,18,0,420.05,1,13
113,21,19,0,297.6,1,8
114,21,23,0,440.2,1,11
115,22,1,0,266.6,1,8
116,22,3,0,429.35,1,12
117,22,13,0,232.5,1,7
118,23,1,0,699.05,1,17
119,23,10,0,192.2,1,6
120,23,13,0,323.95,1,9
121,23,15,0,412.3,1,11
122,23,17,0,153.45,1,5
123,23,18,0,116.25,1,4
124,23,21,0,446.4,1,13
125,23,24,0,305.35,1,9
126,24,1,0,903.65,1,24
127,24,13,0,449.5,1,11
128,24,18,0,237.15,1,7
129,24,23,0,305.35,1,9
130,0,2,0,161.2,1,6
131,0,3,0,353.4,1,10
132,0,4,0,285.2,1,9
133,0,5,0,474.3,1,13
134,0,6,0,246.45,1,8
135,0,8,0,427.8,1,12
136,0,9,0,379.75,1,11
137,0,10,0,931.55,1,25
138,0,11,0,158.1,1,5
139,0,12,0,401.45,1,11
140,0,14,0,632.4,1,17
141,0,15,0,1063.3,1,28
142,0,16,0,367.35,1,11
143,0,17,0,596.75,1,16
144,0,18,0,717.65,1,19
145,0,19,0,615.35,1,17
146,0,20,0,361.15,1,10
147,0,21,0,444.85,1,13
148,0,22,0,297.6,1,9
149,0,23,0,739.35,1,20
150,0,24,0,957.9,1,25
151,1,7,0,103.85,1,4
152,2,0,0,161.2,1,6
153,2,3,0,480.5,1,13
154,2,4,0,409.2,1,12
155,2,5,0,257.3,1,8
156,2,6,0,110.05,1,4
157,2,8,0,412.3,1,12
158,2,9,0,229.4,1,7
159,2,10,0,872.65,1,23
160,2,11,0,182.9,1,6
161,2,12,0,582.8,1,16
162,2,13,0,390.6,1,11
163,2,14,0,790.5,1,21
164,2,15,0,940.85,1,25
165,2,16,0,475.85,1,13
166,2,17,0,568.85,1,16
167,2,18,0,638.6,1,17
168,2,19,0,643.25,1,17
169,2,20,0,207.7,1,7
170,2,21,0,424.7,1,12
171,2,22,0,308.45,1,9
172,2,23,0,716.1,1,19
173,2,24,0,847.85,1,23
174,3,0,0,353.4,1,10
175,3,2,0,480.5,1,13
176,3,6,0,554.9,1,15
177,3,9,0,685.1,1,18
178,3,10,0,995.1,1,26
179,3,11,0,477.4,1,13
180,3,15,0,1224.5,1,32
181,3,17,0,764.15,1,20
182,3,18,0,833.9,1,22
183,3,20,0,620,1,17
184,3,23,0,888.15,1,23
185,3,24,0,1108.25,1,29
186,4,0,0,285.2,1,9
187,4,2,0,409.2,1,12
188,4,6,0,494.45,1,14
189,4,7,0,75.95,1,3
190,4,8,0,142.6,1,5
191,4,9,0,624.65,1,17
192,4,10,0,838.55,1,22
193,4,11,0,406.1,1,12
194,4,12,0,331.7,1,9
195,4,13,0,427.8,1,12
196,4,14,0,410.75,1,12
197,4,15,0,970.3,1,26
198,4,16,0,147.25,1,5
199,4,17,0,503.75,1,14
200,4,18,0,624.65,1,17
201,4,19,0,390.6,1,11
202,4,20,0,413.85,1,12
203,4,21,0,263.5,1,8
204,4,22,0,204.6,1,7
205,4,23,0,646.35,1,18
206,4,24,0,861.8,1,23
207,5,0,0,474.3,1,13
208,5,2,0,257.3,1,8
209,5,6,0,161.2,1,5
210,5,9,0,198.4,1,6
211,5,11,0,320.85,1,9
212,5,18,0,660.3,1,16
213,5,20,0,178.25,1,6
214,5,23,0,720.75,1,19
215,6,0,0,246.45,1,8
216,6,2,0,110.05,1,4
217,6,3,0,554.9,1,15
218,6,4,0,494.45,1,14
219,6,5,0,161.2,1,5
220,6,8,0,637.05,1,17
221,6,9,0,141.05,1,5
222,6,10,0,939.3,1,25
223,6,11,0,165.85,1,5
224,6,12,0,623.1,1,17
225,6,14,0,840.1,1,22
226,6,15,0,982.7,1,26
227,6,16,0,576.6,1,16
228,6,17,0,615.35,1,17
229,6,18,0,685.1,1,18
230,6,19,0,824.6,1,22
231,6,20,0,243.35,1,7
232,6,21,0,593.65,1,16
233,6,22,0,446.4,1,13
234,6,23,0,761.05,1,20
235,6,24,0,877.3,1,23
236,7,3,0,246.45,1,8
237,7,4,0,75.95,1,3
238,8,0,0,427.8,1,12
239,8,2,0,412.3,1,12
240,8,4,0,142.6,1,5
241,8,6,0,637.05,1,17
242,8,9,0,767.25,1,21
243,8,10,0,714.55,1,19
244,8,11,0,545.6,1,15
245,8,12,0,460.35,1,13
246,8,14,0,328.6,1,10
247,8,15,0,883.5,1,23
248,8,17,0,427.8,1,12
249,8,18,0,542.5,1,15
250,8,19,0,240.25,1,7
251,8,20,0,444.85,1,13
252,8,22,0,203.05,1,7
253,8,23,0,536.3,1,15
254,8,24,0,801.35,1,21
255,9,0,0,379.75,1,11
256,9,2,0,229.4,1,7
257,9,3,0,685.1,1,18
258,9,4,0,624.65,1,17
259,9,5,0,198.4,1,6
260,9,6,0,141.05,1,5
261,9,8,0,767.25,1,21
262,9,10,0,1069.5,1,28
263,9,11,0,297.6,1,8
264,9,12,0,753.3,1,20
265,9,13,0,469.65,1,12
266,9,14,0,652.55,1,18
267,9,15,0,1112.9,1,29
268,9,16,0,706.8,1,19
269,9,17,0,646.35,1,18
270,9,18,0,711.45,1,18
271,9,19,0,954.8,1,25
272,9,20,0,279,1,8
273,9,21,0,723.85,1,19
274,9,22,0,576.6,1,16
275,9,23,0,891.25,1,24
276,9,24,0,1019.9,1,27
277,10,0,0,931.55,1,25
278,10,2,0,872.65,1,23
279,10,3,0,995.1,1,26
280,10,4,0,838.55,1,22
281,10,6,0,939.3,1,25
282,10,8,0,714.55,1,19
283,10,9,0,1069.5,1,28
284,10,11,0,1133.05,1,30
285,10,12,0,1086.55,1,28
286,10,13,0,483.6,1,12
287,10,14,0,970.3,1,26
288,10,15,0,224.75,1,7
289,10,16,0,872.65,1,23
290,10,17,0,334.8,1,9
291,10,18,0,306.9,1,9
292,10,19,0,909.85,1,24
293,10,20,0,714.55,1,19
294,10,21,0,623.1,1,16
295,10,22,0,623.1,1,17
296,10,24,0,286.75,1,8
297,11,0,0,158.1,1,5
298,11,2,0,182.9,1,6
299,11,3,0,477.4,1,13
300,11,4,0,406.1,1,12
301,11,5,0,320.85,1,9
302,11,6,0,165.85,1,5
303,11,8,0,545.6,1,15
304,11,9,0,297.6,1,9
305,11,10,0,1133.05,1,30
306,11,12,0,523.9,1,14
307,11,14,0,770.35,1,21
308,11,15,0,1112.9,1,29
309,11,16,0,488.25,1,14
310,11,17,0,798.25,1,21
311,11,18,0,832.35,1,21
312,11,19,0,748.65,1,20
313,11,20,0,406.1,1,11
314,11,21,0,649.45,1,18
315,11,22,0,499.1,1,14
316,11,23,0,852.5,1,23
317,11,24,0,1021.45,1,27
318,12,0,0,401.45,1,11
319,12,2,0,582.8,1,16
320,12,4,0,331.7,1,10
321,12,6,0,623.1,1,17
322,12,8,0,460.35,1,13
323,12,9,0,753.3,1,20
324,12,10,0,1086.55,1,28
325,12,11,0,523.9,1,14
326,12,13,0,776.55,1,20
327,12,14,0,550.25,1,15
328,12,15,0,1233.8,1,32
329,12,16,0,296.05,1,9
330,12,17,0,776.55,1,21
331,12,18,0,1038.5,1,27
332,12,19,0,523.9,1,14
333,12,20,0,637.05,1,17
334,12,21,0,554.9,1,15
335,12,22,0,556.45,1,15
336,12,23,0,919.15,1,24
337,12,24,0,1137.7,1,30
338,13,2,0,390.6,1,11
339,13,4,0,427.8,1,12
340,13,8,0,415.4,1,11
341,13,9,0,469.65,1,12
342,13,14,0,655.65,1,17
343,13,16,0,530.1,1,14
344,14,0,0,632.4,1,17
345,14,2,0,790.5,1,21
346,14,4,0,410.75,1,12
347,14,6,0,840.1,1,22
348,14,8,0,328.6,1,10
349,14,9,0,652.55,1,18
350,14,10,0,970.3,1,26
351,14,11,0,770.35,1,21
352,14,12,0,550.25,1,15
353,14,13,0,655.65,1,17
354,14,15,0,1106.7,1,28
355,14,16,0,272.8,1,8
356,14,17,0,671.15,1,18
357,14,18,0,798.25,1,20
358,14,20,0,852.5,1,23
359,14,22,0,527,1,15
360,14,23,0,818.4,1,20
361,14,24,0,995.1,1,26
362,15,0,0,1063.3,1,28
363,15,2,0,940.85,1,25
364,15,3,0,1224.5,1,32
365,15,4,0,970.3,1,26
366,15,6,0,982.7,1,26
367,15,8,0,883.5,1,23
368,15,9,0,1112.9,1,29
369,15,10,0,224.75,1,7
370,15,11,0,1112.9,1,29
371,15,12,0,1233.8,1,32
372,15,14,0,1106.7,1,28
373,15,16,0,1027.65,1,27
374,15,17,0,454.15,1,12
375,15,19,0,1023,1,27
376,15,20,0,757.95,1,19
377,15,22,0,733.15,1,19
378,15,24,0,110.05,1,4
379,16,0,0,367.35,1,11
380,16,2,0,475.85,1,13
381,16,4,0,147.25,1,5
382,16,6,0,576.6,1,16
383,16,7,0,155,1,5
384,16,9,0,706.8,1,19
385,16,10,0,872.65,1,23
386,16,11,0,488.25,1,14
387,16,12,0,296.05,1,8
388,16,14,0,272.8,1,8
389,16,15,0,1027.65,1,27
390,16,17,0,570.4,1,16
391,16,18,0,686.65,1,19
392,16,19,0,251.1,1,7
393,16,20,0,525.45,1,15
394,16,22,0,302.25,1,9
395,16,23,0,692.85,1,19
396,16,24,0,951.7,1,25
397,17,0,0,596.75,1,16
398,17,2,0,568.85,1,16
399,17,3,0,764.15,1,20
400,17,4,0,503.75,1,14
401,17,5,0,530.1,1,14
402,17,6,0,615.35,1,17
403,17,8,0,427.8,1,12
404,17,9,0,649.45,1,18
405,17,10,0,334.8,1,10
406,17,11,0,798.25,1,21
407,17,12,0,776.55,1,21
408,17,14,0,671.15,1,17
409,17,15,0,454.15,1,12
410,17,16,0,570.4,1,16
411,17,19,0,581.25,1,16
412,17,20,0,373.55,1,10
413,17,22,0,294.5,1,8
414,17,23,0,153.45,1,5
415,17,24,0,362.7,1,10
416,18,0,0,719.2,1,19
417,18,2,0,638.6,1,17
418,18,3,0,833.9,1,22
419,18,4,0,624.65,1,17
420,18,5,0,660.3,1,16
421,18,6,0,685.1,1,18
422,18,8,0,542.5,1,15
423,18,9,0,711.45,1,18
424,18,11,0,832.35,1,21
425,18,12,0,1038.5,1,27
426,18,14,0,798.25,1,21
427,18,16,0,686.65,1,19
428,18,20,0,438.65,1,12
429,19,0,0,615.35,1,17
430,19,2,0,643.25,1,17
431,19,4,0,390.6,1,11
432,19,6,0,824.6,1,22
433,19,9,0,954.8,1,25
434,19,10,0,909.85,1,24
435,19,11,0,748.65,1,20
436,19,12,0,523.9,1,14
437,19,13,0,565.75,1,14
438,19,15,0,1023,1,27
439,19,16,0,251.1,1,7
440,19,17,0,581.25,1,16
441,19,18,0,709.9,1,18
442,19,20,0,764.15,1,20
443,19,22,0,437.1,1,12
444,19,23,0,728.5,1,18
445,19,24,0,942.4,1,25
446,20,0,0,361.15,1,10
447,20,2,0,207.7,1,7
448,20,3,0,620,1,17
449,20,4,0,413.85,1,12
450,20,5,0,178.25,1,6
451,20,6,0,243.35,1,7
452,20,8,0,444.85,1,13
453,20,9,0,279,1,8
454,20,10,0,714.55,1,19
455,20,11,0,406.1,1,11
456,20,12,0,637.05,1,17
457,20,14,0,878.85,1,23
458,20,15,0,757.95,1,19
459,20,16,0,525.45,1,15
460,20,17,0,373.55,1,11
461,20,18,0,438.65,1,12
462,20,19,0,764.15,1,20
463,20,21,0,466.55,1,13
464,20,22,0,272.8,1,8
465,20,24,0,641.7,1,17
466,21,0,0,444.85,1,13
467,21,2,0,424.7,1,12
468,21,4,0,263.5,1,8
469,21,6,0,593.65,1,16
470,21,9,0,723.85,1,19
471,21,10,0,623.1,1,16
472,21,11,0,646.35,1,18
473,21,12,0,554.9,1,15
474,21,16,0,305.35,1,9
475,21,20,0,466.55,1,13
476,21,22,0,142.6,1,5
477,21,24,0,651,1,18
478,22,0,0,297.6,1,9
479,22,2,0,308.45,1,10
480,22,4,0,204.6,1,7
481,22,6,0,446.4,1,13
482,22,8,0,203.05,1,6
483,22,9,0,576.6,1,16
484,22,10,0,623.1,1,17
485,22,11,0,499.1,1,14
486,22,12,0,556.45,1,15
487,22,14,0,527,1,15
488,22,15,0,733.15,1,19
489,22,16,0,302.25,1,9
490,22,17,0,294.5,1,8
491,22,18,0,404.55,1,10
492,22,19,0,437.1,1,12
493,22,20,0,272.8,1,9
494,22,21,0,142.6,1,5
495,22,23,0,432.45,1,11
496,22,24,0,643.25,1,17
497,23,0,0,739.35,1,20
498,23,2,0,716.1,1,19
499,23,3,0,888.15,1,23
500,23,4,0,646.35,1,18
501,23,6,0,761.05,1,20
502,23,8,0,536.3,1,15
503,23,9,0,891.25,1,24
504,23,11,0,852.5,1,23
505,23,12,0,919.15,1,24
506,23,14,0,818.4,1,20
507,23,16,0,692.85,1,19
508,23,19,0,728.5,1,18
509,23,20,0,522.35,1,14
510,23,22,0,432.45,1,11
511,24,0,0,957.9,1,25
512,24,2,0,847.85,1,23
513,24,3,0,1108.25,1,29
514,24,4,0,861.8,1,23
515,24,6,0,877.3,1,23
516,24,8,0,801.35,1,21
517,24,9,0,1019.9,1,27
518,24,10,0,286.75,1,8
519,24,11,0,1021.45,1,27
520,24,12,0,1137.7,1,30
521,24,14,0,995.1,1,26
522,24,15,0,110.05,1,4
523,24,16,0,951.7,1,25
524,24,17,0,362.7,1,10
525,24,19,0,942.4,1,25
526,24,20,0,641.7,1,17
527,24,21,0,651,1,16
528,24,22,0,643.25,1,17
PATHS,600
Index,Shipment origin,Shipment destination,1st terminal on path,2nd terminal on path,.....,6th terminal on path
0,0,1,0,1
1,0,2,0,1,2
2,0,3,0,1,3
3,0,4,0,1,4
4,0,5,0,1,5
5,0,6,0,1,6
6,0,7,0,1,7
7,0,8,0,1,8
8,0,9,0,1,9
9,0,10,0,1,10
10,0,11,0,1,11
11,0,12,0,1,12
12,0,13,0,1,13
13,0,14,0,1,14
14,0,15,0,1,15
15,0,16,0,1,16
16,0,17,0,1,17
17,0,18,0,1,18
18,0,19,0,1,19
19,0,20,0,1,20
20,0,21,0,1,21
21,0,22,0,1,22
22,0,23,0,1,23
23,0,24,0,1,24
24,1,0,1,0
25,1,2,1,2
26,1,3,1,3
27,1,4,1,4
28,1,5,1,5
29,1,6,1,6
30,1,7,1,7
31,1,8,1,8
32,1,9,1,9
33,1,10,1,10
34,1,11,1,11
35,1,12,1,12
36,1,13,1,13
37,1,14,1,14
38,1,15,1,15
39,1,16,1,16
40,1,17,1,17
41,1,18,1,18
42,1,19,1,19
43,1,20,1,20
44,1,21,1,21
45,1,22,1,22
46,1,23,1,23
47,1,24,1,24
48,2,0,2,1,0
49,2,1,2,1
50,2,3,2,1,3
51,2,4,2,1,4
52,2,5,2,1,5
53,2,6,2,1,6
54,2,8,2,1,8
55,2,7,2,1,7
56,2,9,2,1,9
57,2,10,2,1,10
58,2,11,2,1,11
59,2,12,2,1,12
60,2,13,2,1,13
61,2,14,2,1,14
62,2,15,2,1,15
63,2,16,2,1,16
64,2,17,2,1,17
65,2,18,2,1,18
66,2,19,2,1,19
67,2,20,2,1,20
68,2,21,2,1,21
69,2,22,2,1,22
70,2,23,2,1,23
71,2,24,2,1,24
72,3,0,3,1,0
73,3,1,3,1
74,3,2,3,1,2
75,3,4,3,4
76,3,5,3,1,5
77,3,6,3,1,6
78,3,7,3,1,7
79,3,8,3,8
80,3,9,3,1,9
81,3,10,3,13,10
82,3,11,3,1,11
83,3,12,3,12
84,3,13,3,13
85,3,14,3,14
86,3,15,3,13,15
87,3,16,3,16
88,3,17,3,13,17
89,3,18,3,13,18
90,3,19,3,19
91,3,20,3,1,20
92,3,21,3,21
93,3,22,3,22
94,3,23,3,21,23
95,3,24,3,13,24
96,4,0,4,1,0
97,4,1,4,1
98,4,2,4,1,2
99,4,3,4,3
100,4,5,4,1,5
101,4,6,4,1,6
102,4,7,4,1,7
103,4,8,4,1,8
104,4,9,4,1,9
105,4,10,4,1,10
106,4,11,4,1,11
107,4,12,4,3,12
108,4,13,4,1,13
109,4,14,4,3,14
110,4,15,4,1,15
111,4,16,4,3,16
112,4,17,4,1,17
113,4,18,4,1,18
114,4,19,4,3,19
115,4,20,4,1,20
116,4,21,4,1,21
117,4,22,4,1,22
118,4,23,4,1,23
119,4,24,4,1,24
120,5,0,5,1,0
121,5,1,5,1
122,5,2,5,1,2
123,5,3,5,1,3
124,5,4,5,1,4
125,5,6,5,1,6
126,5,7,5,1,7
127,5,8,5,1,8
128,5,9,5,1,9
129,5,10,5,13,10
130,5,11,5,1,11
131,5,12,5,1,12
132,5,13,5,13
133,5,14,5,1,14
134,5,15,5,13,15
135,5,16,5,1,16
136,5,17,5,13,17
137,5,18,5,13,18
138,5,19,5,13,21,19
139,5,20,5,13,20
140,5,21,5,13,21
141,5,22,5,1,22
142,5,23,5,13,23
143,5,24,5,13,24
144,6,0,6,1,0
145,6,1,6,1
146,6,2,6,1,2
147,6,3,6,1,3
148,6,4,6,1,4
149,6,5,6,1,5
150,6,7,6,1,7
151,6,8,6,1,8
152,6,9,6,1,9
153,6,10,6,1,10
154,6,11,6,1,11
155,6,12,6,1,12
156,6,13,6,1,13
157,6,14,6,1,14
158,6,15,6,1,15
159,6,16,6,1,16
160,6,17,6,1,17
161,6,18,6,1,18
162,6,19,6,1,19
163,6,20,6,1,20
164,6,21,6,1,21
165,6,22,6,1,22
166,6,23,6,1,23
167,6,24,6,1,24
168,7,0,7,1,0
169,7,1,7,1
170,7,2,7,1,2
171,7,3,7,3
172,7,4,7,4
173,7,5,7,1,5
174,7,6,7,3,6
175,7,8,7,3,8
176,7,9,7,1,9
177,7,10,7,1,9
178,7,11,7,3,11
179,7,12,7,4,12
180,7,13,7,4,13
181,7,14,7,4,14
182,7,15,7,4,15
183,7,16,7,4,16
184,7,17,7,1,17
185,7,18,7,1,18
186,7,19,7,1,19
187,7,20,7,1,20
188,7,21,7,1,21
189,7,22,7,1,22
190,7,23,7,1,23
191,7,24,7,1,24
192,8,0,8,1,0
193,8,1,8,1
194,8,2,8,1,2
195,8,3,8,3
196,8,4,8,1,4
197,8,5,8,1,5
198,8,6,8,1,6
199,8,7,8,1,7
200,8,9,8,1,9
201,8,10,8,21,23,10
202,8,11,8,1,11
203,8,12,8,3,12
204,8,13,8,21,13
205,8,14,8,21,14
206,8,15,8,21,13,15
207,8,16,8,3,16
208,8,17,8,21,17
209,8,18,8,21,18
210,8,19,8,21,19
211,8,20,8,1,20
212,8,21,8,21
213,8,22,8,1,22
214,8,23,8,21,23
215,8,24,8,21,13,24
216,9,0,9,1,0
217,9,1,9,1
218,9,2,9,1,2
219,9,3,9,1,3
220,9,4,9,1,4
221,9,5,9,1,5
222,9,6,9,1,6
223,9,7,9,1,7
224,9,8,9,1,8
225,9,10,9,1,10
226,9,11,9,1,11
227,9,12,9,1,12
228,9,13,9,1,13
229,9,14,9,1,14
230,9,15,9,1,15
231,9,16,9,1,16
232,9,17,9,1,17
233,9,18,9,1,18
234,9,19,9,1,19
235,9,20,9,1,20
236,9,21,9,1,21
237,9,22,9,1,22
238,9,23,9,1,23
239,9,24,9,1,24
240,10,0,10,1,0
241,10,1,10,1
242,10,2,10,1,2
243,10,3,10,1,3
244,10,4,10,1,4
245,10,5,10,23,13,5
246,10,6,10,23,13,6
247,10,7,10,1,7
248,10,8,10,23,21,8
249,10,9,10,1,9
250,10,11,10,1,11
251,10,12,10,1,12
252,10,13,10,23,13
253,10,14,10,23,21,14
254,10,15,10,23,15
255,10,16,10,1,16
256,10,17,10,23,17
257,10,18,10,23,18
258,10,19,10,23,21,19
259,10,20,10,23,13,20
260,10,21,10,23,21
261,10,22,10,23,22
262,10,23,10,23
263,10,24,10,23,24
264,11,0,11,1,0
265,11,1,11,1
266,11,2,11,1,2
267,11,3,11,1,3
268,11,4,11,1,4
269,11,5,11,1,5
270,11,6,11,1,6
271,11,7,11,1,7
272,11,8,11,1,8
273,11,9,11,1,9
274,11,10,11,13,10
275,11,12,11,1,12
276,11,13,11,13
277,11,14,11,1,14
278,11,15,11,13,15
279,11,16,11,1,16
280,11,17,11,13,17
281,11,18,11,13,18
282,11,19,11,1,19
283,11,20,11,1,20
284,11,21,11,1,21
285,11,22,11,1,22
286,11,23,11,13,23
287,11,24,11,13,24
288,12,0,12,1,0
289,12,1,12,1
290,12,2,12,1,2
291,12,3,12,3
292,12,4,12,3,4
293,12,5,12,1,5
294,12,6,12,1,6
295,12,7,12,1,7
296,12,8,12,3,8
297,12,9,12,1,9
298,12,10,12,1,10
299,12,11,12,1,11
300,12,13,12,3,13
301,12,14,12,3,14
302,12,15,12,1,15
303,12,16,12,3,16
304,12,17,12,1,17
305,12,18,12,1,18
306,12,19,12,3,19
307,12,20,12,1,20
308,12,21,12,3,21
309,12,22,12,3,22
310,12,23,12,1,23
311,12,24,12,1,24
312,13,0,13,1,0
313,13,1,13,1
314,13,2,13,1,2
315,13,3,13,3
316,13,4,13,4
317,13,5,13,5
318,13,6,13,6
319,13,7,13,1,7
320,13,8,13,21,8
321,13,9,13,1,9
322,13,10,13,10
323,13,11,13,11
324,13,12,13,3,12
325,13,14,13,21,14
326,13,15,13,15
327,13,16,13,1,16
328,13,17,13,17
329,13,18,13,18
330,13,19,13,21,19
331,13,20,13,20
332,13,21,13,21
333,13,22,13,22
334,13,23,13,23
335,13,24,13,24
336,14,0,14,1,0
337,14,1,14,1
338,14,2,14,1,2
339,14,3,14,3
340,14,4,14,3,4
341,14,5,14,1,5
342,14,6,14,1,6
343,14,7,14,1,7
344,14,8,14,3,8
345,14,9,14,1,9
346,14,10,14,21,23,10
347,14,11,14,1,11
348,14,12,14,3,12
349,14,13,14,21,13
350,14,15,14,21,13,15
351,14,16,14,3,16
352,14,17,14,21,17
353,14,18,14,21,18
354,14,19,14,1,19
355,14,20,14,1,20
356,14,21,14,21
357,14,22,14,1,22
358,14,23,14,21,23
359,14,24,14,21,13,24
360,15,0,15,1,0
361,15,1,15,1
362,15,2,15,1,2
363,15,3,15,13,3
364,15,4,15,1,4
365,15,5,15,13,5
366,15,6,15,13,6
367,15,7,15,1,7
368,15,8,15,21,8
369,15,9,15,1,9
370,15,10,15,10
371,15,11,15,1,11
372,15,12,15,1,12
373,15,13,15,13
374,15,14,15,21,14
375,15,16,15,1,16
376,15,17,15,17
377,15,18,15,18
378,15,19,15,21,19
379,15,20,15,13,20
380,15,21,15,21
381,15,22,15,13,22
382,15,23,15,23
383,15,24,15,24
384,16,0,16,1,0
385,16,1,16,1
386,16,2,16,1,2
387,16,3,16,3
388,16,4,16,3,4
389,16,5,16,1,5
390,16,6,16,1,6
391,16,7,16,1,7
392,16,8,16,3,8
393,16,9,16,1,9
394,16,10,16,13,10
395,16,11,16,1,11
396,16,12,16,3,12
397,16,13,16,13
398,16,14,16,3,14
399,16,15,16,13,15
400,16,17,16,13,17
401,16,18,16,13,18
402,16,19,16,3,19
403,16,20,16,1,20
404,16,21,16,21
405,16,22,16,3,22
406,16,23,16,13,23
407,16,24,16,13,24
408,17,0,17,1,0
409,17,1,17,1
410,17,2,17,1,2
411,17,3,17,13,3
412,17,4,17,1,4
413,17,5,17,13,5
414,17,6,17,13,6
415,17,7,17,1,7
416,17,8,17,21,8
417,17,9,17,1,9
418,17,10,17,13,10
419,17,11,17,1,11
420,17,12,17,1,12
421,17,13,17,13
422,17,14,17,21,14
423,17,15,17,13,15
424,17,16,17,1,16
425,17,18,17,18
426,17,19,17,21,19
427,17,20,17,13,20
428,17,21,17,21
429,17,22,17,13,22
430,17,23,17,13,23
431,17,24,17,13,24
432,18,0,18,1,0
433,18,1,18,1
434,18,2,18,1,2
435,18,3,18,13,3
436,18,4,18,1,4
437,18,5,18,13,5
438,18,6,18,13,6
439,18,7,18,1,7
440,18,8,18,21,8
441,18,9,18,13,1,9
442,18,10,18,10
443,18,11,18,1,11
444,18,12,18,1,12
445,18,13,18,13
446,18,14,18,21,14
447,18,15,18,15
448,18,16,18,1,16
449,18,17,18,17
450,18,19,18,21,19
451,18,20,18,13,20
452,18,21,18,21
453,18,22,18,13,22
454,18,23,18,23
455,18,24,18,24
456,19,0,19,1,0
457,19,1,19,1
458,19,2,19,1,2
459,19,3,19,3
460,19,4,19,3,4
461,19,5,19,1,5
462,19,6,19,1,6
463,19,7,19,1,7
464,19,8,19,21,8
465,19,9,19,1,9
466,19,10,19,1,10
467,19,11,19,1,11
468,19,12,19,3,12
469,19,13,19,21,13
470,19,14,19,1,14
471,19,15,19,21,13,15
472,19,16,19,3,16
473,19,17,19,21,17
474,19,18,19,21,18
475,19,20,19,1,20
476,19,21,19,21
477,19,22,19,1,22
478,19,23,19,21,23
479,19,24,19,21,13,24
480,20,0,20,1,0
481,20,1,20,1
482,20,2,20,1,2
483,20,3,20,1,3
484,20,4,20,1,4
485,20,5,20,1,5
486,20,6,20,1,6
487,20,7,20,1,7
488,20,8,20,1,8
489,20,9,20,1,9
490,20,10,20,13,10
491,20,11,20,1,11
492,20,12,20,1,12
493,20,13,20,13
494,20,14,20,1,14
495,20,15,20,13,15
496,20,16,20,1,16
497,20,17,20,13,17
498,20,18,20,13,18
499,20,19,20,1,19
500,20,21,20,1,21
501,20,22,20,13,22
502,20,23,20,13,23
503,20,24,20,13,24
504,21,0,21,1,0
505,21,1,21,1
506,21,2,21,1,2
507,21,3,21,3
508,21,4,21,1,4
509,21,5,21,13,5
510,21,6,21,13,6
511,21,7,21,1,7
512,21,8,21,8
513,21,9,21,1,9
514,21,10,21,23,10
515,21,11,21,1,11
516,21,12,21,3,12
517,21,13,21,13
518,21,14,21,14
519,21,15,21,13,15
520,21,16,21,3,16
521,21,17,21,17
522,21,18,21,18
523,21,19,21,19
524,21,20,21,1,20
525,21,22,21,1,22
526,21,23,21,23
527,21,24,21,13,24
528,22,0,22,1,0
529,22,1,22,1
530,22,2,22,1,2
531,22,3,22,3
532,22,4,22,1,4
533,22,5,22,13,5
534,22,6,22,1,6
535,22,7,22,1,7
536,22,8,22,1,8
537,22,9,22,1,9
538,22,10,22,13,10
539,22,11,22,1,11
540,22,12,22,3,12
541,22,13,22,13
542,22,14,22,1,14
543,22,15,22,13,15
544,22,16,22,1,16
545,22,17,22,13,17
546,22,18,22,13,18
547,22,19,22,1,19
548,22,20,22,13,20
549,22,21,22,1,21
550,22,23,22,13,23
551,22,24,22,13,24
552,23,0,23,1,0
553,23,1,23,1
554,23,2,23,1,2
555,23,3,23,1,3
556,23,4,23,1,4
557,23,5,23,13,5
558,23,6,23,13,6
559,23,7,23,1,7
560,23,8,23,21,8
561,23,9,23,1,9
562,23,10,23,10
563,23,11,23,1,11
564,23,12,23,1,12
565,23,13,23,13
566,23,14,23,21,14
567,23,15,23,15
568,23,16,23,1,16
569,23,17,23,17
570,23,18,23,18
571,23,19,23,21,19
572,23,20,23,13,20
573,23,21,23,21
574,23,22,23,22
575,23,24,23,24
576,24,0,24,1,0
577,24,1,24,1
578,24,2,24,1,2
579,24,3,24,13,3
580,24,4,24,1,4
581,24,5,24,13,5
582,24,6,24,13,6
583,24,7,24,1,7
584,24,8,24,18,21,8
585,24,9,24,13,1,9
586,24,10,24,23,10
587,24,11,24,13,11
588,24,12,24,1,12
589,24,13,24,13
590,24,14,24,18,21,14
591,24,15,24,15
592,24,16,24,1,16
593,24,17,24,13,17
594,24,18,24,18
595,24,19,24,18,21,19
596,24,20,24,13,20
597,24,21,24,18,21
598,24,22,24,13,22
599,24,23,24,23
COMMODITIES,750
Index,Origin,Destination,Demand/Size,Earliest available time,Latest delivery time
0,13,16,0.0799796,138,231
1,24,15,0.338799,88,164
2,14,24,0.0374629,38,139
3,16,20,0.209687,88,178
4,1,14,0.360737,90,178
5,18,11,0.993297,182,279
6,1,21,0.646649,136,219
7,4,17,0.00547125,40,134
8,3,9,0.688257,88,180
9,1,21,0.2629,138,221
10,8,2,0.0306691,184,272
11,22,16,0.130375,134,222
12,18,5,0.982404,136,225
13,2,19,0.314999,182,274
14,16,5,0.175325,182,277
15,10,5,0.0258664,40,137
16,22,16,0.12472,88,176
17,1,20,0.993027,42,124
18,2,8,0.506695,42,130
19,12,9,0.214237,138,232
20,4,11,0.260615,88,174
21,2,20,0.90919,182,271
22,8,24,0.0279088,138,234
23,15,14,0.515272,88,190
24,14,6,0.140488,134,231
25,11,0,0.818696,184,269
26,10,8,0.278577,86,182
27,10,21,0.0435567,184,275
28,22,0,0.175584,42,127
29,15,20,0.136793,90,184
30,16,6,0.100097,184,273
31,22,1,0.769248,138,218
32,22,2,0.625807,134,221
33,10,24,0.83524,138,225
34,17,0,0.00810958,134,225
35,10,18,0.353839,186,268
36,17,10,0.578977,134,224
37,24,2,0.353219,40,143
38,21,24,0.302393,136,227
39,21,22,0.0225181,138,229
40,17,0,0.00982066,138,229
41,11,16,0.41526,186,274
42,5,8,0.0481377,40,136
43,21,24,0.290084,138,229
44,1,11,0.289681,40,120
45,24,19,0.818922,88,186
46,11,12,0.217662,38,128
47,14,2,0.0993124,182,277
48,20,23,0.0897835,136,223
49,4,18,0.346224,40,136
50,19,8,0.456316,86,171
51,3,19,0.558314,138,221
52,1,20,0.764223,88,170
53,16,5,0.16796,186,281
54,17,8,0.198486,38,123
55,1,22,0.987516,90,170
56,10,12,0.0657583,182,287
57,8,19,0.0928932,186,271
58,11,3,0.624991,90,178
59,18,5,0.967888,42,131
60,8,19,0.0923034,182,267
61,23,5,0.806581,182,273
62,24,8,0.056075,186,281
63,19,21,0.722123,184,264
64,19,4,0.072865,184,275
65,2,19,0.292306,90,182
66,12,3,0.999492,90,167
67,11,12,0.187834,182,272
68,0,16,0.743464,184,269
69,5,15,0.489401,138,234
70,21,11,0.0506046,138,229
71,18,4,0.793994,88,183
72,24,8,0.057861,42,137
73,22,1,0.971934,184,264
74,15,18,0.00402598,86,168
75,3,10,0.101697,38,142
76,12,18,0.133365,186,286
77,11,1,0.210212,90,170
78,14,16,0.156483,138,226
79,4,11,0.243796,42,128
80,4,24,0.328399,86,188
81,2,23,0.104094,42,139
82,15,6,0.209458,184,284
83,21,13,0.8171,90,170
84,12,6,0.157887,88,179
85,4,13,0.339541,38,130
86,14,15,0.0591798,134,238
87,18,16,0.490532,86,183
88,1,5,0.0654514,42,129
89,10,22,0.0659142,134,223
90,0,21,0.435067,186,274
91,8,24,0.0282167,42,138
92,16,13,0.94295,182,271
93,18,2,0.425883,38,134
94,16,5,0.172665,88,183
95,15,10,0.394581,42,121
96,16,10,0.0307423,138,239
97,22,14,0.226392,88,184
98,24,10,0.0809293,182,269
99,0,3,0.342632,138,223
100,13,24,0.78003,182,265
101,24,15,0.319539,138,214
102,8,13,0.297596,138,223
103,5,13,0.504349,182,264
104,5,17,0.369481,134,222
105,20,1,0.286241,86,168
106,20,3,0.353659,90,180
107,11,0,0.946078,182,267
108,17,0,0.0081981,136,227
109,23,24,0.727539,182,263
110,11,4,0.233379,134,220
111,0,24,0.553403,184,285
112,0,15,0.475346,186,287
113,3,13,0.249016,182,274
114,0,10,0.446856,88,191
115,5,17,0.424349,86,174
116,0,21,0.429648,134,222
117,0,17,0.228565,86,179
118,22,21,0.453467,186,277
119,5,1,0.113564,134,221
120,3,23,0.31065,136,233
121,4,1,0.643046,90,168
122,14,23,0.437313,86,179
123,3,6,0.327275,40,129
124,15,21,0.102357,38,130
125,17,14,0.00722892,40,130
126,22,19,0.117298,86,179
127,22,1,0.620468,134,214
128,10,17,0.171509,90,173
129,12,13,0.179598,138,235
130,15,5,0.476031,136,234
131,18,4,0.751889,138,233
132,10,24,0.796795,40,127
133,12,6,0.133179,40,131
134,23,18,0.832053,136,212
135,5,17,0.417456,186,274
136,24,17,0.749249,38,127
137,15,18,0.884386,184,266
138,5,16,0.431097,88,183
139,5,23,0.793213,186,277
140,13,11,0.169112,42,131
141,20,17,0.413875,184,268
142,8,2,0.0303588,138,226
143,16,20,0.223805,42,132
144,2,12,0.0506101,186,275
145,3,9,0.584004,182,274
146,22,19,0.123052,138,231
147,24,18,0.868166,134,213
148,21,19,0.423606,86,166
149,10,13,0.7643,38,125
150,15,18,0.971474,186,268
151,0,5,0.213716,138,230
152,1,23,0.109326,90,180
153,3,9,0.804753,134,226
154,24,14,0.155089,90,190
155,18,3,0.788572,186,287
156,19,23,0.63006,86,177
157,13,11,0.315005,38,127
158,21,18,0.20755,38,123
159,15,14,0.529934,38,140
160,22,1,0.814722,38,118
161,18,8,0.76779,136,224
162,0,1,0.319434,38,115
163,1,5,0.797593,86,173
164,10,12,0.0646594,138,243
165,12,14,0.0396653,184,272
166,17,22,0.134593,182,267
167,17,14,0.00683273,90,180
168,11,17,0.373011,138,232
169,12,13,0.174165,186,283
170,14,21,0.86984,42,124
171,17,13,0.817919,186,264
172,0,16,0.735193,40,125
173,5,14,0.327865,86,189
174,6,16,0.360188,90,179
175,17,1,0.498451,136,222
176,3,6,0.248148,184,273
177,1,23,0.910497,184,274
178,24,22,0.596834,184,274
179,13,24,0.916092,136,219
180,12,21,0.36525,88,179
181,8,1,0.139487,134,215
182,22,24,0.382629,138,228
183,2,3,0.332857,86,173
184,4,18,0.368445,86,182
185,18,1,0.784598,186,275
186,21,15,0.0786071,184,278
187,18,20,0.842356,42,127
188,3,2,0.976997,90,177
189,19,1,0.38186,182,267
190,24,14,0.147949,182,282
191,23,14,0.471337,136,231
192,14,13,0.0600793,138,228
193,14,2,0.0968154,138,233
194,5,14,0.339054,38,141
195,2,15,0.388069,182,285
196,8,15,0.0407585,40,139
197,18,3,0.111054,86,187
198,16,13,0.913574,138,227
199,8,19,0.08706,134,219
200,13,2,0.286431,182,274
201,14,13,0.813155,88,178
202,2,0,0.0468924,86,170
203,22,10,0.0615462,90,181
204,16,1,0.0183289,38,118
205,3,17,0.153054,184,282
206,0,10,0.518644,42,145
207,17,8,0.17589,90,175
208,6,3,0.277116,136,225
209,22,24,0.462499,42,132
210,8,5,0.0357859,40,136
211,16,19,0.652729,186,274
212,10,16,0.116608,90,193
213,14,2,0.0867509,86,181
214,19,13,0.492727,90,178
215,20,23,0.107705,138,225
216,20,0,0.0622541,138,225
217,4,13,0.378255,136,228
218,1,6,0.356139,90,171
219,24,14,0.154301,88,188
220,16,2,0.340829,138,225
221,17,8,0.197521,42,127
222,22,5,0.420447,182,271
223,0,18,0.917789,182,277
224,3,24,0.919434,86,189
225,14,1,0.506871,136,224
226,21,22,0.0204436,88,179
227,24,15,0.359603,184,260
228,16,0,0.733471,86,171
229,16,3,0.0819758,184,261
230,14,11,0.767677,88,184
231,2,22,0.209284,88,175
232,0,2,0.0980465,90,174
233,0,3,0.334411,86,171
234,10,1,0.337825,42,137
235,2,22,0.205268,40,127
236,12,13,0.1811,134,231
237,14,3,0.759575,186,269
238,0,22,0.242711,186,271
239,5,8,0.046963,86,182
240,4,1,0.237151,184,262
241,11,17,0.316248,134,228
242,9,12,0.00454545,40,134
243,0,21,0.482578,184,272
244,14,20,0.0898678,182,280
245,12,9,0.213735,38,132
246,13,6,0.953791,42,126
247,4,15,0.246161,182,284
248,13,23,0.0335836,134,215
249,11,8,0.390366,38,127
250,17,15,0.479652,38,130
251,10,21,0.0422421,88,179
252,17,20,0.279607,136,220
253,14,11,0.816004,40,136
254,23,16,0.225668,186,283
255,8,23,0.25479,186,274
256,8,24,0.028164,86,182
257,13,3,0.474888,136,230
258,21,22,0.0213223,42,133
259,23,11,0.0880764,90,187
260,8,3,0.830326,86,167
261,24,15,0.404468,40,116
262,4,13,0.373762,86,178
263,24,17,0.726594,88,177
264,15,16,0.398208,136,240
265,21,24,0.267106,186,277
266,16,1,0.428109,86,166
267,16,23,0.0840684,182,280
268,20,4,0.00682582,40,128
269,6,17,0.0583778,42,139
270,5,4,0.184976,136,229
271,13,10,0.115281,90,174
272,10,8,0.268491,88,184
273,0,19,0.237958,136,226
274,23,22,0.363428,88,171
275,15,14,0.460432,42,144
276,22,3,0.234269,136,220
277,20,17,0.419843,182,266
278,24,5,0.0343635,42,135
279,23,6,0.716101,134,227
280,4,24,0.326254,138,240
281,24,19,0.756818,184,282
282,11,23,0.668184,182,279
283,0,12,0.259913,40,127
284,19,4,0.0666015,88,179
285,19,24,0.427221,136,235
286,20,3,0.425614,40,130
287,14,18,0.809243,38,133
288,14,0,0.793418,184,277
289,13,6,0.873656,86,170
290,21,15,0.0756909,138,232
291,12,18,0.143848,86,186
292,23,3,0.650858,40,137
293,4,18,0.336338,186,282
294,0,5,0.185656,184,276
295,13,1,0.0313256,182,267
296,19,13,0.535083,186,274
297,2,21,0.00520229,42,132
298,11,19,0.349155,138,231
299,17,13,0.570616,136,214
300,4,21,0.0125861,138,227
301,4,21,0.0117738,40,129
302,4,15,0.260884,88,190
303,10,15,0.256145,42,131
304,3,13,0.167272,186,278
305,9,12,0.00454545,88,182
306,18,2,0.451322,88,184
307,17,0,0.00904705,184,275
308,16,3,0.704619,138,215
309,10,16,0.111704,86,189
310,6,4,0.0168394,86,173
311,0,21,0.41171,86,174
312,3,4,0.428348,136,216
313,19,20,0.353598,184,279
314,11,4,0.163317,38,124
315,13,1,0.81165,38,123
316,20,1,0.278436,38,120
317,10,5,0.0258244,186,283
318,21,23,0.312575,184,267
319,21,20,0.00673056,88,181
320,10,15,0.205938,186,275
321,18,19,0.71359,40,131
322,18,12,0.378458,38,137
323,17,20,0.271738,86,170
324,13,12,0.11963,86,185
325,4,13,0.346017,138,230
326,21,14,0.00949726,134,216
327,24,17,0.823235,184,273
328,21,0,0.0885566,138,226
329,13,20,0.513674,134,212
330,20,14,0.359007,90,188
331,14,1,0.339315,186,274
332,16,1,0.776455,90,170
333,14,2,0.086779,134,229
334,11,19,0.352362,136,229
335,3,13,0.585328,138,230
336,18,1,0.073812,90,179
337,1,11,0.518913,184,264
338,22,0,0.170268,138,223
339,12,6,0.160319,90,181
340,23,4,0.354553,88,183
341,13,3,0.4379,38,132
342,3,5,0.885281,184,279
343,0,18,0.824992,86,181
344,16,19,0.650671,90,178
345,23,1,0.466334,86,175
346,10,24,0.781099,134,221
347,0,17,0.244362,184,277
348,0,6,0.120475,88,174
349,0,17,0.234002,38,131
350,18,19,0.260393,138,229
351,8,5,0.0401816,38,134
352,22,3,0.264062,42,126
353,11,16,0.380886,90,178
354,0,12,0.274386,136,223
355,24,2,0.362412,42,145
356,19,24,0.47271,138,237
357,8,12,0.223187,186,272
358,15,10,0.958522,182,261
359,0,4,0.0339053,182,265
360,20,3,0.383257,136,226
361,13,18,0.904895,186,265
362,6,14,0.0185739,186,283
363,18,2,0.42308,184,280
364,14,21,0.840416,40,122
365,3,9,0.540081,186,278
366,19,10,0.249353,90,201
367,0,15,0.445444,42,143
368,13,21,0.249703,88,168
369,14,5,0.324484,38,141
370,13,20,0.31773,40,118
371,24,19,0.744624,134,232
372,24,22,0.542304,86,176
373,11,22,0.881875,138,226
374,18,10,0.163257,40,122
375,0,15,0.461969,38,139
376,24,6,0.361174,88,183
377,23,18,0.894812,184,260
378,16,20,0.211979,90,180
379,22,3,0.116511,182,266
380,22,5,0.451292,42,131
381,10,3,0.0568741,138,241
382,17,21,0.29018,136,216
383,8,15,0.0449336,136,235
384,10,16,0.115923,182,285
385,2,21,0.00472725,88,178
386,14,2,0.0948271,186,281
387,10,2,0.023297,186,288
388,5,19,0.122436,136,234
389,17,10,0.528193,86,176
390,14,3,0.886784,184,267
391,15,23,0.755416,182,265
392,16,18,0.160819,42,138
393,5,13,0.330095,186,268
394,15,14,0.513739,184,286
395,23,15,0.929026,88,171
396,4,15,0.261342,138,240
397,17,5,0.240185,86,174
398,10,22,0.0637817,40,129
399,9,12,0.00454545,38,132
400,2,0,0.0537892,40,124
401,18,1,0.406358,86,175
402,8,4,0.00828694,136,223
403,3,4,0.199493,182,262
404,12,16,0.708824,40,122
405,18,13,0.971407,40,119
406,11,23,0.0371645,90,187
407,23,10,0.701641,86,164
408,2,8,0.487712,134,222
409,6,17,0.0553301,40,137
410,16,20,0.219434,38,128
411,0,2,0.110305,182,266
412,0,13,0.358794,134,225
413,17,13,0.0329978,134,212
414,21,9,0.217319,38,133
415,18,16,0.529803,186,283
416,18,22,0.952807,136,222
417,10,5,0.0233255,136,233
418,4,1,0.638643,88,166
419,14,0,0.675181,38,131
420,24,10,0.157482,90,177
421,18,2,0.398462,42,138
422,0,9,0.155476,90,179
423,11,10,0.289576,90,190
424,12,16,0.684109,138,220
425,15,18,0.124193,88,170
426,20,10,0.462055,138,228
427,9,1,0.949083,184,268
428,18,12,0.398374,86,185
429,15,23,0.682037,136,219
430,3,21,0.652015,182,268
431,14,4,0.236462,38,129
432,8,5,0.0377598,138,234
433,2,20,0.960454,186,275
434,13,5,0.307786,138,220
435,15,14,0.528873,40,142
436,9,1,0.0705329,90,174
437,11,13,0.198948,184,272
438,18,4,0.79307,134,229
439,15,10,0.41017,38,117
440,0,14,0.276376,136,229
441,13,8,0.934198,88,173
442,21,9,0.205008,40,135
443,21,18,0.233802,90,175
444,20,13,0.0167669,88,166
445,10,13,0.727094,90,177
446,3,9,0.675324,184,276
447,22,9,0.170967,86,178
448,5,3,0.638437,186,281
449,24,11,0.752465,186,286
450,22,23,0.540563,136,224
451,20,2,0.21772,184,273
452,4,11,0.244742,90,176
453,10,19,0.394949,90,189
454,14,12,0.165197,186,274
455,6,14,0.01876,86,183
456,20,10,0.487091,184,274
457,17,2,0.0409861,182,275
458,3,18,0.507859,134,233
459,18,20,0.216785,86,171
460,12,21,0.348745,182,273
461,14,15,0.779802,86,190
462,4,3,0.9477,38,118
463,13,10,0.741524,86,170
464,13,20,0.533942,42,120
465,12,2,0.0959186,134,223
466,17,20,0.265862,138,222
467,2,3,0.344218,136,223
468,16,13,0.0161032,88,177
469,13,1,0.418522,134,219
470,19,24,0.455775,40,139
471,17,0,0.00913667,90,181
472,24,0,0.0510615,86,187
473,11,23,0.0111892,186,283
474,0,14,0.303683,42,135
475,20,22,0.254751,186,271
476,22,3,0.251003,184,268
477,23,20,0.736078,90,177
478,12,21,0.373304,40,131
479,2,23,0.103683,138,235
480,21,22,0.0217026,134,225
481,22,12,0.481715,182,271
482,10,5,0.0281904,88,185
483,24,17,0.739247,90,179
484,11,13,0.310219,88,176
485,13,4,0.0860292,40,124
486,11,16,0.415177,38,126
487,14,21,0.756375,38,120
488,19,24,0.479523,90,189
489,8,9,0.271061,138,231
490,19,20,0.320126,136,231
491,12,23,0.0667069,88,188
492,22,1,0.292495,42,122
493,16,10,0.0305717,86,187
494,24,13,0.478601,184,267
495,12,16,0.698654,184,266
496,10,13,0.702318,186,273
497,3,23,0.394232,134,231
498,11,3,0.74354,86,174
499,15,20,0.0203383,86,180
500,18,17,0.155762,42,119
501,11,12,0.361958,40,130
502,21,23,0.358719,134,217
503,11,23,0.540084,40,137
504,6,16,0.409998,184,273
505,17,15,0.253753,134,226
506,2,4,0.00107629,184,269
507,4,1,0.890899,38,116
508,22,6,0.341359,138,227
509,10,13,0.770892,184,271
510,1,12,0.676572,38,120
511,22,2,0.628569,40,127
512,18,19,0.23235,88,179
513,22,2,0.608312,90,177
514,12,3,0.849568,182,259
515,1,21,0.0338046,86,169
516,11,1,0.749251,40,120
517,11,0,0.899512,186,271
518,10,5,0.0240486,182,279
519,5,23,0.851063,90,181
520,18,13,0.382395,88,167
521,13,18,0.338552,134,213
522,24,19,0.883392,136,234
523,18,8,0.40957,86,174
524,16,8,0.866569,86,172
525,16,8,0.989126,186,272
526,8,1,0.750024,138,219
527,23,24,0.206207,186,267
528,16,20,0.202505,86,176
529,22,1,0.764305,136,216
530,22,9,0.172074,138,230
531,12,1,0.393524,86,168
532,24,16,0.0222431,40,144
533,15,22,0.675239,134,229
534,11,1,0.206836,184,264
535,20,23,0.0989658,38,125
536,4,11,0.259854,38,124
537,12,13,0.191847,136,233
538,24,0,0.0500652,136,237
539,24,11,0.683802,182,282
540,21,14,0.00921086,90,172
541,1,3,0.138881,88,168
542,0,19,0.265548,138,228
543,10,21,0.0491423,86,177
544,20,1,0.428374,42,124
545,8,1,0.473398,38,119
546,9,16,0.929597,86,178
547,9,3,0.564646,138,230
548,24,20,0.193891,40,129
549,6,18,0.0353797,90,189
550,15,12,0.895132,40,146
551,22,19,0.141146,136,229
552,8,9,0.29552,86,179
553,14,1,0.63124,40,128
554,17,2,0.0425855,186,279
555,21,3,0.292888,134,219
556,6,3,0.263865,90,179
557,2,18,0.0374831,138,235
558,1,19,0.449241,40,125
559,17,10,0.566895,136,226
560,18,24,0.138536,88,167
561,24,20,0.0644411,90,179
562,14,16,0.11768,40,128
563,14,23,0.450073,138,231
564,15,14,0.369346,90,192
565,11,17,0.318379,88,182
566,1,12,0.325383,40,122
567,0,12,0.270592,90,177
568,2,19,0.308444,134,226
569,15,16,0.363459,38,142
570,13,21,0.539055,184,264
571,8,14,0.018416,134,221
572,24,8,0.0543653,88,183
573,14,23,0.3905,184,277
574,0,24,0.510973,86,187
575,4,14,0.444327,86,177
576,14,5,0.330599,138,241
577,8,2,0.0349746,182,270
578,9,1,0.190315,136,220
579,22,12,0.435252,40,129
580,17,11,0.1152,134,228
581,14,3,0.995368,134,217
582,23,6,0.667982,182,275
583,18,16,0.460269,184,281
584,22,3,0.0427201,38,122
585,19,4,0.0637903,186,277
586,16,6,0.120186,86,175
587,11,1,0.451679,182,262
588,22,10,0.0688905,86,177
589,11,21,0.322148,184,275
590,0,24,0.540875,38,139
591,19,15,0.53751,40,142
592,1,3,0.548737,86,166
593,10,16,0.107255,138,241
594,13,12,0.138599,136,235
595,5,15,0.403706,186,282
596,16,8,0.0928822,38,124
597,1,5,0.0561661,134,221
598,8,17,0.521564,42,127
599,13,24,0.581006,134,217
600,23,16,0.220049,90,187
601,18,11,0.946615,90,187
602,1,6,0.505038,40,121
603,6,22,0.0270804,38,127
604,24,23,0.652313,134,215
605,19,18,0.01597,138,231
606,17,20,0.286726,186,270
607,16,4,0.786708,186,271
608,10,12,0.0744769,136,241
609,5,8,0.0463995,136,232
610,2,22,0.184133,182,269
611,13,4,0.0748481,42,126
612,8,4,0.00884844,182,269
613,18,12,0.443629,134,233
614,18,4,0.84801,42,137
615,5,3,0.645907,184,279
616,6,16,0.38014,40,129
617,20,10,0.456689,42,132
618,16,15,0.609933,86,189
619,13,12,0.123437,38,137
620,6,16,0.374467,136,225
621,10,2,0.0210134,88,190
622,24,11,0.731494,38,138
623,13,17,0.516581,184,262
624,18,21,0.686242,186,269
625,3,2,0.951023,182,269
626,12,1,0.793211,90,172
627,9,1,0.812005,42,126
628,6,17,0.055491,186,283
629,21,24,0.25786,134,225
630,11,19,0.326255,38,131
631,4,15,0.247395,90,192
632,11,10,0.26188,42,142
633,22,14,0.235078,138,234
634,0,24,0.570834,88,189
635,5,14,0.26913,184,287
636,24,18,0.123211,138,217
637,17,14,0.00776303,138,228
638,8,18,0.170058,86,176
639,24,6,0.406024,40,135
640,18,3,0.903933,88,189
641,4,14,0.498423,186,277
642,13,21,0.22294,86,166
643,1,0,0.733243,88,165
644,10,24,0.776466,86,173
645,21,14,0.00832252,40,122
646,24,1,0.858281,90,186
647,5,12,0.0152772,40,137
648,23,3,0.65331,136,233
649,5,19,0.125137,38,136
650,2,22,0.181653,136,223
651,13,19,0.710199,40,128
652,17,22,0.141022,38,123
653,12,21,0.365246,186,277
654,6,14,0.0175194,40,137
655,21,13,0.838673,88,168
656,3,13,0.558932,136,228
657,2,4,0.943779,138,223
658,19,3,0.110436,42,125
659,15,6,0.197088,42,142
660,21,15,0.0742253,42,136
661,4,15,0.260937,186,288
662,20,0,0.0627444,38,125
663,20,15,0.42453,186,278
664,2,4,0.997609,86,171
665,0,5,0.187527,182,274
666,23,14,0.452966,86,181
667,0,21,0.429211,182,270
668,10,1,0.660824,184,279
669,21,20,0.00734798,136,229
670,21,12,0.0152175,134,224
671,19,23,0.839184,138,229
672,1,5,0.893197,136,223
673,0,16,0.747629,88,173
674,10,13,0.775259,182,269
675,0,24,0.532696,134,235
676,21,19,0.364748,90,170
677,14,4,0.232726,42,133
678,3,19,0.414374,42,125
679,8,18,0.188814,38,128
680,21,19,0.374516,134,214
681,19,11,0.64463,42,135
682,1,5,0.234203,184,271
683,22,16,0.112228,38,126
684,19,18,0.126434,40,133
685,10,2,0.0199293,38,140
686,5,16,0.427425,138,233
687,3,20,0.105311,90,180
688,1,16,0.502404,42,122
689,22,8,0.24181,40,129
690,11,4,0.0741515,184,270
691,6,3,0.274228,42,131
692,21,9,0.20318,182,277
693,14,4,0.213237,86,177
694,13,21,0.446436,90,170
695,5,14,0.206744,88,191
696,20,10,0.411343,134,224
697,10,20,0.102003,184,277
698,3,19,0.537667,184,267
699,22,13,0.778704,42,121
700,8,24,0.0264274,184,280
701,2,14,0.670599,186,281
702,18,21,0.356713,38,121
703,13,18,0.0841542,42,121
704,8,24,0.0269035,182,278
705,21,14,0.00836269,186,268
706,0,20,0.796938,88,175
707,17,11,0.111112,90,184
708,23,10,0.604622,136,214
709,14,22,0.71625,90,186
710,11,12,0.628481,186,276
711,22,19,0.139282,184,277
712,1,15,0.824409,40,136
713,23,22,0.320286,42,125
714,19,10,0.231278,136,247
715,5,22,0.296974,40,135
716,23,3,0.925981,186,283
717,18,13,0.36294,182,261
718,8,23,0.266709,134,222
719,9,12,0.00454545,182,276
720,22,18,0.738271,88,174
721,1,3,0.469635,90,170
722,3,13,0.331576,88,180
723,20,17,0.461947,138,222
724,17,13,0.448596,86,164
725,1,16,0.278988,134,214
726,10,13,0.991802,42,129
727,0,2,0.0943952,40,124
728,21,14,0.00999744,86,168
729,4,13,0.346008,182,274
730,19,21,0.755298,182,262
731,11,18,0.0366501,184,279
732,19,4,0.0645172,42,133
733,3,0,0.52038,184,269
734,12,10,0.858822,134,242
735,24,0,0.0483484,90,191
736,24,10,0.12427,186,273
737,11,21,0.306199,42,133
738,11,8,0.392365,86,175
739,24,11,0.745551,138,238
740,3,0,0.427959,38,123
741,4,11,0.262108,86,172
742,1,4,0.475514,38,116
743,11,22,0.830038,182,270
744,8,2,0.0349432,42,130
745,19,23,0.685882,184,275
746,8,14,0.0186441,42,129
747,24,19,0.796944,138,236
748,17,10,0.53356,40,130
749,10,6,0.0855112,138,237
