NODES,25
INDEX,Name,X-coordinate,Y-coordinate
0,0,-,-
1,1,-,-
2,2,-,-
3,3,-,-
4,4,-,-
5,5,-,-
6,6,-,-
7,7,-,-
8,8,-,-
9,9,-,-
10,10,-,-
11,11,-,-
12,12,-,-
13,13,-,-
14,14,-,-
15,15,-,-
16,16,-,-
17,17,-,-
18,18,-,-
19,19,-,-
20,20,-,-
21,21,-,-
22,22,-,-
23,23,-,-
24,24,-,-
ARCS,529
Index,Origin,Destination,Variable Cost,Fixed Cost,Capacity,Travel time
0,0,1,0,117.8,1,5
1,1,0,0,117.8,1,5
2,1,2,0,234.05,1,7
3,1,3,0,260.4,1,8
4,1,4,0,175.15,1,6
5,1,5,0,486.7,1,15
6,1,6,0,323.95,1,9
7,1,8,0,323.95,1,9
8,1,9,0,447.95,1,12
9,1,10,0,883.5,1,26
10,1,11,0,255.75,1,8
11,1,12,0,387.5,1,10
12,1,13,0,489.8,1,14
13,1,14,0,525.45,1,16
14,1,15,0,1002.85,1,24
15,1,16,0,252.65,1,8
16,1,17,0,545.6,1,16
17,1,18,0,680.45,1,18
18,1,19,0,503.75,1,13
19,1,20,0,358.05,1,10
20,1,21,0,409.2,1,11
21,1,22,0,266.6,1,8
22,1,23,0,699.05,1,18
23,1,24,0,903.65,1,24
24,2,1,0,234.05,1,7
25,3,1,0,260.4,1,8
26,3,4,0,230.95,1,8
27,3,8,0,311.55,1,9
28,3,12,0,144.15,1,5
29,3,13,0,661.85,1,20
30,3,14,0,418.5,1,11
31,3,16,0,151.9,1,5
32,3,19,0,396.8,1,11
33,3,21,0,469.65,1,14
34,3,22,0,429.35,1,13
35,4,1,0,175.15,1,6
36,4,3,0,230.95,1,8
37,5,1,0,486.7,1,15
38,5,13,0,367.35,1,10
39,6,1,0,323.95,1,9
40,6,13,0,430.9,1,11
41,7,1,0,103.85,1,4
42,8,1,0,323.95,1,9
43,8,3,0,311.55,1,9
44,8,13,0,415.4,1,11
45,8,16,0,161.2,1,6
46,8,21,0,158.1,1,5
47,9,1,0,447.95,1,12
48,10,1,0,891.25,1,23
49,10,23,0,192.2,1,6
50,11,1,0,255.75,1,8
51,11,13,0,592.1,1,16
52,12,1,0,387.5,1,10
53,12,3,0,144.15,1,5
54,13,1,0,489.8,1,13
55,13,3,0,669.6,1,22
56,13,5,0,367.35,1,10
57,13,6,0,430.9,1,12
58,13,10,0,483.6,1,12
59,13,11,0,596.75,1,17
60,13,15,0,553.35,1,14
61,13,17,0,176.7,1,6
62,13,18,0,248,1,7
63,13,19,0,573.5,1,16
64,13,20,0,198.4,1,6
65,13,21,0,275.9,1,8
66,13,22,0,232.5,1,7
67,13,23,0,323.95,1,9
68,13,24,0,449.5,1,11
69,14,1,0,525.45,1,16
70,14,3,0,418.5,1,11
71,14,19,0,111.6,1,4
72,14,21,0,384.4,1,10
73,15,1,0,1002.85,1,24
74,15,13,0,553.35,1,16
75,15,18,0,350.3,1,10
76,15,21,0,747.1,1,20
77,15,23,0,412.3,1,11
78,16,1,0,252.65,1,8
79,16,3,0,151.9,1,5
80,16,8,0,161.2,1,6
81,16,13,0,581.25,1,17
82,16,21,0,305.35,1,9
83,17,1,0,544.05,1,14
84,17,13,0,176.7,1,6
85,17,18,0,127.1,1,5
86,17,21,0,292.95,1,8
87,18,1,0,666.5,1,17
88,18,10,0,308.45,1,10
89,18,13,0,248,1,7
90,18,15,0,350.3,1,10
91,18,17,0,127.1,1,5
92,18,19,0,719.2,1,19
93,18,21,0,421.6,1,11
94,18,22,0,421.6,1,13
95,18,23,0,116.25,1,4
96,18,24,0,237.15,1,7
97,19,1,0,503.75,1,13
98,19,3,0,396.8,1,11
99,19,8,0,240.25,1,7
100,19,14,0,111.6,1,4
101,19,21,0,297.6,1,8
102,20,1,0,358.05,1,10
103,20,13,0,198.4,1,6
104,20,23,0,522.35,1,15
105,21,1,0,409.2,1,11
106,21,3,0,458.8,1,13
107,21,8,0,158.1,1,5
108,21,13,0,275.9,1,8
109,21,14,0,384.4,1,10
110,21,15,0,829.25,1,22
111,21,17,0,292.95,1,8
112,21,18,0,420.05,1,13
113,21,19,0,297.6,1,8
114,21,23,0,440.2,1,11
115,22,1,0,266.6,1,8
116,22,3,0,429.35,1,12
117,22,13,0,232.5,1,7
118,23,1,0,699.05,1,17
119,23,10,0,192.2,1,6
120,23,13,0,323.95,1,9
121,23,15,0,412.3,1,11
122,23,17,0,153.45,1,5
123,23,18,0,116.25,1,4
124,23,21,0,446.4,1,13
125,23,24,0,305.35,1,9
126,24,1,0,903.65,1,24
127,24,13,0,449.5,1,11
128,24,18,0,237.15,1,7
129,24,23,0,305.35,1,9
130,0,2,0,161.2,1,6
131,0,3,0,353.4,1,10
132,0,4,0,285.2,1,9
133,0,5,0,474.3,1,13
134,0,6,0,246.45,1,8
135,0,8,0,427.8,1,12
136,0,9,0,379.75,1,11
137,0,10,0,931.55,1,25
138,0,11,0,158.1,1,5
139,0,12,0,401.45,1,11
140,0,14,0,632.4,1,17
141,0,15,0,1063.3,1,28
142,0,16,0,367.35,1,11
143,0,17,0,596.75,1,16
144,0,18,0,717.65,1,19
145,0,19,0,615.35,1,17
146,0,20,0,361.15,1,10
147,0,21,0,444.85,1,13
148,0,22,0,297.6,1,9
149,0,23,0,739.35,1,20
150,0,24,0,957.9,1,25
151,1,7,0,103.85,1,4
152,2,0,0,161.2,1,6
153,2,3,0,480.5,1,13
154,2,4,0,409.2,1,12
155,2,5,0,257.3,1,8
156,2,6,0,110.05,1,4
157,2,8,0,412.3,1,12
158,2,9,0,229.4,1,7
159,2,10,0,872.65,1,23
160,2,11,0,182.9,1,6
161,2,12,0,582.8,1,16
162,2,13,0,390.6,1,11
163,2,14,0,790.5,1,21
164,2,15,0,940.85,1,25
165,2,16,0,475.85,1,13
166,2,17,0,568.85,1,16
167,2,18,0,638.6,1,17
168,2,19,0,643.25,1,17
169,2,20,0,207.7,1,7
170,2,21,0,424.7,1,12
171,2,22,0,308.45,1,9
172,2,23,0,716.1,1,19
173,2,24,0,847.85,1,23
174,3,0,0,353.4,1,10
175,3,2,0,480.5,1,13
176,3,6,0,554.9,1,15
177,3,9,0,685.1,1,18
178,3,10,0,995.1,1,26
179,3,11,0,477.4,1,13
180,3,15,0,1224.5,1,32
181,3,17,0,764.15,1,20
182,3,18,0,833.9,1,22
183,3,20,0,620,1,17
184,3,23,0,888.15,1,23
185,3,24,0,1108.25,1,29
186,4,0,0,285.2,1,9
187,4,2,0,409.2,1,12
188,4,6,0,494.45,1,14
189,4,7,0,75.95,1,3
190,4,8,0,142.6,1,5
191,4,9,0,624.65,1,17
192,4,10,0,838.55,1,22
193,4,11,0,406.1,1,12
194,4,12,0,331.7,1,9
195,4,13,0,427.8,1,12
196,4,14,0,410.75,1,12
197,4,15,0,970.3,1,26
198,4,16,0,147.25,1,5
199,4,17,0,503.75,1,14
200,4,18,0,624.65,1,17
201,4,19,0,390.6,1,11
202,4,20,0,413.85,1,12
203,4,21,0,263.5,1,8
204,4,22,0,204.6,1,7
205,4,23,0,646.35,1,18
206,4,24,0,861.8,1,23
207,5,0,0,474.3,1,13
208,5,2,0,257.3,1,8
209,5,6,0,161.2,1,5
210,5,9,0,198.4,1,6
211,5,11,0,320.85,1,9
212,5,18,0,660.3,1,16
213,5,20,0,178.25,1,6
214,5,23,0,720.75,1,19
215,6,0,0,246.45,1,8
216,6,2,0,110.05,1,4
217,6,3,0,554.9,1,15
218,6,4,0,494.45,1,14
219,6,5,0,161.2,1,5
220,6,8,0,637.05,1,17
221,6,9,0,141.05,1,5
222,6,10,0,939.3,1,25
223,6,11,0,165.85,1,5
224,6,12,0,623.1,1,17
225,6,14,0,840.1,1,22
226,6,15,0,982.7,1,26
227,6,16,0,576.6,1,16
228,6,17,0,615.35,1,17
229,6,18,0,685.1,1,18
230,6,19,0,824.6,1,22
231,6,20,0,243.35,1,7
232,6,21,0,593.65,1,16
233,6,22,0,446.4,1,13
234,6,23,0,761.05,1,20
235,6,24,0,877.3,1,23
236,7,3,0,246.45,1,8
237,7,4,0,75.95,1,3
238,8,0,0,427.8,1,12
239,8,2,0,412.3,1,12
240,8,4,0,142.6,1,5
241,8,6,0,637.05,1,17
242,8,9,0,767.25,1,21
243,8,10,0,714.55,1,19
244,8,11,0,545.6,1,15
245,8,12,0,460.35,1,13
246,8,14,0,328.6,1,10
247,8,15,0,883.5,1,23
248,8,17,0,427.8,1,12
249,8,18,0,542.5,1,15
250,8,19,0,240.25,1,7
251,8,20,0,444.85,1,13
252,8,22,0,203.05,1,7
253,8,23,0,536.3,1,15
254,8,24,0,801.35,1,21
255,9,0,0,379.75,1,11
256,9,2,0,229.4,1,7
257,9,3,0,685.1,1,18
258,9,4,0,624.65,1,17
259,9,5,0,198.4,1,6
260,9,6,0,141.05,1,5
261,9,8,0,767.25,1,21
262,9,10,0,1069.5,1,28
263,9,11,0,297.6,1,8
264,9,12,0,753.3,1,20
265,9,13,0,469.65,1,12
266,9,14,0,652.55,1,18
267,9,15,0,1112.9,1,29
268,9,16,0,706.8,1,19
269,9,17,0,646.35,1,18
270,9,18,0,711.45,1,18
271,9,19,0,954.8,1,25
272,9,20,0,279,1,8
273,9,21,0,723.85,1,19
274,9,22,0,576.6,1,16
275,9,23,0,891.25,1,24
276,9,24,0,1019.9,1,27
277,10,0,0,931.55,1,25
278,10,2,0,872.65,1,23
279,10,3,0,995.1,1,26
280,10,4,0,838.55,1,22
281,10,6,0,939.3,1,25
282,10,8,0,714.55,1,19
283,10,9,0,1069.5,1,28
284,10,11,0,1133.05,1,30
285,10,12,0,1086.55,1,28
286,10,13,0,483.6,1,12
287,10,14,0,970.3,1,26
288,10,15,0,224.75,1,7
289,10,16,0,872.65,1,23
290,10,17,0,334.8,1,9
291,10,18,0,306.9,1,9
292,10,19,0,909.85,1,24
293,10,20,0,714.55,1,19
294,10,21,0,623.1,1,16
295,10,22,0,623.1,1,17
296,10,24,0,286.75,1,8
297,11,0,0,158.1,1,5
298,11,2,0,182.9,1,6
299,11,3,0,477.4,1,13
300,11,4,0,406.1,1,12
301,11,5,0,320.85,1,9
302,11,6,0,165.85,1,5
303,11,8,0,545.6,1,15
304,11,9,0,297.6,1,9
305,11,10,0,1133.05,1,30
306,11,12,0,523.9,1,14
307,11,14,0,770.35,1,21
308,11,15,0,1112.9,1,29
309,11,16,0,488.25,1,14
310,11,17,0,798.25,1,21
311,11,18,0,832.35,1,21
312,11,19,0,748.65,1,20
313,11,20,0,406.1,1,11
314,11,21,0,649.45,1,18
315,11,22,0,499.1,1,14
316,11,23,0,852.5,1,23
317,11,24,0,1021.45,1,27
318,12,0,0,401.45,1,11
319,12,2,0,582.8,1,16
320,12,4,0,331.7,1,10
321,12,6,0,623.1,1,17
322,12,8,0,460.35,1,13
323,12,9,0,753.3,1,20
324,12,10,0,1086.55,1,28
325,12,11,0,523.9,1,14
326,12,13,0,776.55,1,20
327,12,14,0,550.25,1,15
328,12,15,0,1233.8,1,32
329,12,16,0,296.05,1,9
330,12,17,0,776.55,1,21
331,12,18,0,1038.5,1,27
332,12,19,0,523.9,1,14
333,12,20,0,637.05,1,17
334,12,21,0,554.9,1,15
335,12,22,0,556.45,1,15
336,12,23,0,919.15,1,24
337,12,24,0,1137.7,1,30
338,13,2,0,390.6,1,11
339,13,4,0,427.8,1,12
340,13,8,0,415.4,1,11
341,13,9,0,469.65,1,12
342,13,14,0,655.65,1,17
343,13,16,0,530.1,1,14
344,14,0,0,632.4,1,17
345,14,2,0,790.5,1,21
346,14,4,0,410.75,1,12
347,14,6,0,840.1,1,22
348,14,8,0,328.6,1,10
349,14,9,0,652.55,1,18
350,14,10,0,970.3,1,26
351,14,11,0,770.35,1,21
352,14,12,0,550.25,1,15
353,14,13,0,655.65,1,17
354,14,15,0,1106.7,1,28
355,14,16,0,272.8,1,8
356,14,17,0,671.15,1,18
357,14,18,0,798.25,1,20
358,14,20,0,852.5,1,23
359,14,22,0,527,1,15
360,14,23,0,818.4,1,20
361,14,24,0,995.1,1,26
362,15,0,0,1063.3,1,28
363,15,2,0,940.85,1,25
364,15,3,0,1224.5,1,32
365,15,4,0,970.3,1,26
366,15,6,0,982.7,1,26
367,15,8,0,883.5,1,23
368,15,9,0,1112.9,1,29
369,15,10,0,224.75,1,7
370,15,11,0,1112.9,1,29
371,15,12,0,1233.8,1,32
372,15,14,0,1106.7,1,28
373,15,16,0,1027.65,1,27
374,15,17,0,454.15,1,12
375,15,19,0,1023,1,27
376,15,20,0,757.95,1,19
377,15,22,0,733.15,1,19
378,15,24,0,110.05,1,4
379,16,0,0,367.35,1,11
380,16,2,0,475.85,1,13
381,16,4,0,147.25,1,5
382,16,6,0,576.6,1,16
383,16,7,0,155,1,5
384,16,9,0,706.8,1,19
385,16,10,0,872.65,1,23
386,16,11,0,488.25,1,14
387,16,12,0,296.05,1,8
388,16,14,0,272.8,1,8
389,16,15,0,1027.65,1,27
390,16,17,0,570.4,1,16
391,16,18,0,686.65,1,19
392,16,19,0,251.1,1,7
393,16,20,0,525.45,1,15
394,16,22,0,302.25,1,9
395,16,23,0,692.85,1,19
396,16,24,0,951.7,1,25
397,17,0,0,596.75,1,16
398,17,2,0,568.85,1,16
399,17,3,0,764.15,1,20
400,17,4,0,503.75,1,14
401,17,5,0,530.1,1,14
402,17,6,0,615.35,1,17
403,17,8,0,427.8,1,12
404,17,9,0,649.45,1,18
405,17,10,0,334.8,1,10
406,17,11,0,798.25,1,21
407,17,12,0,776.55,1,21
408,17,14,0,671.15,1,17
409,17,15,0,454.15,1,12
410,17,16,0,570.4,1,16
411,17,19,0,581.25,1,16
412,17,20,0,373.55,1,10
413,17,22,0,294.5,1,8
414,17,23,0,153.45,1,5
415,17,24,0,362.7,1,10
416,18,0,0,719.2,1,19
417,18,2,0,638.6,1,17
418,18,3,0,833.9,1,22
419,18,4,0,624.65,1,17
420,18,5,0,660.3,1,16
421,18,6,0,685.1,1,18
422,18,8,0,542.5,1,15
423,18,9,0,711.45,1,18
424,18,11,0,832.35,1,21
425,18,12,0,1038.5,1,27
426,18,14,0,798.25,1,21
427,18,16,0,686.65,1,19
428,18,20,0,438.65,1,12
429,19,0,0,615.35,1,17
430,19,2,0,643.25,1,17
431,19,4,0,390.6,1,11
432,19,6,0,824.6,1,22
433,19,9,0,954.8,1,25
434,19,10,0,909.85,1,24
435,19,11,0,748.65,1,20
436,19,12,0,523.9,1,14
437,19,13,0,565.75,1,14
438,19,15,0,1023,1,27
439,19,16,0,251.1,1,7
440,19,17,0,581.25,1,16
441,19,18,0,709.9,1,18
442,19,20,0,764.15,1,20
443,19,22,0,437.1,1,12
444,19,23,0,728.5,1,18
445,19,24,0,942.4,1,25
446,20,0,0,361.15,1,10
447,20,2,0,207.7,1,7
448,20,3,0,620,1,17
449,20,4,0,413.85,1,12
450,20,5,0,178.25,1,6
451,20,6,0,243.35,1,7
452,20,8,0,444.85,1,13
453,20,9,0,279,1,8
454,20,10,0,714.55,1,19
455,20,11,0,406.1,1,11
456,20,12,0,637.05,1,17
457,20,14,0,878.85,1,23
458,20,15,0,757.95,1,19
459,20,16,0,525.45,1,15
460,20,17,0,373.55,1,11
461,20,18,0,438.65,1,12
462,20,19,0,764.15,1,20
463,20,21,0,466.55,1,13
464,20,22,0,272.8,1,8
465,20,24,0,641.7,1,17
466,21,0,0,444.85,1,13
467,21,2,0,424.7,1,12
468,21,4,0,263.5,1,8
469,21,6,0,593.65,1,16
470,21,9,0,723.85,1,19
471,21,10,0,623.1,1,16
472,21,11,0,646.35,1,18
473,21,12,0,554.9,1,15
474,21,16,0,305.35,1,9
475,21,20,0,466.55,1,13
476,21,22,0,142.6,1,5
477,21,24,0,651,1,18
478,22,0,0,297.6,1,9
479,22,2,0,308.45,1,10
480,22,4,0,204.6,1,7
481,22,6,0,446.4,1,13
482,22,8,0,203.05,1,6
483,22,9,0,576.6,1,16
484,22,10,0,623.1,1,17
485,22,11,0,499.1,1,14
486,22,12,0,556.45,1,15
487,22,14,0,527,1,15
488,22,15,0,733.15,1,19
489,22,16,0,302.25,1,9
490,22,17,0,294.5,1,8
491,22,18,0,404.55,1,10
492,22,19,0,437.1,1,12
493,22,20,0,272.8,1,9
494,22,21,0,142.6,1,5
495,22,23,0,432.45,1,11
496,22,24,0,643.25,1,17
497,23,0,0,739.35,1,20
498,23,2,0,716.1,1,19
499,23,3,0,888.15,1,23
500,23,4,0,646.35,1,18
501,23,6,0,761.05,1,20
502,23,8,0,536.3,1,15
503,23,9,0,891.25,1,24
504,23,11,0,852.5,1,23
505,23,12,0,919.15,1,24
506,23,14,0,818.4,1,20
507,23,16,0,692.85,1,19
508,23,19,0,728.5,1,18
509,23,20,0,522.35,1,14
510,23,22,0,432.45,1,11
511,24,0,0,957.9,1,25
512,24,2,0,847.85,1,23
513,24,3,0,1108.25,1,29
514,24,4,0,861.8,1,23
515,24,6,0,877.3,1,23
516,24,8,0,801.35,1,21
517,24,9,0,1019.9,1,27
518,24,10,0,286.75,1,8
519,24,11,0,1021.45,1,27
520,24,12,0,1137.7,1,30
521,24,14,0,995.1,1,26
522,24,15,0,110.05,1,4
523,24,16,0,951.7,1,25
524,24,17,0,362.7,1,10
525,24,19,0,942.4,1,25
526,24,20,0,641.7,1,17
527,24,21,0,651,1,16
528,24,22,0,643.25,1,17
PATHS,600
Index,Shipment origin,Shipment destination,1st terminal on path,2nd terminal on path,.....,6th terminal on path
0,0,1,0,1
1,0,2,0,1,2
2,0,3,0,1,3
3,0,4,0,1,4
4,0,5,0,1,5
5,0,6,0,1,6
6,0,7,0,1,7
7,0,8,0,1,8
8,0,9,0,1,9
9,0,10,0,1,10
10,0,11,0,1,11
11,0,12,0,1,12
12,0,13,0,1,13
13,0,14,0,1,14
14,0,15,0,1,15
15,0,16,0,1,16
16,0,17,0,1,17
17,0,18,0,1,18
18,0,19,0,1,19
19,0,20,0,1,20
20,0,21,0,1,21
21,0,22,0,1,22
22,0,23,0,1,23
23,0,24,0,1,24
24,1,0,1,0
25,1,2,1,2
26,1,3,1,3
27,1,4,1,4
28,1,5,1,5
29,1,6,1,6
30,1,7,1,7
31,1,8,1,8
32,1,9,1,9
33,1,10,1,10
34,1,11,1,11
35,1,12,1,12
36,1,13,1,13
37,1,14,1,14
38,1,15,1,15
39,1,16,1,16
40,1,17,1,17
41,1,18,1,18
42,1,19,1,19
43,1,20,1,20
44,1,21,1,21
45,1,22,1,22
46,1,23,1,23
47,1,24,1,24
48,2,0,2,1,0
49,2,1,2,1
50,2,3,2,1,3
51,2,4,2,1,4
52,2,5,2,1,5
53,2,6,2,1,6
54,2,8,2,1,8
55,2,7,2,1,7
56,2,9,2,1,9
57,2,10,2,1,10
58,2,11,2,1,11
59,2,12,2,1,12
60,2,13,2,1,13
61,2,14,2,1,14
62,2,15,2,1,15
63,2,16,2,1,16
64,2,17,2,1,17
65,2,18,2,1,18
66,2,19,2,1,19
67,2,20,2,1,20
68,2,21,2,1,21
69,2,22,2,1,22
70,2,23,2,1,23
71,2,24,2,1,24
72,3,0,3,1,0
73,3,1,3,1
74,3,2,3,1,2
75,3,4,3,4
76,3,5,3,1,5
77,3,6,3,1,6
78,3,7,3,1,7
79,3,8,3,8
80,3,9,3,1,9
81,3,10,3,13,10
82,3,11,3,1,11
83,3,12,3,12
84,3,13,3,13
85,3,14,3,14
86,3,15,3,13,15
87,3,16,3,16
88,3,17,3,13,17
89,3,18,3,13,18
90,3,19,3,19
91,3,20,3,1,20
92,3,21,3,21
93,3,22,3,22
94,3,23,3,21,23
95,3,24,3,13,24
96,4,0,4,1,0
97,4,1,4,1
98,4,2,4,1,2
99,4,3,4,3
100,4,5,4,1,5
101,4,6,4,1,6
102,4,7,4,1,7
103,4,8,4,1,8
104,4,9,4,1,9
105,4,10,4,1,10
106,4,11,4,1,11
107,4,12,4,3,12
108,4,13,4,1,13
109,4,14,4,3,14
110,4,15,4,1,15
111,4,16,4,3,16
112,4,17,4,1,17
113,4,18,4,1,18
114,4,19,4,3,19
115,4,20,4,1,20
116,4,21,4,1,21
117,4,22,4,1,22
118,4,23,4,1,23
119,4,24,4,1,24
120,5,0,5,1,0
121,5,1,5,1
122,5,2,5,1,2
123,5,3,5,1,3
124,5,4,5,1,4
125,5,6,5,1,6
126,5,7,5,1,7
127,5,8,5,1,8
128,5,9,5,1,9
129,5,10,5,13,10
130,5,11,5,1,11
131,5,12,5,1,12
132,5,13,5,13
133,5,14,5,1,14
134,5,15,5,13,15
135,5,16,5,1,16
136,5,17,5,13,17
137,5,18,5,13,18
138,5,19,5,13,21,19
139,5,20,5,13,20
140,5,21,5,13,21
141,5,22,5,1,22
142,5,23,5,13,23
143,5,24,5,13,24
144,6,0,6,1,0
145,6,1,6,1
146,6,2,6,1,2
147,6,3,6,1,3
148,6,4,6,1,4
149,6,5,6,1,5
150,6,7,6,1,7
151,6,8,6,1,8
152,6,9,6,1,9
153,6,10,6,1,10
154,6,11,6,1,11
155,6,12,6,1,12
156,6,13,6,1,13
157,6,14,6,1,14
158,6,15,6,1,15
159,6,16,6,1,16
160,6,17,6,1,17
161,6,18,6,1,18
162,6,19,6,1,19
163,6,20,6,1,20
164,6,21,6,1,21
165,6,22,6,1,22
166,6,23,6,1,23
167,6,24,6,1,24
168,7,0,7,1,0
169,7,1,7,1
170,7,2,7,1,2
171,7,3,7,3
172,7,4,7,4
173,7,5,7,1,5
174,7,6,7,3,6
175,7,8,7,3,8
176,7,9,7,1,9
177,7,10,7,1,9
178,7,11,7,3,11
179,7,12,7,4,12
180,7,13,7,4,13
181,7,14,7,4,14
182,7,15,7,4,15
183,7,16,7,4,16
184,7,17,7,1,17
185,7,18,7,1,18
186,7,19,7,1,19
187,7,20,7,1,20
188,7,21,7,1,21
189,7,22,7,1,22
190,7,23,7,1,23
191,7,24,7,1,24
192,8,0,8,1,0
193,8,1,8,1
194,8,2,8,1,2
195,8,3,8,3
196,8,4,8,1,4
197,8,5,8,1,5
198,8,6,8,1,6
199,8,7,8,1,7
200,8,9,8,1,9
201,8,10,8,21,23,10
202,8,11,8,1,11
203,8,12,8,3,12
204,8,13,8,21,13
205,8,14,8,21,14
206,8,15,8,21,13,15
207,8,16,8,3,16
208,8,17,8,21,17
209,8,18,8,21,18
210,8,19,8,21,19
211,8,20,8,1,20
212,8,21,8,21
213,8,22,8,1,22
214,8,23,8,21,23
215,8,24,8,21,13,24
216,9,0,9,1,0
217,9,1,9,1
218,9,2,9,1,2
219,9,3,9,1,3
220,9,4,9,1,4
221,9,5,9,1,5
222,9,6,9,1,6
223,9,7,9,1,7
224,9,8,9,1,8
225,9,10,9,1,10
226,9,11,9,1,11
227,9,12,9,1,12
228,9,13,9,1,13
229,9,14,9,1,14
230,9,15,9,1,15
231,9,16,9,1,16
232,9,17,9,1,17
233,9,18,9,1,18
234,9,19,9,1,19
235,9,20,9,1,20
236,9,21,9,1,21
237,9,22,9,1,22
238,9,23,9,1,23
239,9,24,9,1,24
240,10,0,10,1,0
241,10,1,10,1
242,10,2,10,1,2
243,10,3,10,1,3
244,10,4,10,1,4
245,10,5,10,23,13,5
246,10,6,10,23,13,6
247,10,7,10,1,7
248,10,8,10,23,21,8
249,10,9,10,1,9
250,10,11,10,1,11
251,10,12,10,1,12
252,10,13,10,23,13
253,10,14,10,23,21,14
254,10,15,10,23,15
255,10,16,10,1,16
256,10,17,10,23,17
257,10,18,10,23,18
258,10,19,10,23,21,19
259,10,20,10,23,13,20
260,10,21,10,23,21
261,10,22,10,23,22
262,10,23,10,23
263,10,24,10,23,24
264,11,0,11,1,0
265,11,1,11,1
266,11,2,11,1,2
267,11,3,11,1,3
268,11,4,11,1,4
269,11,5,11,1,5
270,11,6,11,1,6
271,11,7,11,1,7
272,11,8,11,1,8
273,11,9,11,1,9
274,11,10,11,13,10
275,11,12,11,1,12
276,11,13,11,13
277,11,14,11,1,14
278,11,15,11,13,15
279,11,16,11,1,16
280,11,17,11,13,17
281,11,18,11,13,18
282,11,19,11,1,19
283,11,20,11,1,20
284,11,21,11,1,21
285,11,22,11,1,22
286,11,23,11,13,23
287,11,24,11,13,24
288,12,0,12,1,0
289,12,1,12,1
290,12,2,12,1,2
291,12,3,12,3
292,12,4,12,3,4
293,12,5,12,1,5
294,12,6,12,1,6
295,12,7,12,1,7
296,12,8,12,3,8
297,12,9,12,1,9
298,12,10,12,1,10
299,12,11,12,1,11
300,12,13,12,3,13
301,12,14,12,3,14
302,12,15,12,1,15
303,12,16,12,3,16
304,12,17,12,1,17
305,12,18,12,1,18
306,12,19,12,3,19
307,12,20,12,1,20
308,12,21,12,3,21
309,12,22,12,3,22
310,12,23,12,1,23
311,12,24,12,1,24
312,13,0,13,1,0
313,13,1,13,1
314,13,2,13,1,2
315,13,3,13,3
316,13,4,13,4
317,13,5,13,5
318,13,6,13,6
319,13,7,13,1,7
320,13,8,13,21,8
321,13,9,13,1,9
322,13,10,13,10
323,13,11,13,11
324,13,12,13,3,12
325,13,14,13,21,14
326,13,15,13,15
327,13,16,13,1,16
328,13,17,13,17
329,13,18,13,18
330,13,19,13,21,19
331,13,20,13,20
332,13,21,13,21
333,13,22,13,22
334,13,23,13,23
335,13,24,13,24
336,14,0,14,1,0
337,14,1,14,1
338,14,2,14,1,2
339,14,3,14,3
340,14,4,14,3,4
341,14,5,14,1,5
342,14,6,14,1,6
343,14,7,14,1,7
344,14,8,14,3,8
345,14,9,14,1,9
346,14,10,14,21,23,10
347,14,11,14,1,11
348,14,12,14,3,12
349,14,13,14,21,13
350,14,15,14,21,13,15
351,14,16,14,3,16
352,14,17,14,21,17
353,14,18,14,21,18
354,14,19,14,1,19
355,14,20,14,1,20
356,14,21,14,21
357,14,22,14,1,22
358,14,23,14,21,23
359,14,24,14,21,13,24
360,15,0,15,1,0
361,15,1,15,1
362,15,2,15,1,2
363,15,3,15,13,3
364,15,4,15,1,4
365,15,5,15,13,5
366,15,6,15,13,6
367,15,7,15,1,7
368,15,8,15,21,8
369,15,9,15,1,9
370,15,10,15,10
371,15,11,15,1,11
372,15,12,15,1,12
373,15,13,15,13
374,15,14,15,21,14
375,15,16,15,1,16
376,15,17,15,17
377,15,18,15,18
378,15,19,15,21,19
379,15,20,15,13,20
380,15,21,15,21
381,15,22,15,13,22
382,15,23,15,23
383,15,24,15,24
384,16,0,16,1,0
385,16,1,16,1
386,16,2,16,1,2
387,16,3,16,3
388,16,4,16,3,4
389,16,5,16,1,5
390,16,6,16,1,6
391,16,7,16,1,7
392,16,8,16,3,8
393,16,9,16,1,9
394,16,10,16,13,10
395,16,11,16,1,11
396,16,12,16,3,12
397,16,13,16,13
398,16,14,16,3,14
399,16,15,16,13,15
400,16,17,16,13,17
401,16,18,16,13,18
402,16,19,16,3,19
403,16,20,16,1,20
404,16,21,16,21
405,16,22,16,3,22
406,16,23,16,13,23
407,16,24,16,13,24
408,17,0,17,1,0
409,17,1,17,1
410,17,2,17,1,2
411,17,3,17,13,3
412,17,4,17,1,4
413,17,5,17,13,5
414,17,6,17,13,6
415,17,7,17,1,7
416,17,8,17,21,8
417,17,9,17,1,9
418,17,10,17,13,10
419,17,11,17,1,11
420,17,12,17,1,12
421,17,13,17,13
422,17,14,17,21,14
423,17,15,17,13,15
424,17,16,17,1,16
425,17,18,17,18
426,17,19,17,21,19
427,17,20,17,13,20
428,17,21,17,21
429,17,22,17,13,22
430,17,23,17,13,23
431,17,24,17,13,24
432,18,0,18,1,0
433,18,1,18,1
434,18,2,18,1,2
435,18,3,18,13,3
436,18,4,18,1,4
437,18,5,18,13,5
438,18,6,18,13,6
439,18,7,18,1,7
440,18,8,18,21,8
441,18,9,18,13,1,9
442,18,10,18,10
443,18,11,18,1,11
444,18,12,18,1,12
445,18,13,18,13
446,18,14,18,21,14
447,18,15,18,15
448,18,16,18,1,16
449,18,17,18,17
450,18,19,18,21,19
451,18,20,18,13,20
452,18,21,18,21
453,18,22,18,13,22
454,18,23,18,23
455,18,24,18,24
456,19,0,19,1,0
457,19,1,19,1
458,19,2,19,1,2
459,19,3,19,3
460,19,4,19,3,4
461,19,5,19,1,5
462,19,6,19,1,6
463,19,7,19,1,7
464,19,8,19,21,8
465,19,9,19,1,9
466,19,10,19,1,10
467,19,11,19,1,11
468,19,12,19,3,12
469,19,13,19,21,13
470,19,14,19,1,14
471,19,15,19,21,13,15
472,19,16,19,3,16
473,19,17,19,21,17
474,19,18,19,21,18
475,19,20,19,1,20
476,19,21,19,21
477,19,22,19,1,22
478,19,23,19,21,23
479,19,24,19,21,13,24
480,20,0,20,1,0
481,20,1,20,1
482,20,2,20,1,2
483,20,3,20,1,3
484,20,4,20,1,4
485,20,5,20,1,5
486,20,6,20,1,6
487,20,7,20,1,7
488,20,8,20,1,8
489,20,9,20,1,9
490,20,10,20,13,10
491,20,11,20,1,11
492,20,12,20,1,12
493,20,13,20,13
494,20,14,20,1,14
495,20,15,20,13,15
496,20,16,20,1,16
497,20,17,20,13,17
498,20,18,20,13,18
499,20,19,20,1,19
500,20,21,20,1,21
501,20,22,20,13,22
502,20,23,20,13,23
503,20,24,20,13,24
504,21,0,21,1,0
505,21,1,21,1
506,21,2,21,1,2
507,21,3,21,3
508,21,4,21,1,4
509,21,5,21,13,5
510,21,6,21,13,6
511,21,7,21,1,7
512,21,8,21,8
513,21,9,21,1,9
514,21,10,21,23,10
515,21,11,21,1,11
516,21,12,21,3,12
517,21,13,21,13
518,21,14,21,14
519,21,15,21,13,15
520,21,16,21,3,16
521,21,17,21,17
522,21,18,21,18
523,21,19,21,19
524,21,20,21,1,20
525,21,22,21,1,22
526,21,23,21,23
527,21,24,21,13,24
528,22,0,22,1,0
529,22,1,22,1
530,22,2,22,1,2
531,22,3,22,3
532,22,4,22,1,4
533,22,5,22,13,5
534,22,6,22,1,6
535,22,7,22,1,7
536,22,8,22,1,8
537,22,9,22,1,9
538,22,10,22,13,10
539,22,11,22,1,11
540,22,12,22,3,12
541,22,13,22,13
542,22,14,22,1,14
543,22,15,22,13,15
544,22,16,22,1,16
545,22,17,22,13,17
546,22,18,22,13,18
547,22,19,22,1,19
548,22,20,22,13,20
549,22,21,22,1,21
550,22,23,22,13,23
551,22,24,22,13,24
552,23,0,23,1,0
553,23,1,23,1
554,23,2,23,1,2
555,23,3,23,1,3
556,23,4,23,1,4
557,23,5,23,13,5
558,23,6,23,13,6
559,23,7,23,1,7
560,23,8,23,21,8
561,23,9,23,1,9
562,23,10,23,10
563,23,11,23,1,11
564,23,12,23,1,12
565,23,13,23,13
566,23,14,23,21,14
567,23,15,23,15
568,23,16,23,1,16
569,23,17,23,17
570,23,18,23,18
571,23,19,23,21,19
572,23,20,23,13,20
573,23,21,23,21
574,23,22,23,22
575,23,24,23,24
576,24,0,24,1,0
577,24,1,24,1
578,24,2,24,1,2
579,24,3,24,13,3
580,24,4,24,1,4
581,24,5,24,13,5
582,24,6,24,13,6
583,24,7,24,1,7
584,24,8,24,18,21,8
585,24,9,24,13,1,9
586,24,10,24,23,10
587,24,11,24,13,11
588,24,12,24,1,12
589,24,13,24,13
590,24,14,24,18,21,14
591,24,15,24,15
592,24,16,24,1,16
593,24,17,24,13,17
594,24,18,24,18
595,24,19,24,18,21,19
596,24,20,24,13,20
597,24,21,24,18,21
598,24,22,24,13,22
599,24,23,24,23
COMMODITIES,450
Index,Origin,Destination,Demand/Size,Earliest available time,Latest delivery time
0,2,1,0.617282,42,109
1,0,24,0.503054,86,175
2,12,18,0.144128,182,270
3,22,11,0.439366,134,210
4,0,14,0.307369,134,215
5,17,13,0.709382,138,204
6,10,8,0.292998,40,124
7,3,6,0.218272,186,263
8,8,5,0.0380225,90,174
9,11,21,0.314594,186,265
10,13,1,0.0429092,134,207
11,16,3,0.994628,42,107
12,18,16,0.525203,88,173
13,14,10,0.19509,138,225
14,16,10,0.0303323,138,227
15,24,22,0.595606,86,164
16,14,15,0.773793,40,132
17,22,12,0.448743,134,211
18,19,16,0.120272,138,214
19,18,0,0.217292,38,120
20,15,12,0.917911,90,184
21,15,5,0.465221,186,272
22,21,17,0.363025,138,206
23,15,8,0.989502,184,269
24,2,13,0.111127,136,217
25,10,2,0.0219404,40,130
26,10,8,0.312859,88,172
27,1,23,0.561237,40,118
28,10,11,0.0432917,40,131
29,19,2,0.0214018,186,266
30,1,5,0.356378,138,213
31,17,10,0.514654,184,262
32,16,14,0.0727008,182,258
33,11,22,0.78625,38,114
34,22,24,0.44653,88,166
35,13,6,0.852786,184,256
36,13,3,0.641107,184,266
37,10,11,0.0454632,136,227
38,19,20,0.343989,88,171
39,21,12,0.014302,90,168
40,16,14,0.0471242,90,166
41,1,12,0.514458,136,206
42,8,9,0.254129,134,215
43,21,24,0.283185,86,165
44,14,4,0.256285,134,213
45,12,3,0.256816,38,103
46,10,8,0.311727,42,126
47,20,14,0.364081,186,272
48,13,21,0.347505,136,204
49,4,24,0.328267,138,228
50,19,5,0.509542,38,126
51,24,15,0.286531,90,154
52,15,10,0.236926,40,107
53,19,5,0.514817,90,178
54,4,6,0.0754238,86,161
55,24,22,0.778011,42,120
56,19,8,0.433933,184,257
57,3,11,0.530641,138,214
58,5,15,0.478158,136,220
59,5,3,0.625828,38,121
60,1,6,0.347753,88,157
61,12,22,0.233011,138,216
62,16,9,0.258774,86,166
63,4,6,0.0675945,38,113
64,1,6,0.491158,184,253
65,20,8,0.241002,40,119
66,0,11,0.970963,182,255
67,19,2,0.0221101,40,120
68,18,14,0.347694,184,265
69,24,2,0.345326,184,275
70,16,1,0.649379,184,252
71,23,5,0.901755,134,213
72,3,22,0.0195767,40,113
73,2,17,0.115283,138,221
74,13,21,0.383934,42,110
75,21,22,0.0201804,42,121
76,14,11,0.728202,38,122
77,0,17,0.2494,182,263
78,1,24,0.350373,90,174
79,24,23,0.323929,182,251
80,10,21,0.0478839,134,213
81,18,12,0.411061,86,173
82,11,12,0.467789,136,214
83,14,5,0.349378,40,131
84,0,23,0.987841,136,219
85,13,22,0.910085,186,253
86,1,6,0.941201,138,207
87,11,18,0.0728235,184,267
88,22,14,0.246008,86,170
89,18,17,0.599186,86,151
90,23,24,0.37973,90,159
91,14,15,0.989554,38,130
92,5,18,0.579325,38,115
93,21,3,0.230075,136,209
94,24,0,0.0454247,38,127
95,1,12,0.719699,134,204
96,3,17,0.127515,134,220
97,21,24,0.272088,138,217
98,13,24,0.20423,90,161
99,23,2,0.0969467,40,124
100,1,9,0.792716,86,158
101,22,14,0.232765,38,122
102,11,8,0.395539,40,117
103,3,24,0.0534477,136,227
104,19,3,0.90539,88,159
105,19,1,0.806814,86,159
106,21,8,0.526632,182,247
107,6,18,0.0343703,90,177
108,24,15,0.372326,88,152
109,4,3,0.77273,184,252
110,19,8,0.464665,38,111
111,15,12,0.860463,40,134
112,12,20,0.662012,86,166
113,15,12,0.862074,38,132
114,11,13,0.0835925,38,114
115,2,21,0.00473401,40,118
116,23,21,0.628359,40,113
117,4,10,0.0501338,136,228
118,2,3,0.317323,184,259
119,19,9,0.205274,38,123
120,3,14,0.637595,90,161
121,19,3,0.396875,90,161
122,16,14,0.92757,136,212
123,1,15,0.681834,40,124
124,4,3,0.018008,88,156
125,19,4,0.069138,90,169
126,22,20,0.526539,182,255
127,2,20,0.0201434,86,163
128,20,22,0.249855,136,209
129,16,20,0.195845,42,120
130,4,15,0.238383,186,276
131,8,1,0.0755401,138,207
132,23,19,0.644826,186,267
133,14,17,0.0905166,186,264
134,17,0,0.00942538,88,167
135,14,13,0.924593,138,216
136,23,10,0.243712,186,252
137,16,23,0.0819674,88,174
138,19,18,0.199965,138,219
139,3,1,0.847667,136,204
140,13,0,0.589291,138,216
141,17,14,0.00816978,182,260
142,5,3,0.61381,186,269
143,19,1,0.552789,184,257
144,15,17,0.475944,88,160
145,12,17,0.00667895,88,174
146,21,9,0.222195,134,217
147,18,20,0.0536612,186,259
148,0,17,0.222162,88,169
149,4,10,0.0549538,86,178
150,12,1,0.256031,134,204
151,22,20,0.542828,136,209
152,14,21,0.881762,42,112
153,10,14,0.121697,90,179
154,21,3,0.286154,182,255
155,3,22,0.0146499,88,161
156,20,1,0.775708,136,206
157,11,23,0.218846,88,173
158,3,12,0.800212,86,151
159,0,24,0.508368,40,129
160,1,24,0.392405,136,220
161,14,17,0.0917011,88,166
162,15,17,0.720759,90,162
163,20,23,0.0916885,42,117
164,10,4,0.0155011,186,275
165,1,14,0.652083,40,116
166,16,9,0.269334,182,262
167,4,23,0.0392372,86,170
168,23,13,0.202783,88,157
169,0,3,0.30791,86,159
170,0,14,0.297234,86,167
171,11,23,0.801555,136,221
172,3,20,0.0612494,38,116
173,18,10,0.718526,88,158
174,2,3,0.320562,38,113
175,18,5,0.0759593,182,259
176,3,13,0.247283,86,166
177,16,11,0.766174,184,260
178,24,5,0.0367037,38,119
179,11,17,0.367744,182,264
180,15,18,0.325132,88,158
181,3,14,0.185553,138,209
182,2,21,0.00530394,136,214
183,9,1,0.820697,86,158
184,1,13,0.171673,182,256
185,21,20,0.00719312,186,267
186,5,12,0.0145506,86,171
187,1,2,0.810026,38,105
188,16,15,0.624021,86,177
189,18,20,0.00484756,136,209
190,22,13,0.827518,136,203
191,8,2,0.0341012,138,214
192,15,23,0.178531,88,159
193,23,14,0.416922,184,267
194,12,13,0.188416,184,269
195,22,19,0.131776,90,171
196,22,13,0.812006,186,253
197,23,17,0.140049,184,249
198,0,18,0.928994,86,169
199,19,18,0.188622,134,215
200,19,11,0.659785,40,121
201,23,8,0.915534,86,164
202,15,2,0.0133599,136,227
203,11,0,0.96268,134,207
204,18,22,0.0539424,86,160
205,0,15,0.425829,90,179
206,4,11,0.232712,42,116
207,21,13,0.85125,134,202
208,8,4,0.00909995,186,261
209,3,14,0.00800619,136,207
210,14,16,0.100755,184,260
211,4,13,0.363591,88,168
212,11,12,0.621162,38,116
213,9,1,0.672879,138,210
214,16,13,0.87589,90,167
215,16,20,0.202001,38,116
216,14,18,0.856906,90,173
217,3,22,0.437707,186,259
218,12,6,0.150985,184,263
219,17,14,0.00758702,184,262
220,18,4,0.841077,38,121
221,0,17,0.253226,138,219
222,19,2,0.0218597,134,214
223,22,1,0.96431,38,106
224,0,4,0.0369216,40,111
225,19,16,0.107827,186,262
226,8,13,0.322733,90,163
227,5,17,0.376045,42,118
228,3,21,0.943765,134,208
229,16,9,0.232417,90,170
230,4,6,0.0686478,138,213
231,17,13,0.957812,86,152
232,8,18,0.174862,186,264
233,20,22,0.225201,90,163
234,12,16,0.652275,182,252
235,20,23,0.102616,86,161
236,15,1,0.155245,42,126
237,5,15,0.468444,40,124
238,24,23,0.797921,86,155
239,16,10,0.0316072,134,223
240,5,20,0.304522,134,210
241,19,16,0.104901,42,118
242,4,1,0.311844,186,252
243,10,2,0.0198232,86,176
244,14,12,0.17348,186,262
245,15,16,0.397321,136,228
246,23,22,0.215947,182,253
247,17,16,0.0770727,138,220
248,19,23,0.751064,138,217
249,1,20,0.590083,186,256
250,2,12,0.0479466,38,115
251,10,11,0.0427762,186,277
252,10,17,0.181779,186,257
253,1,6,0.209479,186,255
254,14,23,0.42379,184,265
255,17,20,0.277633,88,160
256,17,14,0.00678511,42,120
257,11,1,0.947339,38,106
258,17,24,0.691657,138,215
259,4,1,0.592911,184,250
260,12,16,0.643297,86,156
261,5,18,0.544831,134,211
262,17,22,0.140433,88,161
263,20,18,0.291158,136,209
264,11,22,0.801999,136,212
265,15,5,0.472577,90,176
266,0,17,0.252808,40,121
267,18,20,0.290949,182,255
268,18,24,0.262849,138,205
269,6,16,0.39522,136,213
270,14,18,0.548783,88,171
271,2,17,0.105351,38,121
272,3,13,0.419994,136,216
273,23,19,0.39635,38,119
274,5,15,0.442507,182,266
275,3,14,0.105346,40,111
276,24,14,0.15368,88,176
277,4,0,0.130199,186,257
278,16,5,0.174366,134,217
279,10,22,0.0668823,42,119
280,3,11,0.643853,186,262
281,0,14,0.303374,186,267
282,11,23,0.97643,138,223
283,0,23,0.989061,186,269
284,19,24,0.438407,42,129
285,24,2,0.390511,136,227
286,1,22,0.423827,42,110
287,0,22,0.263258,86,159
288,17,13,0.702477,90,156
289,14,12,0.175325,40,116
290,23,20,0.744355,184,259
291,22,12,0.518459,88,165
292,12,11,0.204477,138,216
293,11,18,0.307877,134,217
294,1,6,0.608728,182,251
295,15,23,0.0164233,138,209
296,21,9,0.222128,136,219
297,1,9,0.446004,138,210
298,8,12,0.25041,38,112
299,18,2,0.448839,38,122
300,16,12,0.175329,40,110
301,21,17,0.353872,136,204
302,1,9,0.040082,184,256
303,22,13,0.752593,42,109
304,19,23,0.851207,182,261
305,3,22,0.516954,182,255
306,4,18,0.389297,186,270
307,10,21,0.0463443,40,119
308,4,13,0.335331,86,166
309,22,1,0.47084,86,154
310,0,1,0.869479,184,249
311,21,20,0.00755903,184,265
312,4,14,0.462198,90,169
313,12,15,0.43579,184,278
314,0,4,0.0348533,138,209
315,24,17,0.772068,184,261
316,18,19,0.949101,90,169
317,19,12,0.0360336,138,214
318,22,17,0.32216,136,209
319,12,22,0.219611,86,164
320,21,18,0.229858,134,207
321,8,17,0.334166,40,113
322,18,17,0.883416,40,105
323,11,8,0.391727,38,115
324,0,2,0.108531,138,210
325,24,17,0.782341,38,115
326,5,17,0.379729,90,166
327,10,11,0.0486456,38,129
328,13,3,0.689221,88,170
329,18,17,0.87085,138,203
330,2,0,0.0494507,136,208
331,14,12,0.16876,38,114
332,16,3,0.225966,184,249
333,13,17,0.996242,182,248
334,14,9,0.582578,86,174
335,0,9,0.128761,86,163
336,16,20,0.219243,86,164
337,18,6,0.887707,186,265
338,8,4,0.00932991,136,211
339,14,5,0.364905,90,181
340,20,19,0.454404,138,221
341,19,24,0.474573,88,175
342,3,10,0.0955436,136,228
343,15,22,0.7164,88,171
344,24,14,0.16943,186,274
345,20,2,0.216382,186,263
346,18,0,0.21721,182,264
347,6,1,0.0210253,134,203
348,2,12,0.0480239,134,211
349,2,17,0.107774,90,173
350,20,8,0.249026,38,117
351,13,21,0.35086,90,158
352,4,10,0.0489926,42,134
353,5,15,0.465754,42,126
354,8,16,0.0114054,184,258
355,20,2,0.216688,136,213
356,0,12,0.258604,138,213
357,19,3,0.12019,86,157
358,2,3,0.377961,88,163
359,1,12,0.740294,42,112
360,0,16,0.69384,136,209
361,2,8,0.481691,86,162
362,10,9,0.333314,186,281
363,21,13,0.779044,88,156
364,17,11,0.119951,90,172
365,2,22,0.215694,88,163
366,12,16,0.726147,42,112
367,20,3,0.349443,184,262
368,13,21,0.290425,184,252
369,11,21,0.33558,86,165
370,10,12,0.0754263,40,133
371,18,20,0.281907,38,111
372,0,16,0.723198,182,255
373,8,23,0.252022,40,116
374,14,18,0.934899,184,267
375,8,2,0.0357173,186,262
376,8,2,0.0361218,184,260
377,22,19,0.13091,136,217
378,21,0,0.0995416,40,116
379,24,2,0.367992,186,277
380,6,3,0.262032,40,117
381,4,15,0.243958,86,176
382,18,2,0.466233,182,266
383,11,17,0.3334,186,268
384,19,8,0.450388,182,255
385,1,4,0.13447,186,252
386,1,16,0.510446,42,110
387,4,23,0.0808665,134,218
388,21,3,0.144681,42,115
389,8,2,0.0301301,86,162
390,22,14,0.26033,88,172
391,2,17,0.127887,184,267
392,3,23,0.520907,182,267
393,17,1,0.639438,182,256
394,18,14,0.194334,42,123
395,4,11,0.265724,136,210
396,15,8,0.0810774,40,125
397,3,15,0.391767,42,136
398,19,2,0.0222734,86,166
399,20,23,0.096284,134,209
400,4,10,0.0537242,138,230
401,2,21,0.00471688,86,164
402,22,18,0.864981,38,112
403,19,18,0.913312,42,123
404,5,8,0.0459349,184,268
405,5,8,0.0445941,186,270
406,24,2,0.362862,38,129
407,0,15,0.442335,184,273
408,4,15,0.246399,184,274
409,2,20,0.936325,134,211
410,13,10,0.508097,186,258
411,8,15,0.041201,38,125
412,19,16,0.107554,88,164
413,10,4,0.0148895,90,179
414,8,19,0.0868453,136,209
415,19,22,0.400383,42,123
416,14,1,0.460669,90,166
417,22,10,0.069203,86,165
418,13,2,0.311644,134,214
419,18,19,0.749723,186,265
420,18,12,0.405394,134,221
421,22,20,0.481787,38,111
422,23,9,0.695337,42,131
423,21,15,0.0824476,184,266
424,12,17,0.00596045,138,224
425,2,21,0.0050266,186,264
426,16,9,0.23903,138,218
427,12,16,0.706359,136,206
428,19,1,0.26994,38,111
429,15,17,0.3527,138,210
430,4,10,0.0584632,88,180
431,16,14,0.10197,186,262
432,24,18,0.766702,86,153
433,14,24,0.0365231,88,177
434,3,11,0.332396,42,118
435,18,14,0.338717,136,217
436,1,4,0.238105,138,204
437,17,14,0.00735427,40,118
438,12,11,0.202356,40,118
439,1,5,0.771538,186,261
440,4,0,0.140633,136,207
441,19,18,0.245842,182,263
442,0,10,0.505897,38,129
443,22,24,0.416336,182,260
444,4,13,0.337473,42,122
445,4,16,0.502323,134,207
446,15,22,0.606145,90,173
447,8,23,0.29658,86,162
448,22,16,0.132767,90,166
449,11,1,0.631131,40,108
