NODES,25
INDEX,Name,X-coordinate,Y-coordinate
0,0,-,-
1,1,-,-
2,2,-,-
3,3,-,-
4,4,-,-
5,5,-,-
6,6,-,-
7,7,-,-
8,8,-,-
9,9,-,-
10,10,-,-
11,11,-,-
12,12,-,-
13,13,-,-
14,14,-,-
15,15,-,-
16,16,-,-
17,17,-,-
18,18,-,-
19,19,-,-
20,20,-,-
21,21,-,-
22,22,-,-
23,23,-,-
24,24,-,-
ARCS,529
Index,Origin,Destination,Variable Cost,Fixed Cost,Capacity,Travel time
0,0,1,0,117.8,1,5
1,1,0,0,117.8,1,5
2,1,2,0,234.05,1,7
3,1,3,0,260.4,1,8
4,1,4,0,175.15,1,6
5,1,5,0,486.7,1,15
6,1,6,0,323.95,1,9
7,1,8,0,323.95,1,9
8,1,9,0,447.95,1,12
9,1,10,0,883.5,1,26
10,1,11,0,255.75,1,8
11,1,12,0,387.5,1,10
12,1,13,0,489.8,1,14
13,1,14,0,525.45,1,16
14,1,15,0,1002.85,1,24
15,1,16,0,252.65,1,8
16,1,17,0,545.6,1,16
17,1,18,0,680.45,1,18
18,1,19,0,503.75,1,13
19,1,20,0,358.05,1,10
20,1,21,0,409.2,1,11
21,1,22,0,266.6,1,8
22,1,23,0,699.05,1,18
23,1,24,0,903.65,1,24
24,2,1,0,234.05,1,7
25,3,1,0,260.4,1,8
26,3,4,0,230.95,1,8
27,3,8,0,311.55,1,9
28,3,12,0,144.15,1,5
29,3,13,0,661.85,1,20
30,3,14,0,418.5,1,11
31,3,16,0,151.9,1,5
32,3,19,0,396.8,1,11
33,3,21,0,469.65,1,14
34,3,22,0,429.35,1,13
35,4,1,0,175.15,1,6
36,4,3,0,230.95,1,8
37,5,1,0,486.7,1,15
38,5,13,0,367.35,1,10
39,6,1,0,323.95,1,9
40,6,13,0,430.9,1,11
41,7,1,0,103.85,1,4
42,8,1,0,323.95,1,9
43,8,3,0,311.55,1,9
44,8,13,0,415.4,1,11
45,8,16,0,161.2,1,6
46,8,21,0,158.1,1,5
47,9,1,0,447.95,1,12
48,10,1,0,891.25,1,23
49,10,23,0,192.2,1,6
50,11,1,0,255.75,1,8
51,11,13,0,592.1,1,16
52,12,1,0,387.5,1,10
53,12,3,0,144.15,1,5
54,13,1,0,489.8,1,13
55,13,3,0,669.6,1,22
56,13,5,0,367.35,1,10
57,13,6,0,430.9,1,12
58,13,10,0,483.6,1,12
59,13,11,0,596.75,1,17
60,13,15,0,553.35,1,14
61,13,17,0,176.7,1,6
62,13,18,0,248,1,7
63,13,19,0,573.5,1,16
64,13,20,0,198.4,1,6
65,13,21,0,275.9,1,8
66,13,22,0,232.5,1,7
67,13,23,0,323.95,1,9
68,13,24,0,449.5,1,11
69,14,1,0,525.45,1,16
70,14,3,0,418.5,1,11
71,14,19,0,111.6,1,4
72,14,21,0,384.4,1,10
73,15,1,0,1002.85,1,24
74,15,13,0,553.35,1,16
75,15,18,0,350.3,1,10
76,15,21,0,747.1,1,20
77,15,23,0,412.3,1,11
78,16,1,0,252.65,1,8
79,16,3,0,151.9,1,5
80,16,8,0,161.2,1,6
81,16,13,0,581.25,1,17
82,16,21,0,305.35,1,9
83,17,1,0,544.05,1,14
84,17,13,0,176.7,1,6
85,17,18,0,127.1,1,5
86,17,21,0,292.95,1,8
87,18,1,0,666.5,1,17
88,18,10,0,308.45,1,10
89,18,13,0,248,1,7
90,18,15,0,350.3,1,10
91,18,17,0,127.1,1,5
92,18,19,0,719.2,1,19
93,18,21,0,421.6,1,11
94,18,22,0,421.6,1,13
95,18,23,0,116.25,1,4
96,18,24,0,237.15,1,7
97,19,1,0,503.75,1,13
98,19,3,0,396.8,1,11
99,19,8,0,240.25,1,7
100,19,14,0,111.6,1,4
101,19,21,0,297.6,1,8
102,20,1,0,358.05,1,10
103,20,13,0,198.4,1,6
104,20,23,0,522.35,1,15
105,21,1,0,409.2,1,11
106,21,3,0,458.8,1,13
107,21,8,0,158.1,1,5
108,21,13,0,275.9,1,8
109,21,14,0,384.4,1,10
110,21,15,0,829.25,1,22
111,21,17,0,292.95,1,8
112,21,18,0,420.05,1,13
113,21,19,0,297.6,1,8
114,21,23,0,440.2,1,11
115,22,1,0,266.6,1,8
116,22,3,0,429.35,1,12
117,22,13,0,232.5,1,7
118,23,1,0,699.05,1,17
119,23,10,0,192.2,1,6
120,23,13,0,323.95,1,9
121,23,15,0,412.3,1,11
122,23,17,0,153.45,1,5
123,23,18,0,116.25,1,4
124,23,21,0,446.4,1,13
125,23,24,0,305.35,1,9
126,24,1,0,903.65,1,24
127,24,13,0,449.5,1,11
128,24,18,0,237.15,1,7
129,24,23,0,305.35,1,9
130,0,2,0,161.2,1,6
131,0,3,0,353.4,1,10
132,0,4,0,285.2,1,9
133,0,5,0,474.3,1,13
134,0,6,0,246.45,1,8
135,0,8,0,427.8,1,12
136,0,9,0,379.75,1,11
137,0,10,0,931.55,1,25
138,0,11,0,158.1,1,5
139,0,12,0,401.45,1,11
140,0,14,0,632.4,1,17
141,0,15,0,1063.3,1,28
142,0,16,0,367.35,1,11
143,0,17,0,596.75,1,16
144,0,18,0,717.65,1,19
145,0,19,0,615.35,1,17
146,0,20,0,361.15,1,10
147,0,21,0,444.85,1,13
148,0,22,0,297.6,1,9
149,0,23,0,739.35,1,20
150,0,24,0,957.9,1,25
151,1,7,0,103.85,1,4
152,2,0,0,161.2,1,6
153,2,3,0,480.5,1,13
154,2,4,0,409.2,1,12
155,2,5,0,257.3,1,8
156,2,6,0,110.05,1,4
157,2,8,0,412.3,1,12
158,2,9,0,229.4,1,7
159,2,10,0,872.65,1,23
160,2,11,0,182.9,1,6
161,2,12,0,582.8,1,16
162,2,13,0,390.6,1,11
163,2,14,0,790.5,1,21
164,2,15,0,940.85,1,25
165,2,16,0,475.85,1,13
166,2,17,0,568.85,1,16
167,2,18,0,638.6,1,17
168,2,19,0,643.25,1,17
169,2,20,0,207.7,1,7
170,2,21,0,424.7,1,12
171,2,22,0,308.45,1,9
172,2,23,0,716.1,1,19
173,2,24,0,847.85,1,23
174,3,0,0,353.4,1,10
175,3,2,0,480.5,1,13
176,3,6,0,554.9,1,15
177,3,9,0,685.1,1,18
178,3,10,0,995.1,1,26
179,3,11,0,477.4,1,13
180,3,15,0,1224.5,1,32
181,3,17,0,764.15,1,20
182,3,18,0,833.9,1,22
183,3,20,0,620,1,17
184,3,23,0,888.15,1,23
185,3,24,0,1108.25,1,29
186,4,0,0,285.2,1,9
187,4,2,0,409.2,1,12
188,4,6,0,494.45,1,14
189,4,7,0,75.95,1,3
190,4,8,0,142.6,1,5
191,4,9,0,624.65,1,17
192,4,10,0,838.55,1,22
193,4,11,0,406.1,1,12
194,4,12,0,331.7,1,9
195,4,13,0,427.8,1,12
196,4,14,0,410.75,1,12
197,4,15,0,970.3,1,26
198,4,16,0,147.25,1,5
199,4,17,0,503.75,1,14
200,4,18,0,624.65,1,17
201,4,19,0,390.6,1,11
202,4,20,0,413.85,1,12
203,4,21,0,263.5,1,8
204,4,22,0,204.6,1,7
205,4,23,0,646.35,1,18
206,4,24,0,861.8,1,23
207,5,0,0,474.3,1,13
208,5,2,0,257.3,1,8
209,5,6,0,161.2,1,5
210,5,9,0,198.4,1,6
211,5,11,0,320.85,1,9
212,5,18,0,660.3,1,16
213,5,20,0,178.25,1,6
214,5,23,0,720.75,1,19
215,6,0,0,246.45,1,8
216,6,2,0,110.05,1,4
217,6,3,0,554.9,1,15
218,6,4,0,494.45,1,14
219,6,5,0,161.2,1,5
220,6,8,0,637.05,1,17
221,6,9,0,141.05,1,5
222,6,10,0,939.3,1,25
223,6,11,0,165.85,1,5
224,6,12,0,623.1,1,17
225,6,14,0,840.1,1,22
226,6,15,0,982.7,1,26
227,6,16,0,576.6,1,16
228,6,17,0,615.35,1,17
229,6,18,0,685.1,1,18
230,6,19,0,824.6,1,22
231,6,20,0,243.35,1,7
232,6,21,0,593.65,1,16
233,6,22,0,446.4,1,13
234,6,23,0,761.05,1,20
235,6,24,0,877.3,1,23
236,7,3,0,246.45,1,8
237,7,4,0,75.95,1,3
238,8,0,0,427.8,1,12
239,8,2,0,412.3,1,12
240,8,4,0,142.6,1,5
241,8,6,0,637.05,1,17
242,8,9,0,767.25,1,21
243,8,10,0,714.55,1,19
244,8,11,0,545.6,1,15
245,8,12,0,460.35,1,13
246,8,14,0,328.6,1,10
247,8,15,0,883.5,1,23
248,8,17,0,427.8,1,12
249,8,18,0,542.5,1,15
250,8,19,0,240.25,1,7
251,8,20,0,444.85,1,13
252,8,22,0,203.05,1,7
253,8,23,0,536.3,1,15
254,8,24,0,801.35,1,21
255,9,0,0,379.75,1,11
256,9,2,0,229.4,1,7
257,9,3,0,685.1,1,18
258,9,4,0,624.65,1,17
259,9,5,0,198.4,1,6
260,9,6,0,141.05,1,5
261,9,8,0,767.25,1,21
262,9,10,0,1069.5,1,28
263,9,11,0,297.6,1,8
264,9,12,0,753.3,1,20
265,9,13,0,469.65,1,12
266,9,14,0,652.55,1,18
267,9,15,0,1112.9,1,29
268,9,16,0,706.8,1,19
269,9,17,0,646.35,1,18
270,9,18,0,711.45,1,18
271,9,19,0,954.8,1,25
272,9,20,0,279,1,8
273,9,21,0,723.85,1,19
274,9,22,0,576.6,1,16
275,9,23,0,891.25,1,24
276,9,24,0,1019.9,1,27
277,10,0,0,931.55,1,25
278,10,2,0,872.65,1,23
279,10,3,0,995.1,1,26
280,10,4,0,838.55,1,22
281,10,6,0,939.3,1,25
282,10,8,0,714.55,1,19
283,10,9,0,1069.5,1,28
284,10,11,0,1133.05,1,30
285,10,12,0,1086.55,1,28
286,10,13,0,483.6,1,12
287,10,14,0,970.3,1,26
288,10,15,0,224.75,1,7
289,10,16,0,872.65,1,23
290,10,17,0,334.8,1,9
291,10,18,0,306.9,1,9
292,10,19,0,909.85,1,24
293,10,20,0,714.55,1,19
294,10,21,0,623.1,1,16
295,10,22,0,623.1,1,17
296,10,24,0,286.75,1,8
297,11,0,0,158.1,1,5
298,11,2,0,182.9,1,6
299,11,3,0,477.4,1,13
300,11,4,0,406.1,1,12
301,11,5,0,320.85,1,9
302,11,6,0,165.85,1,5
303,11,8,0,545.6,1,15
304,11,9,0,297.6,1,9
305,11,10,0,1133.05,1,30
306,11,12,0,523.9,1,14
307,11,14,0,770.35,1,21
308,11,15,0,1112.9,1,29
309,11,16,0,488.25,1,14
310,11,17,0,798.25,1,21
311,11,18,0,832.35,1,21
312,11,19,0,748.65,1,20
313,11,20,0,406.1,1,11
314,11,21,0,649.45,1,18
315,11,22,0,499.1,1,14
316,11,23,0,852.5,1,23
317,11,24,0,1021.45,1,27
318,12,0,0,401.45,1,11
319,12,2,0,582.8,1,16
320,12,4,0,331.7,1,10
321,12,6,0,623.1,1,17
322,12,8,0,460.35,1,13
323,12,9,0,753.3,1,20
324,12,10,0,1086.55,1,28
325,12,11,0,523.9,1,14
326,12,13,0,776.55,1,20
327,12,14,0,550.25,1,15
328,12,15,0,1233.8,1,32
329,12,16,0,296.05,1,9
330,12,17,0,776.55,1,21
331,12,18,0,1038.5,1,27
332,12,19,0,523.9,1,14
333,12,20,0,637.05,1,17
334,12,21,0,554.9,1,15
335,12,22,0,556.45,1,15
336,12,23,0,919.15,1,24
337,12,24,0,1137.7,1,30
338,13,2,0,390.6,1,11
339,13,4,0,427.8,1,12
340,13,8,0,415.4,1,11
341,13,9,0,469.65,1,12
342,13,14,0,655.65,1,17
343,13,16,0,530.1,1,14
344,14,0,0,632.4,1,17
345,14,2,0,790.5,1,21
346,14,4,0,410.75,1,12
347,14,6,0,840.1,1,22
348,14,8,0,328.6,1,10
349,14,9,0,652.55,1,18
350,14,10,0,970.3,1,26
351,14,11,0,770.35,1,21
352,14,12,0,550.25,1,15
353,14,13,0,655.65,1,17
354,14,15,0,1106.7,1,28
355,14,16,0,272.8,1,8
356,14,17,0,671.15,1,18
357,14,18,0,798.25,1,20
358,14,20,0,852.5,1,23
359,14,22,0,527,1,15
360,14,23,0,818.4,1,20
361,14,24,0,995.1,1,26
362,15,0,0,1063.3,1,28
363,15,2,0,940.85,1,25
364,15,3,0,1224.5,1,32
365,15,4,0,970.3,1,26
366,15,6,0,982.7,1,26
367,15,8,0,883.5,1,23
368,15,9,0,1112.9,1,29
369,15,10,0,224.75,1,7
370,15,11,0,1112.9,1,29
371,15,12,0,1233.8,1,32
372,15,14,0,1106.7,1,28
373,15,16,0,1027.65,1,27
374,15,17,0,454.15,1,12
375,15,19,0,1023,1,27
376,15,20,0,757.95,1,19
377,15,22,0,733.15,1,19
378,15,24,0,110.05,1,4
379,16,0,0,367.35,1,11
380,16,2,0,475.85,1,13
381,16,4,0,147.25,1,5
382,16,6,0,576.6,1,16
383,16,7,0,155,1,5
384,16,9,0,706.8,1,19
385,16,10,0,872.65,1,23
386,16,11,0,488.25,1,14
387,16,12,0,296.05,1,8
388,16,14,0,272.8,1,8
389,16,15,0,1027.65,1,27
390,16,17,0,570.4,1,16
391,16,18,0,686.65,1,19
392,16,19,0,251.1,1,7
393,16,20,0,525.45,1,15
394,16,22,0,302.25,1,9
395,16,23,0,692.85,1,19
396,16,24,0,951.7,1,25
397,17,0,0,596.75,1,16
398,17,2,0,568.85,1,16
399,17,3,0,764.15,1,20
400,17,4,0,503.75,1,14
401,17,5,0,530.1,1,14
402,17,6,0,615.35,1,17
403,17,8,0,427.8,1,12
404,17,9,0,649.45,1,18
405,17,10,0,334.8,1,10
406,17,11,0,798.25,1,21
407,17,12,0,776.55,1,21
408,17,14,0,671.15,1,17
409,17,15,0,454.15,1,12
410,17,16,0,570.4,1,16
411,17,19,0,581.25,1,16
412,17,20,0,373.55,1,10
413,17,22,0,294.5,1,8
414,17,23,0,153.45,1,5
415,17,24,0,362.7,1,10
416,18,0,0,719.2,1,19
417,18,2,0,638.6,1,17
418,18,3,0,833.9,1,22
419,18,4,0,624.65,1,17
420,18,5,0,660.3,1,16
421,18,6,0,685.1,1,18
422,18,8,0,542.5,1,15
423,18,9,0,711.45,1,18
424,18,11,0,832.35,1,21
425,18,12,0,1038.5,1,27
426,18,14,0,798.25,1,21
427,18,16,0,686.65,1,19
428,18,20,0,438.65,1,12
429,19,0,0,615.35,1,17
430,19,2,0,643.25,1,17
431,19,4,0,390.6,1,11
432,19,6,0,824.6,1,22
433,19,9,0,954.8,1,25
434,19,10,0,909.85,1,24
435,19,11,0,748.65,1,20
436,19,12,0,523.9,1,14
437,19,13,0,565.75,1,14
438,19,15,0,1023,1,27
439,19,16,0,251.1,1,7
440,19,17,0,581.25,1,16
441,19,18,0,709.9,1,18
442,19,20,0,764.15,1,20
443,19,22,0,437.1,1,12
444,19,23,0,728.5,1,18
445,19,24,0,942.4,1,25
446,20,0,0,361.15,1,10
447,20,2,0,207.7,1,7
448,20,3,0,620,1,17
449,20,4,0,413.85,1,12
450,20,5,0,178.25,1,6
451,20,6,0,243.35,1,7
452,20,8,0,444.85,1,13
453,20,9,0,279,1,8
454,20,10,0,714.55,1,19
455,20,11,0,406.1,1,11
456,20,12,0,637.05,1,17
457,20,14,0,878.85,1,23
458,20,15,0,757.95,1,19
459,20,16,0,525.45,1,15
460,20,17,0,373.55,1,11
461,20,18,0,438.65,1,12
462,20,19,0,764.15,1,20
463,20,21,0,466.55,1,13
464,20,22,0,272.8,1,8
465,20,24,0,641.7,1,17
466,21,0,0,444.85,1,13
467,21,2,0,424.7,1,12
468,21,4,0,263.5,1,8
469,21,6,0,593.65,1,16
470,21,9,0,723.85,1,19
471,21,10,0,623.1,1,16
472,21,11,0,646.35,1,18
473,21,12,0,554.9,1,15
474,21,16,0,305.35,1,9
475,21,20,0,466.55,1,13
476,21,22,0,142.6,1,5
477,21,24,0,651,1,18
478,22,0,0,297.6,1,9
479,22,2,0,308.45,1,10
480,22,4,0,204.6,1,7
481,22,6,0,446.4,1,13
482,22,8,0,203.05,1,6
483,22,9,0,576.6,1,16
484,22,10,0,623.1,1,17
485,22,11,0,499.1,1,14
486,22,12,0,556.45,1,15
487,22,14,0,527,1,15
488,22,15,0,733.15,1,19
489,22,16,0,302.25,1,9
490,22,17,0,294.5,1,8
491,22,18,0,404.55,1,10
492,22,19,0,437.1,1,12
493,22,20,0,272.8,1,9
494,22,21,0,142.6,1,5
495,22,23,0,432.45,1,11
496,22,24,0,643.25,1,17
497,23,0,0,739.35,1,20
498,23,2,0,716.1,1,19
499,23,3,0,888.15,1,23
500,23,4,0,646.35,1,18
501,23,6,0,761.05,1,20
502,23,8,0,536.3,1,15
503,23,9,0,891.25,1,24
504,23,11,0,852.5,1,23
505,23,12,0,919.15,1,24
506,23,14,0,818.4,1,20
507,23,16,0,692.85,1,19
508,23,19,0,728.5,1,18
509,23,20,0,522.35,1,14
510,23,22,0,432.45,1,11
511,24,0,0,957.9,1,25
512,24,2,0,847.85,1,23
513,24,3,0,1108.25,1,29
514,24,4,0,861.8,1,23
515,24,6,0,877.3,1,23
516,24,8,0,801.35,1,21
517,24,9,0,1019.9,1,27
518,24,10,0,286.75,1,8
519,24,11,0,1021.45,1,27
520,24,12,0,1137.7,1,30
521,24,14,0,995.1,1,26
522,24,15,0,110.05,1,4
523,24,16,0,951.7,1,25
524,24,17,0,362.7,1,10
525,24,19,0,942.4,1,25
526,24,20,0,641.7,1,17
527,24,21,0,651,1,16
528,24,22,0,643.25,1,17
PATHS,600
Index,Shipment origin,Shipment destination,1st terminal on path,2nd terminal on path,.....,6th terminal on path
0,0,1,0,1
1,0,2,0,1,2
2,0,3,0,1,3
3,0,4,0,1,4
4,0,5,0,1,5
5,0,6,0,1,6
6,0,7,0,1,7
7,0,8,0,1,8
8,0,9,0,1,9
9,0,10,0,1,10
10,0,11,0,1,11
11,0,12,0,1,12
12,0,13,0,1,13
13,0,14,0,1,14
14,0,15,0,1,15
15,0,16,0,1,16
16,0,17,0,1,17
17,0,18,0,1,18
18,0,19,0,1,19
19,0,20,0,1,20
20,0,21,0,1,21
21,0,22,0,1,22
22,0,23,0,1,23
23,0,24,0,1,24
24,1,0,1,0
25,1,2,1,2
26,1,3,1,3
27,1,4,1,4
28,1,5,1,5
29,1,6,1,6
30,1,7,1,7
31,1,8,1,8
32,1,9,1,9
33,1,10,1,10
34,1,11,1,11
35,1,12,1,12
36,1,13,1,13
37,1,14,1,14
38,1,15,1,15
39,1,16,1,16
40,1,17,1,17
41,1,18,1,18
42,1,19,1,19
43,1,20,1,20
44,1,21,1,21
45,1,22,1,22
46,1,23,1,23
47,1,24,1,24
48,2,0,2,1,0
49,2,1,2,1
50,2,3,2,1,3
51,2,4,2,1,4
52,2,5,2,1,5
53,2,6,2,1,6
54,2,8,2,1,8
55,2,7,2,1,7
56,2,9,2,1,9
57,2,10,2,1,10
58,2,11,2,1,11
59,2,12,2,1,12
60,2,13,2,1,13
61,2,14,2,1,14
62,2,15,2,1,15
63,2,16,2,1,16
64,2,17,2,1,17
65,2,18,2,1,18
66,2,19,2,1,19
67,2,20,2,1,20
68,2,21,2,1,21
69,2,22,2,1,22
70,2,23,2,1,23
71,2,24,2,1,24
72,3,0,3,1,0
73,3,1,3,1
74,3,2,3,1,2
75,3,4,3,4
76,3,5,3,1,5
77,3,6,3,1,6
78,3,7,3,1,7
79,3,8,3,8
80,3,9,3,1,9
81,3,10,3,13,10
82,3,11,3,1,11
83,3,12,3,12
84,3,13,3,13
85,3,14,3,14
86,3,15,3,13,15
87,3,16,3,16
88,3,17,3,13,17
89,3,18,3,13,18
90,3,19,3,19
91,3,20,3,1,20
92,3,21,3,21
93,3,22,3,22
94,3,23,3,21,23
95,3,24,3,13,24
96,4,0,4,1,0
97,4,1,4,1
98,4,2,4,1,2
99,4,3,4,3
100,4,5,4,1,5
101,4,6,4,1,6
102,4,7,4,1,7
103,4,8,4,1,8
104,4,9,4,1,9
105,4,10,4,1,10
106,4,11,4,1,11
107,4,12,4,3,12
108,4,13,4,1,13
109,4,14,4,3,14
110,4,15,4,1,15
111,4,16,4,3,16
112,4,17,4,1,17
113,4,18,4,1,18
114,4,19,4,3,19
115,4,20,4,1,20
116,4,21,4,1,21
117,4,22,4,1,22
118,4,23,4,1,23
119,4,24,4,1,24
120,5,0,5,1,0
121,5,1,5,1
122,5,2,5,1,2
123,5,3,5,1,3
124,5,4,5,1,4
125,5,6,5,1,6
126,5,7,5,1,7
127,5,8,5,1,8
128,5,9,5,1,9
129,5,10,5,13,10
130,5,11,5,1,11
131,5,12,5,1,12
132,5,13,5,13
133,5,14,5,1,14
134,5,15,5,13,15
135,5,16,5,1,16
136,5,17,5,13,17
137,5,18,5,13,18
138,5,19,5,13,21,19
139,5,20,5,13,20
140,5,21,5,13,21
141,5,22,5,1,22
142,5,23,5,13,23
143,5,24,5,13,24
144,6,0,6,1,0
145,6,1,6,1
146,6,2,6,1,2
147,6,3,6,1,3
148,6,4,6,1,4
149,6,5,6,1,5
150,6,7,6,1,7
151,6,8,6,1,8
152,6,9,6,1,9
153,6,10,6,1,10
154,6,11,6,1,11
155,6,12,6,1,12
156,6,13,6,1,13
157,6,14,6,1,14
158,6,15,6,1,15
159,6,16,6,1,16
160,6,17,6,1,17
161,6,18,6,1,18
162,6,19,6,1,19
163,6,20,6,1,20
164,6,21,6,1,21
165,6,22,6,1,22
166,6,23,6,1,23
167,6,24,6,1,24
168,7,0,7,1,0
169,7,1,7,1
170,7,2,7,1,2
171,7,3,7,3
172,7,4,7,4
173,7,5,7,1,5
174,7,6,7,3,6
175,7,8,7,3,8
176,7,9,7,1,9
177,7,10,7,1,9
178,7,11,7,3,11
179,7,12,7,4,12
180,7,13,7,4,13
181,7,14,7,4,14
182,7,15,7,4,15
183,7,16,7,4,16
184,7,17,7,1,17
185,7,18,7,1,18
186,7,19,7,1,19
187,7,20,7,1,20
188,7,21,7,1,21
189,7,22,7,1,22
190,7,23,7,1,23
191,7,24,7,1,24
192,8,0,8,1,0
193,8,1,8,1
194,8,2,8,1,2
195,8,3,8,3
196,8,4,8,1,4
197,8,5,8,1,5
198,8,6,8,1,6
199,8,7,8,1,7
200,8,9,8,1,9
201,8,10,8,21,23,10
202,8,11,8,1,11
203,8,12,8,3,12
204,8,13,8,21,13
205,8,14,8,21,14
206,8,15,8,21,13,15
207,8,16,8,3,16
208,8,17,8,21,17
209,8,18,8,21,18
210,8,19,8,21,19
211,8,20,8,1,20
212,8,21,8,21
213,8,22,8,1,22
214,8,23,8,21,23
215,8,24,8,21,13,24
216,9,0,9,1,0
217,9,1,9,1
218,9,2,9,1,2
219,9,3,9,1,3
220,9,4,9,1,4
221,9,5,9,1,5
222,9,6,9,1,6
223,9,7,9,1,7
224,9,8,9,1,8
225,9,10,9,1,10
226,9,11,9,1,11
227,9,12,9,1,12
228,9,13,9,1,13
229,9,14,9,1,14
230,9,15,9,1,15
231,9,16,9,1,16
232,9,17,9,1,17
233,9,18,9,1,18
234,9,19,9,1,19
235,9,20,9,1,20
236,9,21,9,1,21
237,9,22,9,1,22
238,9,23,9,1,23
239,9,24,9,1,24
240,10,0,10,1,0
241,10,1,10,1
242,10,2,10,1,2
243,10,3,10,1,3
244,10,4,10,1,4
245,10,5,10,23,13,5
246,10,6,10,23,13,6
247,10,7,10,1,7
248,10,8,10,23,21,8
249,10,9,10,1,9
250,10,11,10,1,11
251,10,12,10,1,12
252,10,13,10,23,13
253,10,14,10,23,21,14
254,10,15,10,23,15
255,10,16,10,1,16
256,10,17,10,23,17
257,10,18,10,23,18
258,10,19,10,23,21,19
259,10,20,10,23,13,20
260,10,21,10,23,21
261,10,22,10,23,22
262,10,23,10,23
263,10,24,10,23,24
264,11,0,11,1,0
265,11,1,11,1
266,11,2,11,1,2
267,11,3,11,1,3
268,11,4,11,1,4
269,11,5,11,1,5
270,11,6,11,1,6
271,11,7,11,1,7
272,11,8,11,1,8
273,11,9,11,1,9
274,11,10,11,13,10
275,11,12,11,1,12
276,11,13,11,13
277,11,14,11,1,14
278,11,15,11,13,15
279,11,16,11,1,16
280,11,17,11,13,17
281,11,18,11,13,18
282,11,19,11,1,19
283,11,20,11,1,20
284,11,21,11,1,21
285,11,22,11,1,22
286,11,23,11,13,23
287,11,24,11,13,24
288,12,0,12,1,0
289,12,1,12,1
290,12,2,12,1,2
291,12,3,12,3
292,12,4,12,3,4
293,12,5,12,1,5
294,12,6,12,1,6
295,12,7,12,1,7
296,12,8,12,3,8
297,12,9,12,1,9
298,12,10,12,1,10
299,12,11,12,1,11
300,12,13,12,3,13
301,12,14,12,3,14
302,12,15,12,1,15
303,12,16,12,3,16
304,12,17,12,1,17
305,12,18,12,1,18
306,12,19,12,3,19
307,12,20,12,1,20
308,12,21,12,3,21
309,12,22,12,3,22
310,12,23,12,1,23
311,12,24,12,1,24
312,13,0,13,1,0
313,13,1,13,1
314,13,2,13,1,2
315,13,3,13,3
316,13,4,13,4
317,13,5,13,5
318,13,6,13,6
319,13,7,13,1,7
320,13,8,13,21,8
321,13,9,13,1,9
322,13,10,13,10
323,13,11,13,11
324,13,12,13,3,12
325,13,14,13,21,14
326,13,15,13,15
327,13,16,13,1,16
328,13,17,13,17
329,13,18,13,18
330,13,19,13,21,19
331,13,20,13,20
332,13,21,13,21
333,13,22,13,22
334,13,23,13,23
335,13,24,13,24
336,14,0,14,1,0
337,14,1,14,1
338,14,2,14,1,2
339,14,3,14,3
340,14,4,14,3,4
341,14,5,14,1,5
342,14,6,14,1,6
343,14,7,14,1,7
344,14,8,14,3,8
345,14,9,14,1,9
346,14,10,14,21,23,10
347,14,11,14,1,11
348,14,12,14,3,12
349,14,13,14,21,13
350,14,15,14,21,13,15
351,14,16,14,3,16
352,14,17,14,21,17
353,14,18,14,21,18
354,14,19,14,1,19
355,14,20,14,1,20
356,14,21,14,21
357,14,22,14,1,22
358,14,23,14,21,23
359,14,24,14,21,13,24
360,15,0,15,1,0
361,15,1,15,1
362,15,2,15,1,2
363,15,3,15,13,3
364,15,4,15,1,4
365,15,5,15,13,5
366,15,6,15,13,6
367,15,7,15,1,7
368,15,8,15,21,8
369,15,9,15,1,9
370,15,10,15,10
371,15,11,15,1,11
372,15,12,15,1,12
373,15,13,15,13
374,15,14,15,21,14
375,15,16,15,1,16
376,15,17,15,17
377,15,18,15,18
378,15,19,15,21,19
379,15,20,15,13,20
380,15,21,15,21
381,15,22,15,13,22
382,15,23,15,23
383,15,24,15,24
384,16,0,16,1,0
385,16,1,16,1
386,16,2,16,1,2
387,16,3,16,3
388,16,4,16,3,4
389,16,5,16,1,5
390,16,6,16,1,6
391,16,7,16,1,7
392,16,8,16,3,8
393,16,9,16,1,9
394,16,10,16,13,10
395,16,11,16,1,11
396,16,12,16,3,12
397,16,13,16,13
398,16,14,16,3,14
399,16,15,16,13,15
400,16,17,16,13,17
401,16,18,16,13,18
402,16,19,16,3,19
403,16,20,16,1,20
404,16,21,16,21
405,16,22,16,3,22
406,16,23,16,13,23
407,16,24,16,13,24
408,17,0,17,1,0
409,17,1,17,1
410,17,2,17,1,2
411,17,3,17,13,3
412,17,4,17,1,4
413,17,5,17,13,5
414,17,6,17,13,6
415,17,7,17,1,7
416,17,8,17,21,8
417,17,9,17,1,9
418,17,10,17,13,10
419,17,11,17,1,11
420,17,12,17,1,12
421,17,13,17,13
422,17,14,17,21,14
423,17,15,17,13,15
424,17,16,17,1,16
425,17,18,17,18
426,17,19,17,21,19
427,17,20,17,13,20
428,17,21,17,21
429,17,22,17,13,22
430,17,23,17,13,23
431,17,24,17,13,24
432,18,0,18,1,0
433,18,1,18,1
434,18,2,18,1,2
435,18,3,18,13,3
436,18,4,18,1,4
437,18,5,18,13,5
438,18,6,18,13,6
439,18,7,18,1,7
440,18,8,18,21,8
441,18,9,18,13,1,9
442,18,10,18,10
443,18,11,18,1,11
444,18,12,18,1,12
445,18,13,18,13
446,18,14,18,21,14
447,18,15,18,15
448,18,16,18,1,16
449,18,17,18,17
450,18,19,18,21,19
451,18,20,18,13,20
452,18,21,18,21
453,18,22,18,13,22
454,18,23,18,23
455,18,24,18,24
456,19,0,19,1,0
457,19,1,19,1
458,19,2,19,1,2
459,19,3,19,3
460,19,4,19,3,4
461,19,5,19,1,5
462,19,6,19,1,6
463,19,7,19,1,7
464,19,8,19,21,8
465,19,9,19,1,9
466,19,10,19,1,10
467,19,11,19,1,11
468,19,12,19,3,12
469,19,13,19,21,13
470,19,14,19,1,14
471,19,15,19,21,13,15
472,19,16,19,3,16
473,19,17,19,21,17
474,19,18,19,21,18
475,19,20,19,1,20
476,19,21,19,21
477,19,22,19,1,22
478,19,23,19,21,23
479,19,24,19,21,13,24
480,20,0,20,1,0
481,20,1,20,1
482,20,2,20,1,2
483,20,3,20,1,3
484,20,4,20,1,4
485,20,5,20,1,5
486,20,6,20,1,6
487,20,7,20,1,7
488,20,8,20,1,8
489,20,9,20,1,9
490,20,10,20,13,10
491,20,11,20,1,11
492,20,12,20,1,12
493,20,13,20,13
494,20,14,20,1,14
495,20,15,20,13,15
496,20,16,20,1,16
497,20,17,20,13,17
498,20,18,20,13,18
499,20,19,20,1,19
500,20,21,20,1,21
501,20,22,20,13,22
502,20,23,20,13,23
503,20,24,20,13,24
504,21,0,21,1,0
505,21,1,21,1
506,21,2,21,1,2
507,21,3,21,3
508,21,4,21,1,4
509,21,5,21,13,5
510,21,6,21,13,6
511,21,7,21,1,7
512,21,8,21,8
513,21,9,21,1,9
514,21,10,21,23,10
515,21,11,21,1,11
516,21,12,21,3,12
517,21,13,21,13
518,21,14,21,14
519,21,15,21,13,15
520,21,16,21,3,16
521,21,17,21,17
522,21,18,21,18
523,21,19,21,19
524,21,20,21,1,20
525,21,22,21,1,22
526,21,23,21,23
527,21,24,21,13,24
528,22,0,22,1,0
529,22,1,22,1
530,22,2,22,1,2
531,22,3,22,3
532,22,4,22,1,4
533,22,5,22,13,5
534,22,6,22,1,6
535,22,7,22,1,7
536,22,8,22,1,8
537,22,9,22,1,9
538,22,10,22,13,10
539,22,11,22,1,11
540,22,12,22,3,12
541,22,13,22,13
542,22,14,22,1,14
543,22,15,22,13,15
544,22,16,22,1,16
545,22,17,22,13,17
546,22,18,22,13,18
547,22,19,22,1,19
548,22,20,22,13,20
549,22,21,22,1,21
550,22,23,22,13,23
551,22,24,22,13,24
552,23,0,23,1,0
553,23,1,23,1
554,23,2,23,1,2
555,23,3,23,1,3
556,23,4,23,1,4
557,23,5,23,13,5
558,23,6,23,13,6
559,23,7,23,1,7
560,23,8,23,21,8
561,23,9,23,1,9
562,23,10,23,10
563,23,11,23,1,11
564,23,12,23,1,12
565,23,13,23,13
566,23,14,23,21,14
567,23,15,23,15
568,23,16,23,1,16
569,23,17,23,17
570,23,18,23,18
571,23,19,23,21,19
572,23,20,23,13,20
573,23,21,23,21
574,23,22,23,22
575,23,24,23,24
576,24,0,24,1,0
577,24,1,24,1
578,24,2,24,1,2
579,24,3,24,13,3
580,24,4,24,1,4
581,24,5,24,13,5
582,24,6,24,13,6
583,24,7,24,1,7
584,24,8,24,18,21,8
585,24,9,24,13,1,9
586,24,10,24,23,10
587,24,11,24,13,11
588,24,12,24,1,12
589,24,13,24,13
590,24,14,24,18,21,14
591,24,15,24,15
592,24,16,24,1,16
593,24,17,24,13,17
594,24,18,24,18
595,24,19,24,18,21,19
596,24,20,24,13,20
597,24,21,24,18,21
598,24,22,24,13,22
599,24,23,24,23
COMMODITIES,550
Index,Origin,Destination,Demand/Size,Earliest available time,Latest delivery time
0,0,20,0.810692,88,187
1,1,4,0.171488,182,272
2,16,8,0.142885,136,234
3,1,3,0.274246,186,278
4,8,2,0.0346751,40,140
5,19,13,0.518593,86,186
6,17,0,0.00919881,182,285
7,4,14,0.434396,134,237
8,5,22,0.331111,134,241
9,24,1,0.0649741,90,198
10,17,13,0.260209,134,224
11,23,22,0.279807,88,183
12,16,13,0.0358492,42,143
13,13,14,0.148037,40,142
14,5,8,0.0518091,138,246
15,13,0,0.582701,182,284
16,15,5,0.456205,86,196
17,0,20,0.689996,182,281
18,3,22,0.181996,134,231
19,3,0,0.356125,88,185
20,1,4,0.707972,134,224
21,10,4,0.0149075,40,153
22,5,19,0.117893,88,198
23,9,3,0.487861,184,288
24,19,3,0.968136,40,135
25,3,8,0.310139,186,279
26,11,3,0.798811,38,138
27,2,8,0.467535,182,282
28,20,16,0.0151624,134,236
29,1,2,0.0188724,136,227
30,18,24,0.761317,86,177
31,3,22,0.650223,42,139
32,12,20,0.652373,90,194
33,3,16,0.758452,88,177
34,24,17,0.698346,136,237
35,2,13,0.122885,182,287
36,22,24,0.404943,42,144
37,3,19,0.639469,38,133
38,2,22,0.182057,38,137
39,12,14,0.0407206,134,234
40,4,6,0.0678849,134,233
41,14,10,0.173141,40,151
42,2,8,0.435893,86,186
43,10,2,0.0232349,90,204
44,16,21,0.626676,138,231
45,15,22,0.613342,90,197
46,22,0,0.176855,40,137
47,22,5,0.386147,182,283
48,10,24,0.860174,138,237
49,10,2,0.0220612,42,156
50,15,22,0.722423,88,195
51,24,5,0.0376737,182,287
52,22,3,0.222378,184,280
53,1,0,0.275175,182,271
54,15,12,0.813797,40,158
55,13,24,0.307407,184,279
56,1,5,0.778093,86,185
57,8,13,0.311797,88,185
58,23,11,0.079491,38,147
59,21,3,0.139793,40,137
60,13,15,0.811188,138,236
61,10,1,0.292084,42,149
62,19,9,0.191699,90,199
63,0,3,0.348483,42,139
64,0,10,0.51885,134,249
65,2,20,0.937162,134,235
66,22,2,0.608073,38,137
67,20,15,0.458255,40,144
68,17,0,0.00877859,42,145
69,3,0,0.300764,186,283
70,10,15,0.240579,136,237
71,16,21,0.610859,86,179
72,24,17,0.703491,86,187
73,1,8,0.387142,134,227
74,12,22,0.214253,88,190
75,12,21,0.327825,88,191
76,10,3,0.0534194,42,157
77,0,16,0.717842,184,281
78,21,24,0.312407,42,145
79,14,3,0.344765,38,133
80,4,23,0.123935,88,196
81,16,13,0.971613,184,285
82,23,15,0.701903,184,279
83,14,20,0.087606,138,248
84,21,11,0.0547726,40,143
85,1,19,0.269565,38,135
86,4,3,0.399269,90,182
87,18,10,0.764284,134,228
88,20,18,0.283577,134,231
89,0,3,0.327625,134,231
90,9,12,0.00454545,136,242
91,0,20,0.676485,42,141
92,1,0,0.945126,136,225
93,19,24,0.441795,90,201
94,2,3,0.35922,42,141
95,11,21,0.302852,134,237
96,16,19,0.628895,184,284
97,21,19,0.400405,40,132
98,22,3,0.0968101,136,232
99,23,19,0.443779,86,191
100,23,4,0.364677,134,241
101,11,15,0.970767,38,152
102,6,1,0.577218,42,135
103,10,6,0.0858541,90,201
104,19,22,0.497239,136,241
105,23,6,0.689933,38,143
106,15,24,0.40966,40,128
107,14,9,0.513172,38,150
108,17,5,0.251405,86,186
109,16,22,0.336915,90,192
110,10,19,0.462149,42,153
111,19,15,0.576482,134,248
112,0,5,0.207615,184,288
113,5,8,0.0437616,38,146
114,8,2,0.032573,184,284
115,5,19,0.127727,136,246
116,13,20,0.523215,90,180
117,19,4,0.0675644,40,143
118,18,6,0.797485,136,239
119,21,11,0.0508501,182,285
120,16,18,0.167452,38,146
121,24,8,0.0530208,138,245
122,19,4,0.0736151,134,237
123,1,19,0.208778,136,233
124,1,22,0.608755,42,134
125,10,15,0.741302,88,189
126,3,16,0.320649,42,131
127,4,23,0.0560416,38,146
128,14,8,0.341977,38,142
129,0,19,0.251115,40,142
130,2,4,0.94117,40,137
131,1,3,0.660113,182,274
132,14,12,0.164002,88,188
133,18,23,0.737403,38,126
134,15,16,0.427145,90,206
135,17,5,0.239831,88,188
136,23,19,0.491629,134,239
137,2,13,0.117539,42,147
138,10,2,0.0206692,136,250
139,21,8,0.496941,184,273
140,19,2,0.0192899,86,190
141,0,1,0.32455,182,271
142,14,3,0.116481,136,231
143,15,0,0.402365,134,247
144,4,21,0.0136853,134,235
145,18,20,0.254351,184,281
146,0,3,0.327924,138,235
147,12,1,0.755187,42,136
148,17,21,0.332044,186,278
149,15,22,0.722187,40,147
150,15,12,0.909698,38,156
151,19,21,0.7497,136,228
152,20,12,0.0169637,184,288
153,24,10,0.157726,90,189
154,4,17,0.00599129,38,144
155,14,2,0.081822,90,197
156,12,1,0.227784,90,184
157,21,5,0.00454545,134,236
158,2,20,0.923725,40,141
159,17,1,0.520266,134,232
160,3,8,0.168057,136,229
161,15,5,0.420378,40,150
162,4,21,0.0128941,88,189
163,20,17,0.472365,42,138
164,23,22,0.242326,42,137
165,12,6,0.158054,138,241
166,3,22,0.932394,136,233
167,13,14,0.117183,184,286
168,19,4,0.0708516,136,239
169,0,3,0.340261,184,281
170,18,22,0.981662,182,280
171,4,12,0.17362,182,279
172,19,11,0.752417,90,195
173,13,8,0.842277,90,187
174,12,11,0.193002,88,190
175,15,23,0.585854,40,135
176,10,1,0.533683,90,197
177,4,13,0.331171,86,190
178,15,24,0.261805,86,174
179,11,23,0.21022,88,197
180,0,1,0.372531,186,275
181,12,1,0.609903,184,278
182,1,13,0.238523,134,232
183,8,14,0.0174115,88,187
184,18,15,0.142401,186,280
185,4,12,0.178785,136,233
186,12,3,0.352191,38,127
187,11,23,0.242117,138,247
188,0,20,0.726407,134,233
189,16,2,0.323601,136,235
190,3,0,0.329478,42,139
191,1,2,0.329991,182,273
192,23,11,0.057712,138,247
193,14,17,0.0763688,184,286
194,13,18,0.79314,184,275
195,4,1,0.875142,86,176
196,16,0,0.730636,184,281
197,12,20,0.655124,138,242
198,21,13,0.933042,40,132
199,9,12,0.00454545,138,244
200,3,1,0.593226,136,228
201,10,17,0.191783,138,233
202,5,14,0.181958,134,249
203,9,3,0.686341,136,240
204,15,19,0.958089,40,152
205,15,5,0.429165,136,246
206,20,15,0.419548,88,192
207,10,18,0.433515,186,280
208,3,14,0.783826,88,183
209,23,17,0.213253,38,127
210,24,23,0.0725449,42,135
211,20,4,0.00729707,136,236
212,3,22,0.537942,138,235
213,4,17,0.00629022,182,288
214,15,23,0.0350465,138,233
215,18,5,0.138358,186,287
216,3,6,0.37004,184,285
217,24,15,0.229113,86,174
218,4,0,0.139638,40,135
219,1,12,0.184984,134,228
220,19,3,0.105723,42,137
221,24,10,0.0111178,88,187
222,19,13,0.582563,138,238
223,0,4,0.0368018,88,183
224,13,14,0.0674372,136,238
225,23,19,0.0157505,88,193
226,14,1,0.30016,42,142
227,16,19,0.684488,88,188
228,10,8,0.27693,134,242
229,13,24,0.622298,86,181
230,0,15,0.485687,136,249
231,2,21,0.00539991,90,192
232,19,4,0.066477,90,193
233,18,19,0.27509,40,143
234,15,3,0.415037,138,260
235,23,0,0.695919,88,194
236,19,21,0.647976,138,230
237,22,4,0.0362055,40,138
238,16,19,0.592783,186,286
239,24,17,0.809191,186,287
240,4,23,0.0584355,90,198
241,21,13,0.829193,42,134
242,0,15,0.424516,90,203
243,22,4,0.0377158,134,232
244,24,21,0.107415,38,140
245,16,15,0.612225,136,251
246,15,23,0.689746,186,281
247,12,18,0.133791,38,150
248,24,6,0.426245,40,147
249,22,3,0.149644,42,138
250,4,13,0.332618,42,146
251,1,0,0.681167,90,179
252,23,21,0.594284,136,233
253,18,10,0.13091,88,182
254,8,12,0.234473,134,232
255,17,16,0.0676714,38,144
256,11,18,0.284519,134,241
257,1,6,0.576134,184,277
258,23,16,0.224426,38,147
259,18,1,0.355722,136,237
260,22,8,0.181637,38,139
261,11,14,0.470554,134,242
262,16,13,0.890024,182,283
263,13,14,0.103861,88,190
264,11,13,0.0885262,38,138
265,22,12,0.472855,184,285
266,14,13,0.860339,138,240
267,1,11,0.289891,86,178
268,10,21,0.0415216,38,141
269,14,13,0.716907,38,140
270,3,8,0.433157,90,183
271,18,24,0.857697,182,273
272,24,3,0.0154506,90,207
273,17,13,0.520108,38,128
274,0,9,0.149502,136,237
275,14,6,0.14207,38,147
276,18,22,0.07937,42,140
277,14,3,0.540242,134,229
278,13,19,0.506375,182,282
279,22,10,0.0616655,42,145
280,1,4,0.906258,136,226
281,23,10,0.0713581,88,178
282,18,1,0.604398,134,235
283,14,11,0.729142,138,246
284,0,19,0.277667,88,190
285,22,21,0.517563,38,141
286,16,20,0.212708,90,192
287,16,22,0.313814,182,284
288,21,1,0.110741,182,277
289,11,23,0.945332,38,147
290,12,15,0.457795,38,156
291,1,20,0.341667,38,132
292,12,3,0.743417,40,129
293,13,18,0.98802,186,277
294,11,13,0.142364,184,284
295,16,22,0.193661,184,286
296,8,17,0.339364,134,231
297,15,12,0.832765,42,160
298,0,5,0.20181,134,238
299,13,19,0.448708,184,284
300,2,3,0.35878,88,187
301,17,5,0.226704,136,236
302,0,19,0.267185,134,236
303,0,19,0.261116,38,140
304,8,18,0.189982,90,192
305,13,14,0.215443,138,240
306,21,0,0.0902528,184,284
307,14,10,0.176197,138,249
308,20,22,0.225765,40,137
309,10,11,0.0415554,40,155
310,21,0,0.0871058,134,234
311,8,23,0.299384,90,190
312,24,13,0.93598,136,231
313,0,17,0.24136,42,147
314,0,24,0.52061,90,203
315,14,12,0.185887,136,236
316,2,3,0.371147,134,233
317,24,12,0.0377113,88,206
318,14,3,0.199359,88,183
319,19,11,0.750993,138,243
320,13,17,0.539507,184,274
321,3,16,0.235935,90,179
322,22,13,0.765391,136,227
323,15,17,0.413209,138,234
324,23,13,0.562811,38,131
325,19,17,0.270776,86,186
326,4,19,0.00894217,136,239
327,3,16,0.0262206,182,271
328,10,24,0.883206,184,283
329,23,4,0.372189,138,245
330,2,13,0.115082,40,145
331,18,16,0.449361,86,195
332,1,3,0.196002,138,230
333,15,19,0.676897,138,250
334,8,24,0.0265835,86,194
335,2,12,0.0477171,138,239
336,15,1,0.46883,90,198
337,0,22,0.264129,42,139
338,12,2,0.255185,184,285
339,0,1,0.3186,90,179
340,17,14,0.00694091,86,188
341,2,20,0.0166671,182,283
342,16,23,0.0799951,38,148
343,13,6,0.818098,86,182
344,19,8,0.445798,136,233
345,18,15,0.324519,134,228
346,22,5,0.416928,186,287
347,1,15,0.493287,138,246
348,20,4,0.00703205,88,188
349,14,12,0.177168,90,190
350,17,5,0.216591,138,238
351,12,3,0.542487,134,223
352,20,2,0.230703,186,287
353,14,12,0.177241,134,234
354,21,8,0.464842,40,129
355,15,16,0.410847,86,202
356,18,23,0.134049,86,174
357,16,6,0.118828,38,139
358,10,6,0.0921107,136,247
359,11,0,0.849385,138,235
360,2,23,0.0937757,134,243
361,24,13,0.423635,88,183
362,13,8,0.0892037,136,233
363,23,5,0.826001,182,285
364,23,13,0.791846,136,229
365,16,15,0.629023,138,253
366,14,8,0.277861,90,194
367,21,24,0.306281,88,191
368,4,1,0.488579,42,132
369,13,19,0.743204,186,286
370,14,12,0.160977,40,140
371,0,17,0.223689,182,287
372,13,17,0.0172665,186,276
373,4,24,0.288397,136,250
374,21,11,0.0577244,136,239
375,1,11,0.184476,88,180
376,22,21,0.4509,90,193
377,0,18,0.781466,90,197
378,18,17,0.046766,90,179
379,4,0,0.129607,186,281
380,24,10,0.99636,184,283
381,24,10,0.0173121,182,281
382,24,8,0.0563943,86,193
383,5,13,0.480022,186,280
384,24,10,0.134938,134,233
385,11,19,0.315138,90,195
386,13,22,0.198284,90,181
387,22,16,0.133544,42,142
388,14,20,0.0887813,40,150
389,10,21,0.044691,42,145
390,1,14,0.587409,88,188
391,24,12,0.0421688,42,160
392,5,15,0.449112,138,246
393,10,9,0.351989,134,253
394,11,1,0.392455,40,132
395,17,24,0.626094,42,143
396,21,19,0.396643,182,274
397,2,13,0.103809,86,191
398,16,0,0.741053,136,233
399,20,17,0.389716,182,278
400,8,2,0.0352175,134,234
401,18,19,0.201813,38,141
402,14,3,0.388684,186,281
403,21,23,0.317741,134,229
404,19,4,0.0625068,88,191
405,14,18,0.552279,134,241
406,11,3,0.853826,42,142
407,5,17,0.388674,38,138
408,14,15,0.730723,134,250
409,15,19,0.637745,42,154
410,5,24,0.062866,40,145
411,22,15,0.13224,134,239
412,19,24,0.482876,38,149
413,12,6,0.152013,88,191
414,18,0,0.213145,182,288
415,24,10,0.170812,136,235
416,23,16,0.206608,40,149
417,23,10,0.274038,38,128
418,21,18,0.225793,182,279
419,22,5,0.378056,134,235
420,3,1,0.772282,90,182
421,10,6,0.0909162,88,199
422,4,24,0.335182,86,200
423,20,13,0.855914,136,226
424,13,18,0.430699,86,177
425,21,9,0.193327,42,149
426,14,11,0.746198,88,196
427,19,8,0.474814,88,185
428,16,14,0.0248597,38,138
429,13,17,0.91538,136,226
430,13,16,0.079662,134,239
431,11,14,0.40438,136,244
432,18,8,0.321185,86,186
433,0,10,0.506711,42,157
434,22,4,0.0324077,42,140
435,16,14,0.926596,136,236
436,22,17,0.343232,134,231
437,8,14,0.0169709,186,285
438,14,12,0.188549,138,238
439,22,13,0.804632,184,275
440,1,23,0.827573,86,188
441,24,13,0.776887,186,281
442,15,1,0.762799,134,242
443,11,1,0.737097,136,228
444,15,12,0.900021,134,252
445,2,1,0.885367,134,225
446,22,13,0.820008,138,229
447,11,18,0.870529,40,147
448,23,3,0.779798,38,147
449,11,19,0.371205,38,143
450,15,24,0.669592,38,126
451,19,13,0.550386,90,190
452,21,15,0.0731487,38,144
453,14,1,0.187839,184,284
454,15,23,0.0956879,136,231
455,23,0,0.730261,136,242
456,2,0,0.0446309,90,186
457,24,14,0.174244,134,246
458,8,5,0.0417361,136,244
459,22,3,0.208095,138,234
460,9,1,0.138,88,184
461,5,13,0.378566,38,132
462,17,16,0.0766306,42,148
463,4,12,0.16897,134,231
464,18,17,0.837006,86,175
465,16,4,0.877547,138,235
466,1,21,0.325954,138,233
467,3,20,0.0377408,136,238
468,16,5,0.156995,134,241
469,3,24,0.950413,38,153
470,18,20,0.969692,182,279
471,24,11,0.696058,40,152
472,19,20,0.320379,86,193
473,19,3,0.0223748,136,231
474,23,4,0.356137,42,149
475,0,2,0.0984519,184,280
476,20,14,0.348062,38,148
477,14,21,0.847134,184,278
478,13,3,0.610476,86,192
479,0,23,0.0135342,88,195
480,15,21,0.169528,42,146
481,5,13,0.350499,86,180
482,11,18,0.119301,86,193
483,12,1,0.693967,186,280
484,9,12,0.00454545,42,148
485,22,2,0.647038,90,189
486,14,8,0.444068,88,192
487,20,12,0.019385,86,190
488,10,8,0.296476,138,246
489,16,8,0.692298,138,236
490,13,24,0.84311,182,277
491,8,24,0.0261173,136,244
492,13,3,0.149617,88,194
493,23,24,0.592274,134,227
494,17,11,0.115955,182,288
495,3,14,0.0612466,184,279
496,8,14,0.0173214,184,283
497,17,19,0.707718,184,284
498,6,22,0.0288734,42,143
499,10,20,0.0958135,88,193
500,14,1,0.505836,134,234
501,10,11,0.0478455,38,153
502,16,6,0.101373,138,239
503,23,13,0.537526,90,183
504,16,6,0.119984,86,187
505,11,0,0.84346,182,279
506,18,22,0.0175389,134,232
507,14,3,0.258526,182,277
508,5,8,0.0490572,136,244
509,16,6,0.120742,88,189
510,0,17,0.223617,40,145
511,17,10,0.495961,88,190
512,3,19,0.395681,136,231
513,8,1,0.28332,40,133
514,1,3,0.984505,88,180
515,1,19,0.714228,134,231
516,18,2,0.430921,136,244
517,21,22,0.0201975,184,287
518,14,12,0.16833,86,186
519,15,13,0.208444,182,282
520,21,19,0.370692,136,228
521,15,2,0.0124771,88,203
522,11,22,0.855102,42,142
523,3,19,0.57864,86,181
524,0,6,0.118759,138,236
525,0,8,0.408249,136,234
526,1,0,0.724661,40,129
527,23,17,0.180318,88,177
528,1,18,0.42833,184,286
529,0,18,0.829093,42,149
530,20,8,0.24927,134,237
531,13,12,0.128821,90,201
532,22,17,0.312695,40,137
533,5,17,0.397723,42,142
534,11,3,0.789775,138,238
535,5,3,0.589784,90,197
536,0,3,0.353258,182,279
537,17,13,0.415976,184,274
538,9,1,0.0439964,182,278
539,12,10,0.71871,38,158
540,0,3,0.333956,186,283
541,20,4,0.00714558,138,238
542,14,4,0.232732,136,239
543,2,13,0.106068,88,193
544,14,8,0.301031,42,146
545,21,19,0.414348,38,130
546,3,17,0.130042,136,246
547,21,12,0.0128291,186,288
548,13,0,0.648073,138,240
549,23,11,0.365188,40,149
