NODES,25
INDEX,Name,X-coordinate,Y-coordinate
0,0,-,-
1,1,-,-
2,2,-,-
3,3,-,-
4,4,-,-
5,5,-,-
6,6,-,-
7,7,-,-
8,8,-,-
9,9,-,-
10,10,-,-
11,11,-,-
12,12,-,-
13,13,-,-
14,14,-,-
15,15,-,-
16,16,-,-
17,17,-,-
18,18,-,-
19,19,-,-
20,20,-,-
21,21,-,-
22,22,-,-
23,23,-,-
24,24,-,-
ARCS,529
Index,Origin,Destination,Variable Cost,Fixed Cost,Capacity,Travel time
0,0,1,0,117.8,1,5
1,1,0,0,117.8,1,5
2,1,2,0,234.05,1,7
3,1,3,0,260.4,1,8
4,1,4,0,175.15,1,6
5,1,5,0,486.7,1,15
6,1,6,0,323.95,1,9
7,1,8,0,323.95,1,9
8,1,9,0,447.95,1,12
9,1,10,0,883.5,1,26
10,1,11,0,255.75,1,8
11,1,12,0,387.5,1,10
12,1,13,0,489.8,1,14
13,1,14,0,525.45,1,16
14,1,15,0,1002.85,1,24
15,1,16,0,252.65,1,8
16,1,17,0,545.6,1,16
17,1,18,0,680.45,1,18
18,1,19,0,503.75,1,13
19,1,20,0,358.05,1,10
20,1,21,0,409.2,1,11
21,1,22,0,266.6,1,8
22,1,23,0,699.05,1,18
23,1,24,0,903.65,1,24
24,2,1,0,234.05,1,7
25,3,1,0,260.4,1,8
26,3,4,0,230.95,1,8
27,3,8,0,311.55,1,9
28,3,12,0,144.15,1,5
29,3,13,0,661.85,1,20
30,3,14,0,418.5,1,11
31,3,16,0,151.9,1,5
32,3,19,0,396.8,1,11
33,3,21,0,469.65,1,14
34,3,22,0,429.35,1,13
35,4,1,0,175.15,1,6
36,4,3,0,230.95,1,8
37,5,1,0,486.7,1,15
38,5,13,0,367.35,1,10
39,6,1,0,323.95,1,9
40,6,13,0,430.9,1,11
41,7,1,0,103.85,1,4
42,8,1,0,323.95,1,9
43,8,3,0,311.55,1,9
44,8,13,0,415.4,1,11
45,8,16,0,161.2,1,6
46,8,21,0,158.1,1,5
47,9,1,0,447.95,1,12
48,10,1,0,891.25,1,23
49,10,23,0,192.2,1,6
50,11,1,0,255.75,1,8
51,11,13,0,592.1,1,16
52,12,1,0,387.5,1,10
53,12,3,0,144.15,1,5
54,13,1,0,489.8,1,13
55,13,3,0,669.6,1,22
56,13,5,0,367.35,1,10
57,13,6,0,430.9,1,12
58,13,10,0,483.6,1,12
59,13,11,0,596.75,1,17
60,13,15,0,553.35,1,14
61,13,17,0,176.7,1,6
62,13,18,0,248,1,7
63,13,19,0,573.5,1,16
64,13,20,0,198.4,1,6
65,13,21,0,275.9,1,8
66,13,22,0,232.5,1,7
67,13,23,0,323.95,1,9
68,13,24,0,449.5,1,11
69,14,1,0,525.45,1,16
70,14,3,0,418.5,1,11
71,14,19,0,111.6,1,4
72,14,21,0,384.4,1,10
73,15,1,0,1002.85,1,24
74,15,13,0,553.35,1,16
75,15,18,0,350.3,1,10
76,15,21,0,747.1,1,20
77,15,23,0,412.3,1,11
78,16,1,0,252.65,1,8
79,16,3,0,151.9,1,5
80,16,8,0,161.2,1,6
81,16,13,0,581.25,1,17
82,16,21,0,305.35,1,9
83,17,1,0,544.05,1,14
84,17,13,0,176.7,1,6
85,17,18,0,127.1,1,5
86,17,21,0,292.95,1,8
87,18,1,0,666.5,1,17
88,18,10,0,308.45,1,10
89,18,13,0,248,1,7
90,18,15,0,350.3,1,10
91,18,17,0,127.1,1,5
92,18,19,0,719.2,1,19
93,18,21,0,421.6,1,11
94,18,22,0,421.6,1,13
95,18,23,0,116.25,1,4
96,18,24,0,237.15,1,7
97,19,1,0,503.75,1,13
98,19,3,0,396.8,1,11
99,19,8,0,240.25,1,7
100,19,14,0,111.6,1,4
101,19,21,0,297.6,1,8
102,20,1,0,358.05,1,10
103,20,13,0,198.4,1,6
104,20,23,0,522.35,1,15
105,21,1,0,409.2,1,11
106,21,3,0,458.8,1,13
107,21,8,0,158.1,1,5
108,21,13,0,275.9,1,8
109,21,14,0,384.4,1,10
110,21,15,0,829.25,1,22
111,21,17,0,292.95,1,8
112,21,18,0,420.05,1,13
113,21,19,0,297.6,1,8
114,21,23,0,440.2,1,11
115,22,1,0,266.6,1,8
116,22,3,0,429.35,1,12
117,22,13,0,232.5,1,7
118,23,1,0,699.05,1,17
119,23,10,0,192.2,1,6
120,23,13,0,323.95,1,9
121,23,15,0,412.3,1,11
122,23,17,0,153.45,1,5
123,23,18,0,116.25,1,4
124,23,21,0,446.4,1,13
125,23,24,0,305.35,1,9
126,24,1,0,903.65,1,24
127,24,13,0,449.5,1,11
128,24,18,0,237.15,1,7
129,24,23,0,305.35,1,9
130,0,2,0,161.2,1,6
131,0,3,0,353.4,1,10
132,0,4,0,285.2,1,9
133,0,5,0,474.3,1,13
134,0,6,0,246.45,1,8
135,0,8,0,427.8,1,12
136,0,9,0,379.75,1,11
137,0,10,0,931.55,1,25
138,0,11,0,158.1,1,5
139,0,12,0,401.45,1,11
140,0,14,0,632.4,1,17
141,0,15,0,1063.3,1,28
142,0,16,0,367.35,1,11
143,0,17,0,596.75,1,16
144,0,18,0,717.65,1,19
145,0,19,0,615.35,1,17
146,0,20,0,361.15,1,10
147,0,21,0,444.85,1,13
148,0,22,0,297.6,1,9
149,0,23,0,739.35,1,20
150,0,24,0,957.9,1,25
151,1,7,0,103.85,1,4
152,2,0,0,161.2,1,6
153,2,3,0,480.5,1,13
154,2,4,0,409.2,1,12
155,2,5,0,257.3,1,8
156,2,6,0,110.05,1,4
157,2,8,0,412.3,1,12
158,2,9,0,229.4,1,7
159,2,10,0,872.65,1,23
160,2,11,0,182.9,1,6
161,2,12,0,582.8,1,16
162,2,13,0,390.6,1,11
163,2,14,0,790.5,1,21
164,2,15,0,940.85,1,25
165,2,16,0,475.85,1,13
166,2,17,0,568.85,1,16
167,2,18,0,638.6,1,17
168,2,19,0,643.25,1,17
169,2,20,0,207.7,1,7
170,2,21,0,424.7,1,12
171,2,22,0,308.45,1,9
172,2,23,0,716.1,1,19
173,2,24,0,847.85,1,23
174,3,0,0,353.4,1,10
175,3,2,0,480.5,1,13
176,3,6,0,554.9,1,15
177,3,9,0,685.1,1,18
178,3,10,0,995.1,1,26
179,3,11,0,477.4,1,13
180,3,15,0,1224.5,1,32
181,3,17,0,764.15,1,20
182,3,18,0,833.9,1,22
183,3,20,0,620,1,17
184,3,23,0,888.15,1,23
185,3,24,0,1108.25,1,29
186,4,0,0,285.2,1,9
187,4,2,0,409.2,1,12
188,4,6,0,494.45,1,14
189,4,7,0,75.95,1,3
190,4,8,0,142.6,1,5
191,4,9,0,624.65,1,17
192,4,10,0,838.55,1,22
193,4,11,0,406.1,1,12
194,4,12,0,331.7,1,9
195,4,13,0,427.8,1,12
196,4,14,0,410.75,1,12
197,4,15,0,970.3,1,26
198,4,16,0,147.25,1,5
199,4,17,0,503.75,1,14
200,4,18,0,624.65,1,17
201,4,19,0,390.6,1,11
202,4,20,0,413.85,1,12
203,4,21,0,263.5,1,8
204,4,22,0,204.6,1,7
205,4,23,0,646.35,1,18
206,4,24,0,861.8,1,23
207,5,0,0,474.3,1,13
208,5,2,0,257.3,1,8
209,5,6,0,161.2,1,5
210,5,9,0,198.4,1,6
211,5,11,0,320.85,1,9
212,5,18,0,660.3,1,16
213,5,20,0,178.25,1,6
214,5,23,0,720.75,1,19
215,6,0,0,246.45,1,8
216,6,2,0,110.05,1,4
217,6,3,0,554.9,1,15
218,6,4,0,494.45,1,14
219,6,5,0,161.2,1,5
220,6,8,0,637.05,1,17
221,6,9,0,141.05,1,5
222,6,10,0,939.3,1,25
223,6,11,0,165.85,1,5
224,6,12,0,623.1,1,17
225,6,14,0,840.1,1,22
226,6,15,0,982.7,1,26
227,6,16,0,576.6,1,16
228,6,17,0,615.35,1,17
229,6,18,0,685.1,1,18
230,6,19,0,824.6,1,22
231,6,20,0,243.35,1,7
232,6,21,0,593.65,1,16
233,6,22,0,446.4,1,13
234,6,23,0,761.05,1,20
235,6,24,0,877.3,1,23
236,7,3,0,246.45,1,8
237,7,4,0,75.95,1,3
238,8,0,0,427.8,1,12
239,8,2,0,412.3,1,12
240,8,4,0,142.6,1,5
241,8,6,0,637.05,1,17
242,8,9,0,767.25,1,21
243,8,10,0,714.55,1,19
244,8,11,0,545.6,1,15
245,8,12,0,460.35,1,13
246,8,14,0,328.6,1,10
247,8,15,0,883.5,1,23
248,8,17,0,427.8,1,12
249,8,18,0,542.5,1,15
250,8,19,0,240.25,1,7
251,8,20,0,444.85,1,13
252,8,22,0,203.05,1,7
253,8,23,0,536.3,1,15
254,8,24,0,801.35,1,21
255,9,0,0,379.75,1,11
256,9,2,0,229.4,1,7
257,9,3,0,685.1,1,18
258,9,4,0,624.65,1,17
259,9,5,0,198.4,1,6
260,9,6,0,141.05,1,5
261,9,8,0,767.25,1,21
262,9,10,0,1069.5,1,28
263,9,11,0,297.6,1,8
264,9,12,0,753.3,1,20
265,9,13,0,469.65,1,12
266,9,14,0,652.55,1,18
267,9,15,0,1112.9,1,29
268,9,16,0,706.8,1,19
269,9,17,0,646.35,1,18
270,9,18,0,711.45,1,18
271,9,19,0,954.8,1,25
272,9,20,0,279,1,8
273,9,21,0,723.85,1,19
274,9,22,0,576.6,1,16
275,9,23,0,891.25,1,24
276,9,24,0,1019.9,1,27
277,10,0,0,931.55,1,25
278,10,2,0,872.65,1,23
279,10,3,0,995.1,1,26
280,10,4,0,838.55,1,22
281,10,6,0,939.3,1,25
282,10,8,0,714.55,1,19
283,10,9,0,1069.5,1,28
284,10,11,0,1133.05,1,30
285,10,12,0,1086.55,1,28
286,10,13,0,483.6,1,12
287,10,14,0,970.3,1,26
288,10,15,0,224.75,1,7
289,10,16,0,872.65,1,23
290,10,17,0,334.8,1,9
291,10,18,0,306.9,1,9
292,10,19,0,909.85,1,24
293,10,20,0,714.55,1,19
294,10,21,0,623.1,1,16
295,10,22,0,623.1,1,17
296,10,24,0,286.75,1,8
297,11,0,0,158.1,1,5
298,11,2,0,182.9,1,6
299,11,3,0,477.4,1,13
300,11,4,0,406.1,1,12
301,11,5,0,320.85,1,9
302,11,6,0,165.85,1,5
303,11,8,0,545.6,1,15
304,11,9,0,297.6,1,9
305,11,10,0,1133.05,1,30
306,11,12,0,523.9,1,14
307,11,14,0,770.35,1,21
308,11,15,0,1112.9,1,29
309,11,16,0,488.25,1,14
310,11,17,0,798.25,1,21
311,11,18,0,832.35,1,21
312,11,19,0,748.65,1,20
313,11,20,0,406.1,1,11
314,11,21,0,649.45,1,18
315,11,22,0,499.1,1,14
316,11,23,0,852.5,1,23
317,11,24,0,1021.45,1,27
318,12,0,0,401.45,1,11
319,12,2,0,582.8,1,16
320,12,4,0,331.7,1,10
321,12,6,0,623.1,1,17
322,12,8,0,460.35,1,13
323,12,9,0,753.3,1,20
324,12,10,0,1086.55,1,28
325,12,11,0,523.9,1,14
326,12,13,0,776.55,1,20
327,12,14,0,550.25,1,15
328,12,15,0,1233.8,1,32
329,12,16,0,296.05,1,9
330,12,17,0,776.55,1,21
331,12,18,0,1038.5,1,27
332,12,19,0,523.9,1,14
333,12,20,0,637.05,1,17
334,12,21,0,554.9,1,15
335,12,22,0,556.45,1,15
336,12,23,0,919.15,1,24
337,12,24,0,1137.7,1,30
338,13,2,0,390.6,1,11
339,13,4,0,427.8,1,12
340,13,8,0,415.4,1,11
341,13,9,0,469.65,1,12
342,13,14,0,655.65,1,17
343,13,16,0,530.1,1,14
344,14,0,0,632.4,1,17
345,14,2,0,790.5,1,21
346,14,4,0,410.75,1,12
347,14,6,0,840.1,1,22
348,14,8,0,328.6,1,10
349,14,9,0,652.55,1,18
350,14,10,0,970.3,1,26
351,14,11,0,770.35,1,21
352,14,12,0,550.25,1,15
353,14,13,0,655.65,1,17
354,14,15,0,1106.7,1,28
355,14,16,0,272.8,1,8
356,14,17,0,671.15,1,18
357,14,18,0,798.25,1,20
358,14,20,0,852.5,1,23
359,14,22,0,527,1,15
360,14,23,0,818.4,1,20
361,14,24,0,995.1,1,26
362,15,0,0,1063.3,1,28
363,15,2,0,940.85,1,25
364,15,3,0,1224.5,1,32
365,15,4,0,970.3,1,26
366,15,6,0,982.7,1,26
367,15,8,0,883.5,1,23
368,15,9,0,1112.9,1,29
369,15,10,0,224.75,1,7
370,15,11,0,1112.9,1,29
371,15,12,0,1233.8,1,32
372,15,14,0,1106.7,1,28
373,15,16,0,1027.65,1,27
374,15,17,0,454.15,1,12
375,15,19,0,1023,1,27
376,15,20,0,757.95,1,19
377,15,22,0,733.15,1,19
378,15,24,0,110.05,1,4
379,16,0,0,367.35,1,11
380,16,2,0,475.85,1,13
381,16,4,0,147.25,1,5
382,16,6,0,576.6,1,16
383,16,7,0,155,1,5
384,16,9,0,706.8,1,19
385,16,10,0,872.65,1,23
386,16,11,0,488.25,1,14
387,16,12,0,296.05,1,8
388,16,14,0,272.8,1,8
389,16,15,0,1027.65,1,27
390,16,17,0,570.4,1,16
391,16,18,0,686.65,1,19
392,16,19,0,251.1,1,7
393,16,20,0,525.45,1,15
394,16,22,0,302.25,1,9
395,16,23,0,692.85,1,19
396,16,24,0,951.7,1,25
397,17,0,0,596.75,1,16
398,17,2,0,568.85,1,16
399,17,3,0,764.15,1,20
400,17,4,0,503.75,1,14
401,17,5,0,530.1,1,14
402,17,6,0,615.35,1,17
403,17,8,0,427.8,1,12
404,17,9,0,649.45,1,18
405,17,10,0,334.8,1,10
406,17,11,0,798.25,1,21
407,17,12,0,776.55,1,21
408,17,14,0,671.15,1,17
409,17,15,0,454.15,1,12
410,17,16,0,570.4,1,16
411,17,19,0,581.25,1,16
412,17,20,0,373.55,1,10
413,17,22,0,294.5,1,8
414,17,23,0,153.45,1,5
415,17,24,0,362.7,1,10
416,18,0,0,719.2,1,19
417,18,2,0,638.6,1,17
418,18,3,0,833.9,1,22
419,18,4,0,624.65,1,17
420,18,5,0,660.3,1,16
421,18,6,0,685.1,1,18
422,18,8,0,542.5,1,15
423,18,9,0,711.45,1,18
424,18,11,0,832.35,1,21
425,18,12,0,1038.5,1,27
426,18,14,0,798.25,1,21
427,18,16,0,686.65,1,19
428,18,20,0,438.65,1,12
429,19,0,0,615.35,1,17
430,19,2,0,643.25,1,17
431,19,4,0,390.6,1,11
432,19,6,0,824.6,1,22
433,19,9,0,954.8,1,25
434,19,10,0,909.85,1,24
435,19,11,0,748.65,1,20
436,19,12,0,523.9,1,14
437,19,13,0,565.75,1,14
438,19,15,0,1023,1,27
439,19,16,0,251.1,1,7
440,19,17,0,581.25,1,16
441,19,18,0,709.9,1,18
442,19,20,0,764.15,1,20
443,19,22,0,437.1,1,12
444,19,23,0,728.5,1,18
445,19,24,0,942.4,1,25
446,20,0,0,361.15,1,10
447,20,2,0,207.7,1,7
448,20,3,0,620,1,17
449,20,4,0,413.85,1,12
450,20,5,0,178.25,1,6
451,20,6,0,243.35,1,7
452,20,8,0,444.85,1,13
453,20,9,0,279,1,8
454,20,10,0,714.55,1,19
455,20,11,0,406.1,1,11
456,20,12,0,637.05,1,17
457,20,14,0,878.85,1,23
458,20,15,0,757.95,1,19
459,20,16,0,525.45,1,15
460,20,17,0,373.55,1,11
461,20,18,0,438.65,1,12
462,20,19,0,764.15,1,20
463,20,21,0,466.55,1,13
464,20,22,0,272.8,1,8
465,20,24,0,641.7,1,17
466,21,0,0,444.85,1,13
467,21,2,0,424.7,1,12
468,21,4,0,263.5,1,8
469,21,6,0,593.65,1,16
470,21,9,0,723.85,1,19
471,21,10,0,623.1,1,16
472,21,11,0,646.35,1,18
473,21,12,0,554.9,1,15
474,21,16,0,305.35,1,9
475,21,20,0,466.55,1,13
476,21,22,0,142.6,1,5
477,21,24,0,651,1,18
478,22,0,0,297.6,1,9
479,22,2,0,308.45,1,10
480,22,4,0,204.6,1,7
481,22,6,0,446.4,1,13
482,22,8,0,203.05,1,6
483,22,9,0,576.6,1,16
484,22,10,0,623.1,1,17
485,22,11,0,499.1,1,14
486,22,12,0,556.45,1,15
487,22,14,0,527,1,15
488,22,15,0,733.15,1,19
489,22,16,0,302.25,1,9
490,22,17,0,294.5,1,8
491,22,18,0,404.55,1,10
492,22,19,0,437.1,1,12
493,22,20,0,272.8,1,9
494,22,21,0,142.6,1,5
495,22,23,0,432.45,1,11
496,22,24,0,643.25,1,17
497,23,0,0,739.35,1,20
498,23,2,0,716.1,1,19
499,23,3,0,888.15,1,23
500,23,4,0,646.35,1,18
501,23,6,0,761.05,1,20
502,23,8,0,536.3,1,15
503,23,9,0,891.25,1,24
504,23,11,0,852.5,1,23
505,23,12,0,919.15,1,24
506,23,14,0,818.4,1,20
507,23,16,0,692.85,1,19
508,23,19,0,728.5,1,18
509,23,20,0,522.35,1,14
510,23,22,0,432.45,1,11
511,24,0,0,957.9,1,25
512,24,2,0,847.85,1,23
513,24,3,0,1108.25,1,29
514,24,4,0,861.8,1,23
515,24,6,0,877.3,1,23
516,24,8,0,801.35,1,21
517,24,9,0,1019.9,1,27
518,24,10,0,286.75,1,8
519,24,11,0,1021.45,1,27
520,24,12,0,1137.7,1,30
521,24,14,0,995.1,1,26
522,24,15,0,110.05,1,4
523,24,16,0,951.7,1,25
524,24,17,0,362.7,1,10
525,24,19,0,942.4,1,25
526,24,20,0,641.7,1,17
527,24,21,0,651,1,16
528,24,22,0,643.25,1,17
PATHS,600
Index,Shipment origin,Shipment destination,1st terminal on path,2nd terminal on path,.....,6th terminal on path
0,0,1,0,1
1,0,2,0,1,2
2,0,3,0,1,3
3,0,4,0,1,4
4,0,5,0,1,5
5,0,6,0,1,6
6,0,7,0,1,7
7,0,8,0,1,8
8,0,9,0,1,9
9,0,10,0,1,10
10,0,11,0,1,11
11,0,12,0,1,12
12,0,13,0,1,13
13,0,14,0,1,14
14,0,15,0,1,15
15,0,16,0,1,16
16,0,17,0,1,17
17,0,18,0,1,18
18,0,19,0,1,19
19,0,20,0,1,20
20,0,21,0,1,21
21,0,22,0,1,22
22,0,23,0,1,23
23,0,24,0,1,24
24,1,0,1,0
25,1,2,1,2
26,1,3,1,3
27,1,4,1,4
28,1,5,1,5
29,1,6,1,6
30,1,7,1,7
31,1,8,1,8
32,1,9,1,9
33,1,10,1,10
34,1,11,1,11
35,1,12,1,12
36,1,13,1,13
37,1,14,1,14
38,1,15,1,15
39,1,16,1,16
40,1,17,1,17
41,1,18,1,18
42,1,19,1,19
43,1,20,1,20
44,1,21,1,21
45,1,22,1,22
46,1,23,1,23
47,1,24,1,24
48,2,0,2,1,0
49,2,1,2,1
50,2,3,2,1,3
51,2,4,2,1,4
52,2,5,2,1,5
53,2,6,2,1,6
54,2,8,2,1,8
55,2,7,2,1,7
56,2,9,2,1,9
57,2,10,2,1,10
58,2,11,2,1,11
59,2,12,2,1,12
60,2,13,2,1,13
61,2,14,2,1,14
62,2,15,2,1,15
63,2,16,2,1,16
64,2,17,2,1,17
65,2,18,2,1,18
66,2,19,2,1,19
67,2,20,2,1,20
68,2,21,2,1,21
69,2,22,2,1,22
70,2,23,2,1,23
71,2,24,2,1,24
72,3,0,3,1,0
73,3,1,3,1
74,3,2,3,1,2
75,3,4,3,4
76,3,5,3,1,5
77,3,6,3,1,6
78,3,7,3,1,7
79,3,8,3,8
80,3,9,3,1,9
81,3,10,3,13,10
82,3,11,3,1,11
83,3,12,3,12
84,3,13,3,13
85,3,14,3,14
86,3,15,3,13,15
87,3,16,3,16
88,3,17,3,13,17
89,3,18,3,13,18
90,3,19,3,19
91,3,20,3,1,20
92,3,21,3,21
93,3,22,3,22
94,3,23,3,21,23
95,3,24,3,13,24
96,4,0,4,1,0
97,4,1,4,1
98,4,2,4,1,2
99,4,3,4,3
100,4,5,4,1,5
101,4,6,4,1,6
102,4,7,4,1,7
103,4,8,4,1,8
104,4,9,4,1,9
105,4,10,4,1,10
106,4,11,4,1,11
107,4,12,4,3,12
108,4,13,4,1,13
109,4,14,4,3,14
110,4,15,4,1,15
111,4,16,4,3,16
112,4,17,4,1,17
113,4,18,4,1,18
114,4,19,4,3,19
115,4,20,4,1,20
116,4,21,4,1,21
117,4,22,4,1,22
118,4,23,4,1,23
119,4,24,4,1,24
120,5,0,5,1,0
121,5,1,5,1
122,5,2,5,1,2
123,5,3,5,1,3
124,5,4,5,1,4
125,5,6,5,1,6
126,5,7,5,1,7
127,5,8,5,1,8
128,5,9,5,1,9
129,5,10,5,13,10
130,5,11,5,1,11
131,5,12,5,1,12
132,5,13,5,13
133,5,14,5,1,14
134,5,15,5,13,15
135,5,16,5,1,16
136,5,17,5,13,17
137,5,18,5,13,18
138,5,19,5,13,21,19
139,5,20,5,13,20
140,5,21,5,13,21
141,5,22,5,1,22
142,5,23,5,13,23
143,5,24,5,13,24
144,6,0,6,1,0
145,6,1,6,1
146,6,2,6,1,2
147,6,3,6,1,3
148,6,4,6,1,4
149,6,5,6,1,5
150,6,7,6,1,7
151,6,8,6,1,8
152,6,9,6,1,9
153,6,10,6,1,10
154,6,11,6,1,11
155,6,12,6,1,12
156,6,13,6,1,13
157,6,14,6,1,14
158,6,15,6,1,15
159,6,16,6,1,16
160,6,17,6,1,17
161,6,18,6,1,18
162,6,19,6,1,19
163,6,20,6,1,20
164,6,21,6,1,21
165,6,22,6,1,22
166,6,23,6,1,23
167,6,24,6,1,24
168,7,0,7,1,0
169,7,1,7,1
170,7,2,7,1,2
171,7,3,7,3
172,7,4,7,4
173,7,5,7,1,5
174,7,6,7,3,6
175,7,8,7,3,8
176,7,9,7,1,9
177,7,10,7,1,9
178,7,11,7,3,11
179,7,12,7,4,12
180,7,13,7,4,13
181,7,14,7,4,14
182,7,15,7,4,15
183,7,16,7,4,16
184,7,17,7,1,17
185,7,18,7,1,18
186,7,19,7,1,19
187,7,20,7,1,20
188,7,21,7,1,21
189,7,22,7,1,22
190,7,23,7,1,23
191,7,24,7,1,24
192,8,0,8,1,0
193,8,1,8,1
194,8,2,8,1,2
195,8,3,8,3
196,8,4,8,1,4
197,8,5,8,1,5
198,8,6,8,1,6
199,8,7,8,1,7
200,8,9,8,1,9
201,8,10,8,21,23,10
202,8,11,8,1,11
203,8,12,8,3,12
204,8,13,8,21,13
205,8,14,8,21,14
206,8,15,8,21,13,15
207,8,16,8,3,16
208,8,17,8,21,17
209,8,18,8,21,18
210,8,19,8,21,19
211,8,20,8,1,20
212,8,21,8,21
213,8,22,8,1,22
214,8,23,8,21,23
215,8,24,8,21,13,24
216,9,0,9,1,0
217,9,1,9,1
218,9,2,9,1,2
219,9,3,9,1,3
220,9,4,9,1,4
221,9,5,9,1,5
222,9,6,9,1,6
223,9,7,9,1,7
224,9,8,9,1,8
225,9,10,9,1,10
226,9,11,9,1,11
227,9,12,9,1,12
228,9,13,9,1,13
229,9,14,9,1,14
230,9,15,9,1,15
231,9,16,9,1,16
232,9,17,9,1,17
233,9,18,9,1,18
234,9,19,9,1,19
235,9,20,9,1,20
236,9,21,9,1,21
237,9,22,9,1,22
238,9,23,9,1,23
239,9,24,9,1,24
240,10,0,10,1,0
241,10,1,10,1
242,10,2,10,1,2
243,10,3,10,1,3
244,10,4,10,1,4
245,10,5,10,23,13,5
246,10,6,10,23,13,6
247,10,7,10,1,7
248,10,8,10,23,21,8
249,10,9,10,1,9
250,10,11,10,1,11
251,10,12,10,1,12
252,10,13,10,23,13
253,10,14,10,23,21,14
254,10,15,10,23,15
255,10,16,10,1,16
256,10,17,10,23,17
257,10,18,10,23,18
258,10,19,10,23,21,19
259,10,20,10,23,13,20
260,10,21,10,23,21
261,10,22,10,23,22
262,10,23,10,23
263,10,24,10,23,24
264,11,0,11,1,0
265,11,1,11,1
266,11,2,11,1,2
267,11,3,11,1,3
268,11,4,11,1,4
269,11,5,11,1,5
270,11,6,11,1,6
271,11,7,11,1,7
272,11,8,11,1,8
273,11,9,11,1,9
274,11,10,11,13,10
275,11,12,11,1,12
276,11,13,11,13
277,11,14,11,1,14
278,11,15,11,13,15
279,11,16,11,1,16
280,11,17,11,13,17
281,11,18,11,13,18
282,11,19,11,1,19
283,11,20,11,1,20
284,11,21,11,1,21
285,11,22,11,1,22
286,11,23,11,13,23
287,11,24,11,13,24
288,12,0,12,1,0
289,12,1,12,1
290,12,2,12,1,2
291,12,3,12,3
292,12,4,12,3,4
293,12,5,12,1,5
294,12,6,12,1,6
295,12,7,12,1,7
296,12,8,12,3,8
297,12,9,12,1,9
298,12,10,12,1,10
299,12,11,12,1,11
300,12,13,12,3,13
301,12,14,12,3,14
302,12,15,12,1,15
303,12,16,12,3,16
304,12,17,12,1,17
305,12,18,12,1,18
306,12,19,12,3,19
307,12,20,12,1,20
308,12,21,12,3,21
309,12,22,12,3,22
310,12,23,12,1,23
311,12,24,12,1,24
312,13,0,13,1,0
313,13,1,13,1
314,13,2,13,1,2
315,13,3,13,3
316,13,4,13,4
317,13,5,13,5
318,13,6,13,6
319,13,7,13,1,7
320,13,8,13,21,8
321,13,9,13,1,9
322,13,10,13,10
323,13,11,13,11
324,13,12,13,3,12
325,13,14,13,21,14
326,13,15,13,15
327,13,16,13,1,16
328,13,17,13,17
329,13,18,13,18
330,13,19,13,21,19
331,13,20,13,20
332,13,21,13,21
333,13,22,13,22
334,13,23,13,23
335,13,24,13,24
336,14,0,14,1,0
337,14,1,14,1
338,14,2,14,1,2
339,14,3,14,3
340,14,4,14,3,4
341,14,5,14,1,5
342,14,6,14,1,6
343,14,7,14,1,7
344,14,8,14,3,8
345,14,9,14,1,9
346,14,10,14,21,23,10
347,14,11,14,1,11
348,14,12,14,3,12
349,14,13,14,21,13
350,14,15,14,21,13,15
351,14,16,14,3,16
352,14,17,14,21,17
353,14,18,14,21,18
354,14,19,14,1,19
355,14,20,14,1,20
356,14,21,14,21
357,14,22,14,1,22
358,14,23,14,21,23
359,14,24,14,21,13,24
360,15,0,15,1,0
361,15,1,15,1
362,15,2,15,1,2
363,15,3,15,13,3
364,15,4,15,1,4
365,15,5,15,13,5
366,15,6,15,13,6
367,15,7,15,1,7
368,15,8,15,21,8
369,15,9,15,1,9
370,15,10,15,10
371,15,11,15,1,11
372,15,12,15,1,12
373,15,13,15,13
374,15,14,15,21,14
375,15,16,15,1,16
376,15,17,15,17
377,15,18,15,18
378,15,19,15,21,19
379,15,20,15,13,20
380,15,21,15,21
381,15,22,15,13,22
382,15,23,15,23
383,15,24,15,24
384,16,0,16,1,0
385,16,1,16,1
386,16,2,16,1,2
387,16,3,16,3
388,16,4,16,3,4
389,16,5,16,1,5
390,16,6,16,1,6
391,16,7,16,1,7
392,16,8,16,3,8
393,16,9,16,1,9
394,16,10,16,13,10
395,16,11,16,1,11
396,16,12,16,3,12
397,16,13,16,13
398,16,14,16,3,14
399,16,15,16,13,15
400,16,17,16,13,17
401,16,18,16,13,18
402,16,19,16,3,19
403,16,20,16,1,20
404,16,21,16,21
405,16,22,16,3,22
406,16,23,16,13,23
407,16,24,16,13,24
408,17,0,17,1,0
409,17,1,17,1
410,17,2,17,1,2
411,17,3,17,13,3
412,17,4,17,1,4
413,17,5,17,13,5
414,17,6,17,13,6
415,17,7,17,1,7
416,17,8,17,21,8
417,17,9,17,1,9
418,17,10,17,13,10
419,17,11,17,1,11
420,17,12,17,1,12
421,17,13,17,13
422,17,14,17,21,14
423,17,15,17,13,15
424,17,16,17,1,16
425,17,18,17,18
426,17,19,17,21,19
427,17,20,17,13,20
428,17,21,17,21
429,17,22,17,13,22
430,17,23,17,13,23
431,17,24,17,13,24
432,18,0,18,1,0
433,18,1,18,1
434,18,2,18,1,2
435,18,3,18,13,3
436,18,4,18,1,4
437,18,5,18,13,5
438,18,6,18,13,6
439,18,7,18,1,7
440,18,8,18,21,8
441,18,9,18,13,1,9
442,18,10,18,10
443,18,11,18,1,11
444,18,12,18,1,12
445,18,13,18,13
446,18,14,18,21,14
447,18,15,18,15
448,18,16,18,1,16
449,18,17,18,17
450,18,19,18,21,19
451,18,20,18,13,20
452,18,21,18,21
453,18,22,18,13,22
454,18,23,18,23
455,18,24,18,24
456,19,0,19,1,0
457,19,1,19,1
458,19,2,19,1,2
459,19,3,19,3
460,19,4,19,3,4
461,19,5,19,1,5
462,19,6,19,1,6
463,19,7,19,1,7
464,19,8,19,21,8
465,19,9,19,1,9
466,19,10,19,1,10
467,19,11,19,1,11
468,19,12,19,3,12
469,19,13,19,21,13
470,19,14,19,1,14
471,19,15,19,21,13,15
472,19,16,19,3,16
473,19,17,19,21,17
474,19,18,19,21,18
475,19,20,19,1,20
476,19,21,19,21
477,19,22,19,1,22
478,19,23,19,21,23
479,19,24,19,21,13,24
480,20,0,20,1,0
481,20,1,20,1
482,20,2,20,1,2
483,20,3,20,1,3
484,20,4,20,1,4
485,20,5,20,1,5
486,20,6,20,1,6
487,20,7,20,1,7
488,20,8,20,1,8
489,20,9,20,1,9
490,20,10,20,13,10
491,20,11,20,1,11
492,20,12,20,1,12
493,20,13,20,13
494,20,14,20,1,14
495,20,15,20,13,15
496,20,16,20,1,16
497,20,17,20,13,17
498,20,18,20,13,18
499,20,19,20,1,19
500,20,21,20,1,21
501,20,22,20,13,22
502,20,23,20,13,23
503,20,24,20,13,24
504,21,0,21,1,0
505,21,1,21,1
506,21,2,21,1,2
507,21,3,21,3
508,21,4,21,1,4
509,21,5,21,13,5
510,21,6,21,13,6
511,21,7,21,1,7
512,21,8,21,8
513,21,9,21,1,9
514,21,10,21,23,10
515,21,11,21,1,11
516,21,12,21,3,12
517,21,13,21,13
518,21,14,21,14
519,21,15,21,13,15
520,21,16,21,3,16
521,21,17,21,17
522,21,18,21,18
523,21,19,21,19
524,21,20,21,1,20
525,21,22,21,1,22
526,21,23,21,23
527,21,24,21,13,24
528,22,0,22,1,0
529,22,1,22,1
530,22,2,22,1,2
531,22,3,22,3
532,22,4,22,1,4
533,22,5,22,13,5
534,22,6,22,1,6
535,22,7,22,1,7
536,22,8,22,1,8
537,22,9,22,1,9
538,22,10,22,13,10
539,22,11,22,1,11
540,22,12,22,3,12
541,22,13,22,13
542,22,14,22,1,14
543,22,15,22,13,15
544,22,16,22,1,16
545,22,17,22,13,17
546,22,18,22,13,18
547,22,19,22,1,19
548,22,20,22,13,20
549,22,21,22,1,21
550,22,23,22,13,23
551,22,24,22,13,24
552,23,0,23,1,0
553,23,1,23,1
554,23,2,23,1,2
555,23,3,23,1,3
556,23,4,23,1,4
557,23,5,23,13,5
558,23,6,23,13,6
559,23,7,23,1,7
560,23,8,23,21,8
561,23,9,23,1,9
562,23,10,23,10
563,23,11,23,1,11
564,23,12,23,1,12
565,23,13,23,13
566,23,14,23,21,14
567,23,15,23,15
568,23,16,23,1,16
569,23,17,23,17
570,23,18,23,18
571,23,19,23,21,19
572,23,20,23,13,20
573,23,21,23,21
574,23,22,23,22
575,23,24,23,24
576,24,0,24,1,0
577,24,1,24,1
578,24,2,24,1,2
579,24,3,24,13,3
580,24,4,24,1,4
581,24,5,24,13,5
582,24,6,24,13,6
583,24,7,24,1,7
584,24,8,24,18,21,8
585,24,9,24,13,1,9
586,24,10,24,23,10
587,24,11,24,13,11
588,24,12,24,1,12
589,24,13,24,13
590,24,14,24,18,21,14
591,24,15,24,15
592,24,16,24,1,16
593,24,17,24,13,17
594,24,18,24,18
595,24,19,24,18,21,19
596,24,20,24,13,20
597,24,21,24,18,21
598,24,22,24,13,22
599,24,23,24,23
COMMODITIES,600
Index,Origin,Destination,Demand/Size,Earliest available time,Latest delivery time
0,20,3,0.372692,136,178
1,12,18,0.121888,186,238
2,14,18,0.68615,182,229
3,22,0,0.199858,184,221
4,19,12,0.0358698,136,176
5,22,24,0.422927,40,82
6,23,15,0.227334,90,125
7,16,8,0.972039,134,172
8,14,5,0.39076,40,95
9,1,20,0.181836,86,120
10,21,13,0.867552,42,74
11,12,2,0.12741,232,273
12,16,10,0.0281169,40,93
13,22,11,0.470323,234,274
14,8,12,0.211272,136,174
15,23,10,0.646155,234,264
16,1,20,0.57687,136,170
17,11,22,0.768317,90,130
18,16,14,0.0503057,182,222
19,15,12,0.812036,42,100
20,6,22,0.0239899,182,223
21,8,4,0.00829551,90,129
22,17,20,0.304702,88,124
23,17,18,0.354198,182,211
24,18,21,0.86322,230,265
25,1,22,0.0569642,230,262
26,23,22,0.0366781,182,217
27,20,17,0.390856,136,172
28,1,10,0.610996,134,184
29,22,23,0.600684,42,82
30,14,5,0.328155,136,191
31,5,22,0.320626,134,181
32,1,8,0.333543,232,265
33,15,23,0.742944,134,169
34,14,10,0.192004,88,139
35,3,14,0.736518,134,169
36,6,14,0.0191782,86,135
37,19,2,0.0203372,234,278
38,6,1,0.0773807,184,217
39,13,19,0.709022,90,130
40,6,22,0.0248467,38,79
41,16,3,0.469848,232,261
42,3,6,0.302533,182,223
43,15,5,0.492956,42,92
44,24,18,0.114532,234,265
45,0,17,0.229097,40,85
46,18,10,0.809463,232,266
47,13,24,0.678788,184,219
48,2,20,0.978872,38,79
49,16,10,0.0300251,230,283
50,21,8,0.508158,184,213
51,5,1,0.299301,232,271
52,10,6,0.0963902,40,91
53,23,2,0.0880984,182,230
54,15,16,0.410077,186,242
55,6,1,0.651532,234,267
56,3,18,0.513747,136,187
57,5,17,0.409522,90,130
58,3,23,0.400182,136,185
59,15,23,0.335095,42,77
60,21,0,0.0922515,88,128
61,11,23,0.281733,232,281
62,15,13,0.536526,88,128
63,21,18,0.193615,138,175
64,4,24,0.306336,232,286
65,11,23,0.895045,42,91
66,16,8,0.956891,230,268
67,8,4,0.00877799,42,81
68,15,19,0.723633,136,188
69,8,18,0.178671,134,176
70,17,22,0.147774,230,267
71,15,16,0.362573,182,238
72,22,9,0.180416,182,226
73,1,8,0.172591,40,73
74,12,20,0.671796,234,278
75,21,18,0.202408,40,77
76,11,18,0.040905,186,233
77,20,15,0.459477,186,230
78,22,11,0.411783,88,128
79,16,11,0.755441,234,274
80,22,1,0.476523,90,122
81,0,15,0.502819,42,95
82,19,23,0.823499,182,225
83,17,24,0.604629,86,127
84,3,11,0.423405,230,270
85,12,21,0.372153,40,83
86,4,14,0.457645,90,133
87,11,12,0.586095,38,80
88,14,13,0.745324,230,272
89,18,2,0.436352,40,88
90,10,3,0.0541196,182,237
91,17,10,0.549786,42,84
92,22,5,0.401735,134,175
93,16,3,0.201259,86,115
94,22,14,0.256127,40,88
95,13,6,0.87532,186,222
96,22,11,0.463026,136,176
97,20,10,0.462529,184,226
98,19,4,0.0731674,184,227
99,2,20,0.0511375,42,83
100,6,14,0.0190543,136,185
101,8,1,0.182194,182,215
102,13,0,0.670068,186,228
103,24,17,0.796376,38,79
104,5,23,0.889194,184,227
105,15,1,0.513787,234,282
106,4,3,0.606744,40,72
107,1,3,0.592464,40,72
108,10,12,0.0679117,134,191
109,20,23,0.0976854,40,79
110,3,18,0.508192,88,139
111,3,24,0.884607,40,95
112,23,15,0.424612,42,77
113,19,8,0.414974,234,271
114,10,4,0.0158847,184,237
115,3,6,0.381395,40,81
116,2,8,0.467744,86,126
117,21,20,0.00762781,40,85
118,13,11,0.0885332,230,271
119,1,3,0.722542,182,214
120,13,23,0.365699,230,263
121,8,14,0.0171341,40,79
122,20,13,0.794148,232,262
123,16,5,0.147387,230,277
124,17,20,0.296499,38,74
125,16,0,0.807816,134,171
126,14,18,0.464477,134,181
127,20,8,0.229769,182,225
128,16,8,0.039183,232,270
129,3,9,0.657025,138,182
130,10,4,0.0142882,134,187
131,15,3,0.436305,86,148
132,23,19,0.0205436,234,279
133,12,20,0.785819,136,180
134,23,14,0.641777,182,229
135,1,18,0.404259,38,80
136,13,20,0.438927,88,118
137,11,21,0.289833,232,275
138,22,17,0.344003,136,173
139,0,19,0.238339,184,226
140,13,24,0.608953,42,77
141,21,13,0.798362,136,168
142,10,6,0.0827087,138,189
143,23,16,0.213844,182,231
144,21,24,0.30634,42,85
145,19,9,0.204788,88,137
146,5,13,0.498373,234,268
147,6,14,0.0169956,184,233
148,13,4,0.081182,186,222
149,1,3,0.861661,136,168
150,12,3,0.370421,86,115
151,4,1,0.875605,40,70
152,0,1,0.36484,232,261
153,8,14,0.0173898,230,269
154,21,14,0.00981923,38,72
155,18,14,0.276131,90,135
156,23,19,0.787166,38,83
157,3,0,0.386854,138,175
158,1,4,0.961426,40,70
159,5,23,0.771192,182,225
160,12,21,0.328568,138,181
161,11,19,0.354051,38,83
162,12,9,0.238325,42,88
163,16,11,0.722646,88,128
164,20,8,0.246375,134,177
165,22,16,0.123245,88,128
166,16,12,0.205566,38,72
167,12,16,0.665803,134,168
168,13,21,0.47109,232,264
169,11,21,0.328632,184,227
170,13,20,0.411246,184,214
171,8,4,0.00775677,136,175
172,16,3,0.81355,186,215
173,3,5,0.859015,90,137
174,24,8,0.0624502,186,233
175,22,12,0.468907,232,273
176,20,2,0.231796,186,227
177,4,18,0.354891,138,186
178,3,11,0.376555,88,128
179,24,5,0.0354389,184,229
180,0,19,0.246203,182,224
181,0,17,0.237924,232,277
182,14,10,0.181305,184,235
183,21,12,0.0131241,230,272
184,4,19,0.00819394,86,129
185,23,10,0.989777,42,72
186,22,11,0.414569,90,130
187,15,6,0.206112,230,282
188,13,1,0.851527,42,79
189,18,16,0.482907,138,187
190,2,20,0.948401,182,223
191,14,18,0.730089,42,89
192,20,3,0.414489,138,180
193,21,9,0.221623,134,181
194,24,20,0.123082,232,273
195,12,1,0.558648,182,216
196,1,9,0.0598896,136,172
197,16,13,0.90767,42,83
198,4,19,0.008356,234,277
199,16,11,0.704761,230,270
200,14,21,0.896325,88,122
201,23,9,0.519832,38,91
202,19,4,0.0614057,90,133
203,19,12,0.0389297,230,270
204,2,0,0.0456155,134,170
205,1,21,0.121723,86,121
206,24,19,0.838321,230,280
207,3,24,0.0473908,182,237
208,24,16,0.0203426,88,144
209,19,4,0.0651884,42,85
210,11,10,0.291442,230,282
211,20,2,0.243935,38,79
212,2,13,0.103353,138,183
213,18,4,0.714259,86,133
214,23,15,0.0777661,38,73
215,19,1,0.56665,88,125
216,11,4,0.0601561,134,172
217,4,15,0.26732,184,238
218,10,3,0.054914,232,287
219,17,18,0.424291,184,213
220,24,17,0.752473,42,83
221,3,10,0.0873676,134,190
222,0,14,0.327049,136,181
223,1,5,0.584815,134,173
224,0,14,0.287566,40,85
225,1,3,0.279869,138,170
226,13,23,0.567001,234,267
227,3,21,0.057439,88,126
228,8,23,0.278439,88,128
229,20,1,0.569782,186,220
230,15,3,0.419335,182,244
231,1,0,0.289389,38,67
232,19,2,0.0213048,186,230
233,2,1,0.166599,42,73
234,3,15,0.270394,42,100
235,19,4,0.0688239,40,83
236,10,23,0.398437,90,120
237,21,23,0.349375,90,125
238,23,6,0.645669,88,133
239,6,22,0.0284794,138,179
240,4,17,0.00537022,86,132
241,4,1,0.733741,230,260
242,18,21,0.529206,88,123
243,21,5,0.00454545,88,130
244,23,9,0.497376,182,235
245,15,16,0.373039,40,96
246,13,8,0.933946,88,125
247,13,14,0.174329,134,176
248,10,20,0.0920082,38,83
249,2,13,0.121355,136,181
250,15,10,0.79864,232,263
251,12,16,0.71897,88,122
252,19,10,0.223263,38,101
253,13,6,0.822105,86,122
254,24,21,0.119579,232,274
255,20,14,0.341365,42,92
256,1,17,0.634423,40,80
257,1,17,0.398834,38,78
258,22,6,0.280552,182,223
259,24,8,0.0526833,40,87
260,16,14,0.121317,40,80
261,24,17,0.800204,138,179
262,4,13,0.377109,40,84
263,17,21,0.286788,42,74
264,14,16,0.0899446,134,174
265,6,18,0.0290935,86,137
266,22,15,0.120766,134,179
267,2,4,0.904856,40,77
268,23,15,0.814674,182,217
269,16,3,0.442489,38,67
270,12,18,0.141058,38,90
271,1,24,0.812374,88,136
272,21,5,0.00454545,90,132
273,4,21,0.0118882,42,83
274,0,17,0.20983,234,279
275,18,13,0.963311,182,213
276,16,9,0.264613,184,228
277,13,19,0.835277,186,226
278,0,21,0.418299,90,130
279,19,1,0.807007,134,171
280,1,21,0.585131,40,75
281,14,15,0.877618,182,238
282,17,11,0.110612,38,84
283,14,13,0.920324,38,80
284,15,4,0.214326,184,238
285,13,14,0.205229,88,130
286,17,8,0.208247,90,127
287,22,16,0.119796,136,176
288,0,16,0.822368,42,79
289,22,24,0.40013,182,224
290,13,1,0.836223,186,223
291,23,2,0.0865135,40,88
292,19,21,0.72926,42,74
293,13,1,0.0642577,38,75
294,13,11,0.0431275,38,79
295,14,13,0.0196753,90,132
296,17,19,0.67069,182,222
297,1,21,0.106066,232,267
298,16,3,0.821278,230,259
299,22,20,0.547116,184,221
300,17,18,0.386113,90,119
301,11,23,0.818933,230,279
302,1,24,0.345851,38,86
303,1,5,0.543373,230,269
304,5,20,0.335936,234,274
305,23,19,0.768219,182,227
306,19,16,0.121061,134,174
307,14,11,0.729495,230,278
308,16,18,0.159482,182,230
309,13,20,0.324125,182,212
310,24,17,0.78324,136,177
311,8,18,0.18858,182,224
312,1,21,0.710061,42,77
313,21,13,0.817108,86,118
314,8,1,0.271815,88,121
315,4,17,0.00605667,232,278
316,22,18,0.766057,88,126
317,16,15,0.550323,182,237
318,21,19,0.392894,40,72
319,12,18,0.133133,40,92
320,10,3,0.0612654,230,285
321,21,11,0.0539936,232,275
322,16,2,0.286863,38,77
323,21,12,0.0126217,40,82
324,18,24,0.521294,186,217
325,13,3,0.290797,86,132
326,6,14,0.0169594,232,281
327,3,5,0.853862,230,277
328,11,14,0.463657,138,186
329,6,16,0.350587,230,271
330,2,13,0.104271,90,135
331,17,18,0.292222,138,167
332,16,21,0.602297,88,121
333,8,24,0.025116,234,282
334,10,13,0.693614,88,127
335,11,24,0.120208,138,189
336,2,14,0.678983,88,135
337,22,9,0.177956,184,228
338,23,0,0.655789,232,278
339,12,16,0.656403,136,170
340,22,15,0.116819,136,181
341,1,8,0.23715,88,121
342,13,18,0.532906,232,263
343,1,22,0.837086,88,120
344,0,10,0.529674,134,189
345,4,13,0.388867,90,134
346,5,4,0.190933,138,183
347,3,19,0.200047,90,125
348,1,21,0.412629,230,265
349,17,21,0.326152,138,170
350,1,19,0.118623,234,271
351,22,1,0.857757,186,218
352,18,19,0.049438,234,277
353,0,5,0.190502,86,130
354,11,18,0.625786,184,231
355,22,15,0.125621,40,85
356,13,19,0.747748,182,222
357,18,20,0.749668,40,77
358,15,19,0.655761,184,236
359,14,1,0.740944,182,222
360,2,21,0.00500195,90,132
361,5,24,0.0675802,234,279
362,19,3,0.715571,134,169
363,21,3,0.168465,86,123
364,17,0,0.00863649,230,273
365,19,18,0.281791,232,277
366,0,20,0.785018,136,175
367,13,10,0.847764,232,268
368,24,17,0.796891,232,273
369,24,6,0.407231,184,231
370,12,19,0.0469084,234,274
371,18,22,0.931631,184,222
372,20,10,0.410671,186,228
373,16,11,0.653216,86,126
374,5,23,0.789179,90,133
375,16,9,0.27171,134,178
376,3,16,0.413876,42,71
377,3,14,0.919242,186,221
378,3,22,0.123424,86,123
379,4,13,0.342111,134,178
380,18,13,0.540754,90,121
381,22,9,0.184765,136,180
382,24,2,0.394123,136,191
383,12,20,0.702224,182,226
384,0,12,0.25676,138,177
385,12,3,0.947694,88,117
386,4,12,0.174971,138,175
387,10,15,0.312871,40,81
388,23,13,0.642,38,71
389,14,6,0.158952,186,235
390,5,16,0.372572,88,135
391,13,14,0.0449851,234,276
392,21,13,0.853369,182,214
393,0,14,0.299544,182,227
394,13,1,0.966299,232,269
395,1,6,0.369204,234,267
396,2,21,0.0053517,40,82
397,9,16,0.862486,86,130
398,17,22,0.158014,136,173
399,24,11,0.717278,138,190
400,0,17,0.208256,42,87
401,1,0,0.391085,86,115
402,2,21,0.00536833,182,224
403,1,5,0.566986,136,175
404,1,21,0.620018,138,173
405,3,14,0.202455,138,173
406,20,3,0.394382,88,130
407,24,8,0.0590393,38,85
408,11,16,0.37089,186,226
409,23,9,0.649674,232,285
410,8,14,0.0169133,42,81
411,0,4,0.0325201,136,171
412,15,10,0.565528,90,121
413,1,3,0.948842,90,122
414,6,22,0.0290815,234,275
415,18,19,0.168875,136,179
416,1,10,0.453606,136,186
417,9,1,0.210895,182,218
418,19,5,0.489999,40,92
419,16,1,0.149588,136,168
420,12,1,0.821324,90,124
421,22,20,0.504678,134,171
422,8,23,0.264607,134,174
423,16,9,0.251849,138,182
424,19,4,0.0695988,182,225
425,5,18,0.605932,136,177
426,4,14,0.423761,136,179
427,3,15,0.290225,90,148
428,18,13,0.242825,38,69
429,24,2,0.389174,42,97
430,3,21,0.498688,40,78
431,0,15,0.469816,230,283
432,0,16,0.734616,88,125
433,23,15,0.364098,230,265
434,10,21,0.0461702,184,227
435,22,3,0.214341,184,220
436,2,8,0.496789,232,272
437,24,15,0.381246,42,70
438,3,11,0.431435,136,176
439,16,2,0.295211,234,273
440,11,15,0.360495,186,240
441,21,20,0.00705377,134,179
442,14,16,0.12732,40,80
443,23,5,0.95284,184,227
444,14,11,0.759888,186,234
445,19,16,0.102697,90,130
446,0,15,0.444558,86,139
447,15,23,0.0293275,86,121
448,22,1,0.00407051,184,216
449,0,15,0.497081,38,91
450,1,13,0.494523,40,78
451,3,11,0.454229,182,222
452,1,15,0.331885,232,280
453,24,0,0.0475235,232,285
454,18,4,0.759949,230,277
455,12,21,0.322459,90,133
456,1,10,0.592453,138,188
457,22,5,0.409273,182,223
458,0,13,0.37495,230,273
459,20,12,0.0185407,90,134
460,13,17,0.125591,182,212
461,21,14,0.00966636,234,268
462,10,23,0.106932,184,214
463,6,22,0.0256656,40,81
464,20,23,0.101309,38,77
465,5,17,0.412721,138,178
466,23,4,0.349234,184,231
467,23,2,0.0987677,90,138
468,16,19,0.639607,42,82
469,3,23,0.561954,230,279
470,15,14,0.550703,38,92
471,16,2,0.300009,42,81
472,12,2,0.181088,182,223
473,17,19,0.744445,40,80
474,22,15,0.115038,138,183
475,1,18,0.0658624,40,82
476,6,22,0.0275904,186,227
477,15,21,0.164149,234,278
478,15,16,0.386299,232,288
479,0,21,0.481319,40,80
480,1,3,0.386967,186,218
481,3,11,0.421378,42,82
482,23,16,0.222818,234,283
483,23,15,0.112801,136,171
484,4,3,0.071811,136,168
485,2,13,0.11891,88,133
486,16,11,0.706184,40,80
487,11,22,0.848485,88,128
488,11,12,0.294489,234,276
489,12,13,0.198453,138,187
490,13,1,0.806201,230,267
491,9,16,0.828702,232,276
492,20,12,0.0162697,42,86
493,20,4,0.00721452,42,82
494,24,2,0.353646,40,95
495,3,5,0.773866,138,185
496,2,13,0.109604,38,83
497,21,3,0.231691,136,173
498,21,3,0.2989,182,219
499,24,13,0.408734,38,73
500,1,19,0.146226,232,269
501,4,3,0.525957,42,74
502,24,15,0.191806,230,258
503,0,10,0.500527,232,287
504,22,23,0.619459,184,224
505,13,2,0.31664,234,278
506,2,20,0.884605,186,227
507,19,1,0.720495,184,221
508,11,17,0.370483,186,232
509,16,18,0.177404,232,280
510,11,21,0.290618,42,85
511,20,18,0.289125,86,123
512,20,2,0.241261,90,131
513,19,18,0.179624,138,183
514,9,1,0.125199,230,266
515,18,1,0.134076,42,83
516,23,20,0.796653,38,77
517,22,10,0.0696912,90,133
518,2,13,0.107204,230,275
519,11,15,0.0876798,40,94
520,13,17,0.594741,38,68
521,12,3,0.43278,232,261
522,11,10,0.288359,134,186
523,13,14,0.100177,38,80
524,4,1,0.772153,42,72
525,12,1,0.289272,234,268
526,13,24,0.190406,230,265
527,6,22,0.0239852,86,127
528,4,3,0.255472,90,122
529,19,1,0.426989,86,123
530,13,18,0.366876,182,213
531,1,3,0.706387,184,216
532,14,5,0.348666,86,141
533,8,18,0.17303,232,274
534,18,17,0.427006,40,69
535,22,1,0.321348,230,262
536,2,17,0.112945,232,279
537,1,12,0.979532,88,122
538,12,3,0.456916,138,167
539,17,13,0.371294,186,216
540,19,13,0.570255,182,222
541,18,19,0.905405,184,227
542,8,15,0.0440946,184,235
543,3,13,0.20871,232,276
544,3,24,0.943062,134,189
545,18,23,0.11955,86,114
546,14,4,0.248952,42,85
547,2,12,0.0501639,134,175
548,18,13,0.0662091,184,215
549,9,1,0.461952,234,270
550,17,15,0.212042,86,130
551,16,9,0.26219,38,82
552,1,4,0.773194,134,164
553,16,22,0.338747,232,274
554,8,5,0.0397526,90,138
555,2,20,0.995335,40,81
556,22,16,0.117629,182,222
557,13,12,0.123195,42,93
558,13,5,0.34967,40,74
559,23,18,0.531517,86,114
560,20,18,0.325156,42,79
561,5,20,0.344897,186,226
562,13,24,0.0897639,86,121
563,5,4,0.213547,184,229
564,15,1,0.100275,134,182
565,16,22,0.283739,134,176
566,3,15,0.160285,40,98
567,16,22,0.314203,90,132
568,16,10,0.0314801,136,189
569,23,12,0.335465,42,93
570,19,12,0.0362116,134,174
571,16,11,0.774354,90,130
572,12,6,0.156512,184,227
573,3,23,0.583088,40,89
574,0,4,0.0353079,186,221
575,24,14,0.153672,88,140
576,13,17,0.560249,186,216
577,8,1,0.971581,40,73
578,13,0,0.63811,234,276
579,5,24,0.0668125,42,87
580,13,3,0.127079,38,84
581,22,1,0.917051,234,266
582,1,0,0.905922,184,213
583,0,17,0.22714,134,179
584,1,15,0.793728,234,282
585,16,9,0.235859,186,230
586,22,1,0.523556,86,118
587,21,12,0.0128198,184,226
588,17,13,0.808427,40,70
589,13,18,0.177223,230,261
590,18,0,0.242737,230,276
591,24,15,0.144528,186,214
592,21,18,0.201819,232,269
593,15,4,0.206425,230,284
594,12,1,0.041655,42,76
595,0,23,0.90841,134,181
596,18,2,0.437515,134,182
597,8,5,0.0428559,40,88
598,17,22,0.154787,232,269
599,16,21,0.622787,40,73
