NODES,25
INDEX,Name,X-coordinate,Y-coordinate
0,0,-,-
1,1,-,-
2,2,-,-
3,3,-,-
4,4,-,-
5,5,-,-
6,6,-,-
7,7,-,-
8,8,-,-
9,9,-,-
10,10,-,-
11,11,-,-
12,12,-,-
13,13,-,-
14,14,-,-
15,15,-,-
16,16,-,-
17,17,-,-
18,18,-,-
19,19,-,-
20,20,-,-
21,21,-,-
22,22,-,-
23,23,-,-
24,24,-,-
ARCS,529
Index,Origin,Destination,Variable Cost,Fixed Cost,Capacity,Travel time
0,0,1,0,117.8,1,5
1,1,0,0,117.8,1,5
2,1,2,0,234.05,1,7
3,1,3,0,260.4,1,8
4,1,4,0,175.15,1,6
5,1,5,0,486.7,1,15
6,1,6,0,323.95,1,9
7,1,8,0,323.95,1,9
8,1,9,0,447.95,1,12
9,1,10,0,883.5,1,26
10,1,11,0,255.75,1,8
11,1,12,0,387.5,1,10
12,1,13,0,489.8,1,14
13,1,14,0,525.45,1,16
14,1,15,0,1002.85,1,24
15,1,16,0,252.65,1,8
16,1,17,0,545.6,1,16
17,1,18,0,680.45,1,18
18,1,19,0,503.75,1,13
19,1,20,0,358.05,1,10
20,1,21,0,409.2,1,11
21,1,22,0,266.6,1,8
22,1,23,0,699.05,1,18
23,1,24,0,903.65,1,24
24,2,1,0,234.05,1,7
25,3,1,0,260.4,1,8
26,3,4,0,230.95,1,8
27,3,8,0,311.55,1,9
28,3,12,0,144.15,1,5
29,3,13,0,661.85,1,20
30,3,14,0,418.5,1,11
31,3,16,0,151.9,1,5
32,3,19,0,396.8,1,11
33,3,21,0,469.65,1,14
34,3,22,0,429.35,1,13
35,4,1,0,175.15,1,6
36,4,3,0,230.95,1,8
37,5,1,0,486.7,1,15
38,5,13,0,367.35,1,10
39,6,1,0,323.95,1,9
40,6,13,0,430.9,1,11
41,7,1,0,103.85,1,4
42,8,1,0,323.95,1,9
43,8,3,0,311.55,1,9
44,8,13,0,415.4,1,11
45,8,16,0,161.2,1,6
46,8,21,0,158.1,1,5
47,9,1,0,447.95,1,12
48,10,1,0,891.25,1,23
49,10,23,0,192.2,1,6
50,11,1,0,255.75,1,8
51,11,13,0,592.1,1,16
52,12,1,0,387.5,1,10
53,12,3,0,144.15,1,5
54,13,1,0,489.8,1,13
55,13,3,0,669.6,1,22
56,13,5,0,367.35,1,10
57,13,6,0,430.9,1,12
58,13,10,0,483.6,1,12
59,13,11,0,596.75,1,17
60,13,15,0,553.35,1,14
61,13,17,0,176.7,1,6
62,13,18,0,248,1,7
63,13,19,0,573.5,1,16
64,13,20,0,198.4,1,6
65,13,21,0,275.9,1,8
66,13,22,0,232.5,1,7
67,13,23,0,323.95,1,9
68,13,24,0,449.5,1,11
69,14,1,0,525.45,1,16
70,14,3,0,418.5,1,11
71,14,19,0,111.6,1,4
72,14,21,0,384.4,1,10
73,15,1,0,1002.85,1,24
74,15,13,0,553.35,1,16
75,15,18,0,350.3,1,10
76,15,21,0,747.1,1,20
77,15,23,0,412.3,1,11
78,16,1,0,252.65,1,8
79,16,3,0,151.9,1,5
80,16,8,0,161.2,1,6
81,16,13,0,581.25,1,17
82,16,21,0,305.35,1,9
83,17,1,0,544.05,1,14
84,17,13,0,176.7,1,6
85,17,18,0,127.1,1,5
86,17,21,0,292.95,1,8
87,18,1,0,666.5,1,17
88,18,10,0,308.45,1,10
89,18,13,0,248,1,7
90,18,15,0,350.3,1,10
91,18,17,0,127.1,1,5
92,18,19,0,719.2,1,19
93,18,21,0,421.6,1,11
94,18,22,0,421.6,1,13
95,18,23,0,116.25,1,4
96,18,24,0,237.15,1,7
97,19,1,0,503.75,1,13
98,19,3,0,396.8,1,11
99,19,8,0,240.25,1,7
100,19,14,0,111.6,1,4
101,19,21,0,297.6,1,8
102,20,1,0,358.05,1,10
103,20,13,0,198.4,1,6
104,20,23,0,522.35,1,15
105,21,1,0,409.2,1,11
106,21,3,0,458.8,1,13
107,21,8,0,158.1,1,5
108,21,13,0,275.9,1,8
109,21,14,0,384.4,1,10
110,21,15,0,829.25,1,22
111,21,17,0,292.95,1,8
112,21,18,0,420.05,1,13
113,21,19,0,297.6,1,8
114,21,23,0,440.2,1,11
115,22,1,0,266.6,1,8
116,22,3,0,429.35,1,12
117,22,13,0,232.5,1,7
118,23,1,0,699.05,1,17
119,23,10,0,192.2,1,6
120,23,13,0,323.95,1,9
121,23,15,0,412.3,1,11
122,23,17,0,153.45,1,5
123,23,18,0,116.25,1,4
124,23,21,0,446.4,1,13
125,23,24,0,305.35,1,9
126,24,1,0,903.65,1,24
127,24,13,0,449.5,1,11
128,24,18,0,237.15,1,7
129,24,23,0,305.35,1,9
130,0,2,0,161.2,1,6
131,0,3,0,353.4,1,10
132,0,4,0,285.2,1,9
133,0,5,0,474.3,1,13
134,0,6,0,246.45,1,8
135,0,8,0,427.8,1,12
136,0,9,0,379.75,1,11
137,0,10,0,931.55,1,25
138,0,11,0,158.1,1,5
139,0,12,0,401.45,1,11
140,0,14,0,632.4,1,17
141,0,15,0,1063.3,1,28
142,0,16,0,367.35,1,11
143,0,17,0,596.75,1,16
144,0,18,0,717.65,1,19
145,0,19,0,615.35,1,17
146,0,20,0,361.15,1,10
147,0,21,0,444.85,1,13
148,0,22,0,297.6,1,9
149,0,23,0,739.35,1,20
150,0,24,0,957.9,1,25
151,1,7,0,103.85,1,4
152,2,0,0,161.2,1,6
153,2,3,0,480.5,1,13
154,2,4,0,409.2,1,12
155,2,5,0,257.3,1,8
156,2,6,0,110.05,1,4
157,2,8,0,412.3,1,12
158,2,9,0,229.4,1,7
159,2,10,0,872.65,1,23
160,2,11,0,182.9,1,6
161,2,12,0,582.8,1,16
162,2,13,0,390.6,1,11
163,2,14,0,790.5,1,21
164,2,15,0,940.85,1,25
165,2,16,0,475.85,1,13
166,2,17,0,568.85,1,16
167,2,18,0,638.6,1,17
168,2,19,0,643.25,1,17
169,2,20,0,207.7,1,7
170,2,21,0,424.7,1,12
171,2,22,0,308.45,1,9
172,2,23,0,716.1,1,19
173,2,24,0,847.85,1,23
174,3,0,0,353.4,1,10
175,3,2,0,480.5,1,13
176,3,6,0,554.9,1,15
177,3,9,0,685.1,1,18
178,3,10,0,995.1,1,26
179,3,11,0,477.4,1,13
180,3,15,0,1224.5,1,32
181,3,17,0,764.15,1,20
182,3,18,0,833.9,1,22
183,3,20,0,620,1,17
184,3,23,0,888.15,1,23
185,3,24,0,1108.25,1,29
186,4,0,0,285.2,1,9
187,4,2,0,409.2,1,12
188,4,6,0,494.45,1,14
189,4,7,0,75.95,1,3
190,4,8,0,142.6,1,5
191,4,9,0,624.65,1,17
192,4,10,0,838.55,1,22
193,4,11,0,406.1,1,12
194,4,12,0,331.7,1,9
195,4,13,0,427.8,1,12
196,4,14,0,410.75,1,12
197,4,15,0,970.3,1,26
198,4,16,0,147.25,1,5
199,4,17,0,503.75,1,14
200,4,18,0,624.65,1,17
201,4,19,0,390.6,1,11
202,4,20,0,413.85,1,12
203,4,21,0,263.5,1,8
204,4,22,0,204.6,1,7
205,4,23,0,646.35,1,18
206,4,24,0,861.8,1,23
207,5,0,0,474.3,1,13
208,5,2,0,257.3,1,8
209,5,6,0,161.2,1,5
210,5,9,0,198.4,1,6
211,5,11,0,320.85,1,9
212,5,18,0,660.3,1,16
213,5,20,0,178.25,1,6
214,5,23,0,720.75,1,19
215,6,0,0,246.45,1,8
216,6,2,0,110.05,1,4
217,6,3,0,554.9,1,15
218,6,4,0,494.45,1,14
219,6,5,0,161.2,1,5
220,6,8,0,637.05,1,17
221,6,9,0,141.05,1,5
222,6,10,0,939.3,1,25
223,6,11,0,165.85,1,5
224,6,12,0,623.1,1,17
225,6,14,0,840.1,1,22
226,6,15,0,982.7,1,26
227,6,16,0,576.6,1,16
228,6,17,0,615.35,1,17
229,6,18,0,685.1,1,18
230,6,19,0,824.6,1,22
231,6,20,0,243.35,1,7
232,6,21,0,593.65,1,16
233,6,22,0,446.4,1,13
234,6,23,0,761.05,1,20
235,6,24,0,877.3,1,23
236,7,3,0,246.45,1,8
237,7,4,0,75.95,1,3
238,8,0,0,427.8,1,12
239,8,2,0,412.3,1,12
240,8,4,0,142.6,1,5
241,8,6,0,637.05,1,17
242,8,9,0,767.25,1,21
243,8,10,0,714.55,1,19
244,8,11,0,545.6,1,15
245,8,12,0,460.35,1,13
246,8,14,0,328.6,1,10
247,8,15,0,883.5,1,23
248,8,17,0,427.8,1,12
249,8,18,0,542.5,1,15
250,8,19,0,240.25,1,7
251,8,20,0,444.85,1,13
252,8,22,0,203.05,1,7
253,8,23,0,536.3,1,15
254,8,24,0,801.35,1,21
255,9,0,0,379.75,1,11
256,9,2,0,229.4,1,7
257,9,3,0,685.1,1,18
258,9,4,0,624.65,1,17
259,9,5,0,198.4,1,6
260,9,6,0,141.05,1,5
261,9,8,0,767.25,1,21
262,9,10,0,1069.5,1,28
263,9,11,0,297.6,1,8
264,9,12,0,753.3,1,20
265,9,13,0,469.65,1,12
266,9,14,0,652.55,1,18
267,9,15,0,1112.9,1,29
268,9,16,0,706.8,1,19
269,9,17,0,646.35,1,18
270,9,18,0,711.45,1,18
271,9,19,0,954.8,1,25
272,9,20,0,279,1,8
273,9,21,0,723.85,1,19
274,9,22,0,576.6,1,16
275,9,23,0,891.25,1,24
276,9,24,0,1019.9,1,27
277,10,0,0,931.55,1,25
278,10,2,0,872.65,1,23
279,10,3,0,995.1,1,26
280,10,4,0,838.55,1,22
281,10,6,0,939.3,1,25
282,10,8,0,714.55,1,19
283,10,9,0,1069.5,1,28
284,10,11,0,1133.05,1,30
285,10,12,0,1086.55,1,28
286,10,13,0,483.6,1,12
287,10,14,0,970.3,1,26
288,10,15,0,224.75,1,7
289,10,16,0,872.65,1,23
290,10,17,0,334.8,1,9
291,10,18,0,306.9,1,9
292,10,19,0,909.85,1,24
293,10,20,0,714.55,1,19
294,10,21,0,623.1,1,16
295,10,22,0,623.1,1,17
296,10,24,0,286.75,1,8
297,11,0,0,158.1,1,5
298,11,2,0,182.9,1,6
299,11,3,0,477.4,1,13
300,11,4,0,406.1,1,12
301,11,5,0,320.85,1,9
302,11,6,0,165.85,1,5
303,11,8,0,545.6,1,15
304,11,9,0,297.6,1,9
305,11,10,0,1133.05,1,30
306,11,12,0,523.9,1,14
307,11,14,0,770.35,1,21
308,11,15,0,1112.9,1,29
309,11,16,0,488.25,1,14
310,11,17,0,798.25,1,21
311,11,18,0,832.35,1,21
312,11,19,0,748.65,1,20
313,11,20,0,406.1,1,11
314,11,21,0,649.45,1,18
315,11,22,0,499.1,1,14
316,11,23,0,852.5,1,23
317,11,24,0,1021.45,1,27
318,12,0,0,401.45,1,11
319,12,2,0,582.8,1,16
320,12,4,0,331.7,1,10
321,12,6,0,623.1,1,17
322,12,8,0,460.35,1,13
323,12,9,0,753.3,1,20
324,12,10,0,1086.55,1,28
325,12,11,0,523.9,1,14
326,12,13,0,776.55,1,20
327,12,14,0,550.25,1,15
328,12,15,0,1233.8,1,32
329,12,16,0,296.05,1,9
330,12,17,0,776.55,1,21
331,12,18,0,1038.5,1,27
332,12,19,0,523.9,1,14
333,12,20,0,637.05,1,17
334,12,21,0,554.9,1,15
335,12,22,0,556.45,1,15
336,12,23,0,919.15,1,24
337,12,24,0,1137.7,1,30
338,13,2,0,390.6,1,11
339,13,4,0,427.8,1,12
340,13,8,0,415.4,1,11
341,13,9,0,469.65,1,12
342,13,14,0,655.65,1,17
343,13,16,0,530.1,1,14
344,14,0,0,632.4,1,17
345,14,2,0,790.5,1,21
346,14,4,0,410.75,1,12
347,14,6,0,840.1,1,22
348,14,8,0,328.6,1,10
349,14,9,0,652.55,1,18
350,14,10,0,970.3,1,26
351,14,11,0,770.35,1,21
352,14,12,0,550.25,1,15
353,14,13,0,655.65,1,17
354,14,15,0,1106.7,1,28
355,14,16,0,272.8,1,8
356,14,17,0,671.15,1,18
357,14,18,0,798.25,1,20
358,14,20,0,852.5,1,23
359,14,22,0,527,1,15
360,14,23,0,818.4,1,20
361,14,24,0,995.1,1,26
362,15,0,0,1063.3,1,28
363,15,2,0,940.85,1,25
364,15,3,0,1224.5,1,32
365,15,4,0,970.3,1,26
366,15,6,0,982.7,1,26
367,15,8,0,883.5,1,23
368,15,9,0,1112.9,1,29
369,15,10,0,224.75,1,7
370,15,11,0,1112.9,1,29
371,15,12,0,1233.8,1,32
372,15,14,0,1106.7,1,28
373,15,16,0,1027.65,1,27
374,15,17,0,454.15,1,12
375,15,19,0,1023,1,27
376,15,20,0,757.95,1,19
377,15,22,0,733.15,1,19
378,15,24,0,110.05,1,4
379,16,0,0,367.35,1,11
380,16,2,0,475.85,1,13
381,16,4,0,147.25,1,5
382,16,6,0,576.6,1,16
383,16,7,0,155,1,5
384,16,9,0,706.8,1,19
385,16,10,0,872.65,1,23
386,16,11,0,488.25,1,14
387,16,12,0,296.05,1,8
388,16,14,0,272.8,1,8
389,16,15,0,1027.65,1,27
390,16,17,0,570.4,1,16
391,16,18,0,686.65,1,19
392,16,19,0,251.1,1,7
393,16,20,0,525.45,1,15
394,16,22,0,302.25,1,9
395,16,23,0,692.85,1,19
396,16,24,0,951.7,1,25
397,17,0,0,596.75,1,16
398,17,2,0,568.85,1,16
399,17,3,0,764.15,1,20
400,17,4,0,503.75,1,14
401,17,5,0,530.1,1,14
402,17,6,0,615.35,1,17
403,17,8,0,427.8,1,12
404,17,9,0,649.45,1,18
405,17,10,0,334.8,1,10
406,17,11,0,798.25,1,21
407,17,12,0,776.55,1,21
408,17,14,0,671.15,1,17
409,17,15,0,454.15,1,12
410,17,16,0,570.4,1,16
411,17,19,0,581.25,1,16
412,17,20,0,373.55,1,10
413,17,22,0,294.5,1,8
414,17,23,0,153.45,1,5
415,17,24,0,362.7,1,10
416,18,0,0,719.2,1,19
417,18,2,0,638.6,1,17
418,18,3,0,833.9,1,22
419,18,4,0,624.65,1,17
420,18,5,0,660.3,1,16
421,18,6,0,685.1,1,18
422,18,8,0,542.5,1,15
423,18,9,0,711.45,1,18
424,18,11,0,832.35,1,21
425,18,12,0,1038.5,1,27
426,18,14,0,798.25,1,21
427,18,16,0,686.65,1,19
428,18,20,0,438.65,1,12
429,19,0,0,615.35,1,17
430,19,2,0,643.25,1,17
431,19,4,0,390.6,1,11
432,19,6,0,824.6,1,22
433,19,9,0,954.8,1,25
434,19,10,0,909.85,1,24
435,19,11,0,748.65,1,20
436,19,12,0,523.9,1,14
437,19,13,0,565.75,1,14
438,19,15,0,1023,1,27
439,19,16,0,251.1,1,7
440,19,17,0,581.25,1,16
441,19,18,0,709.9,1,18
442,19,20,0,764.15,1,20
443,19,22,0,437.1,1,12
444,19,23,0,728.5,1,18
445,19,24,0,942.4,1,25
446,20,0,0,361.15,1,10
447,20,2,0,207.7,1,7
448,20,3,0,620,1,17
449,20,4,0,413.85,1,12
450,20,5,0,178.25,1,6
451,20,6,0,243.35,1,7
452,20,8,0,444.85,1,13
453,20,9,0,279,1,8
454,20,10,0,714.55,1,19
455,20,11,0,406.1,1,11
456,20,12,0,637.05,1,17
457,20,14,0,878.85,1,23
458,20,15,0,757.95,1,19
459,20,16,0,525.45,1,15
460,20,17,0,373.55,1,11
461,20,18,0,438.65,1,12
462,20,19,0,764.15,1,20
463,20,21,0,466.55,1,13
464,20,22,0,272.8,1,8
465,20,24,0,641.7,1,17
466,21,0,0,444.85,1,13
467,21,2,0,424.7,1,12
468,21,4,0,263.5,1,8
469,21,6,0,593.65,1,16
470,21,9,0,723.85,1,19
471,21,10,0,623.1,1,16
472,21,11,0,646.35,1,18
473,21,12,0,554.9,1,15
474,21,16,0,305.35,1,9
475,21,20,0,466.55,1,13
476,21,22,0,142.6,1,5
477,21,24,0,651,1,18
478,22,0,0,297.6,1,9
479,22,2,0,308.45,1,10
480,22,4,0,204.6,1,7
481,22,6,0,446.4,1,13
482,22,8,0,203.05,1,6
483,22,9,0,576.6,1,16
484,22,10,0,623.1,1,17
485,22,11,0,499.1,1,14
486,22,12,0,556.45,1,15
487,22,14,0,527,1,15
488,22,15,0,733.15,1,19
489,22,16,0,302.25,1,9
490,22,17,0,294.5,1,8
491,22,18,0,404.55,1,10
492,22,19,0,437.1,1,12
493,22,20,0,272.8,1,9
494,22,21,0,142.6,1,5
495,22,23,0,432.45,1,11
496,22,24,0,643.25,1,17
497,23,0,0,739.35,1,20
498,23,2,0,716.1,1,19
499,23,3,0,888.15,1,23
500,23,4,0,646.35,1,18
501,23,6,0,761.05,1,20
502,23,8,0,536.3,1,15
503,23,9,0,891.25,1,24
504,23,11,0,852.5,1,23
505,23,12,0,919.15,1,24
506,23,14,0,818.4,1,20
507,23,16,0,692.85,1,19
508,23,19,0,728.5,1,18
509,23,20,0,522.35,1,14
510,23,22,0,432.45,1,11
511,24,0,0,957.9,1,25
512,24,2,0,847.85,1,23
513,24,3,0,1108.25,1,29
514,24,4,0,861.8,1,23
515,24,6,0,877.3,1,23
516,24,8,0,801.35,1,21
517,24,9,0,1019.9,1,27
518,24,10,0,286.75,1,8
519,24,11,0,1021.45,1,27
520,24,12,0,1137.7,1,30
521,24,14,0,995.1,1,26
522,24,15,0,110.05,1,4
523,24,16,0,951.7,1,25
524,24,17,0,362.7,1,10
525,24,19,0,942.4,1,25
526,24,20,0,641.7,1,17
527,24,21,0,651,1,16
528,24,22,0,643.25,1,17
PATHS,600
Index,Shipment origin,Shipment destination,1st terminal on path,2nd terminal on path,.....,6th terminal on path
0,0,1,0,1
1,0,2,0,1,2
2,0,3,0,1,3
3,0,4,0,1,4
4,0,5,0,1,5
5,0,6,0,1,6
6,0,7,0,1,7
7,0,8,0,1,8
8,0,9,0,1,9
9,0,10,0,1,10
10,0,11,0,1,11
11,0,12,0,1,12
12,0,13,0,1,13
13,0,14,0,1,14
14,0,15,0,1,15
15,0,16,0,1,16
16,0,17,0,1,17
17,0,18,0,1,18
18,0,19,0,1,19
19,0,20,0,1,20
20,0,21,0,1,21
21,0,22,0,1,22
22,0,23,0,1,23
23,0,24,0,1,24
24,1,0,1,0
25,1,2,1,2
26,1,3,1,3
27,1,4,1,4
28,1,5,1,5
29,1,6,1,6
30,1,7,1,7
31,1,8,1,8
32,1,9,1,9
33,1,10,1,10
34,1,11,1,11
35,1,12,1,12
36,1,13,1,13
37,1,14,1,14
38,1,15,1,15
39,1,16,1,16
40,1,17,1,17
41,1,18,1,18
42,1,19,1,19
43,1,20,1,20
44,1,21,1,21
45,1,22,1,22
46,1,23,1,23
47,1,24,1,24
48,2,0,2,1,0
49,2,1,2,1
50,2,3,2,1,3
51,2,4,2,1,4
52,2,5,2,1,5
53,2,6,2,1,6
54,2,8,2,1,8
55,2,7,2,1,7
56,2,9,2,1,9
57,2,10,2,1,10
58,2,11,2,1,11
59,2,12,2,1,12
60,2,13,2,1,13
61,2,14,2,1,14
62,2,15,2,1,15
63,2,16,2,1,16
64,2,17,2,1,17
65,2,18,2,1,18
66,2,19,2,1,19
67,2,20,2,1,20
68,2,21,2,1,21
69,2,22,2,1,22
70,2,23,2,1,23
71,2,24,2,1,24
72,3,0,3,1,0
73,3,1,3,1
74,3,2,3,1,2
75,3,4,3,4
76,3,5,3,1,5
77,3,6,3,1,6
78,3,7,3,1,7
79,3,8,3,8
80,3,9,3,1,9
81,3,10,3,13,10
82,3,11,3,1,11
83,3,12,3,12
84,3,13,3,13
85,3,14,3,14
86,3,15,3,13,15
87,3,16,3,16
88,3,17,3,13,17
89,3,18,3,13,18
90,3,19,3,19
91,3,20,3,1,20
92,3,21,3,21
93,3,22,3,22
94,3,23,3,21,23
95,3,24,3,13,24
96,4,0,4,1,0
97,4,1,4,1
98,4,2,4,1,2
99,4,3,4,3
100,4,5,4,1,5
101,4,6,4,1,6
102,4,7,4,1,7
103,4,8,4,1,8
104,4,9,4,1,9
105,4,10,4,1,10
106,4,11,4,1,11
107,4,12,4,3,12
108,4,13,4,1,13
109,4,14,4,3,14
110,4,15,4,1,15
111,4,16,4,3,16
112,4,17,4,1,17
113,4,18,4,1,18
114,4,19,4,3,19
115,4,20,4,1,20
116,4,21,4,1,21
117,4,22,4,1,22
118,4,23,4,1,23
119,4,24,4,1,24
120,5,0,5,1,0
121,5,1,5,1
122,5,2,5,1,2
123,5,3,5,1,3
124,5,4,5,1,4
125,5,6,5,1,6
126,5,7,5,1,7
127,5,8,5,1,8
128,5,9,5,1,9
129,5,10,5,13,10
130,5,11,5,1,11
131,5,12,5,1,12
132,5,13,5,13
133,5,14,5,1,14
134,5,15,5,13,15
135,5,16,5,1,16
136,5,17,5,13,17
137,5,18,5,13,18
138,5,19,5,13,21,19
139,5,20,5,13,20
140,5,21,5,13,21
141,5,22,5,1,22
142,5,23,5,13,23
143,5,24,5,13,24
144,6,0,6,1,0
145,6,1,6,1
146,6,2,6,1,2
147,6,3,6,1,3
148,6,4,6,1,4
149,6,5,6,1,5
150,6,7,6,1,7
151,6,8,6,1,8
152,6,9,6,1,9
153,6,10,6,1,10
154,6,11,6,1,11
155,6,12,6,1,12
156,6,13,6,1,13
157,6,14,6,1,14
158,6,15,6,1,15
159,6,16,6,1,16
160,6,17,6,1,17
161,6,18,6,1,18
162,6,19,6,1,19
163,6,20,6,1,20
164,6,21,6,1,21
165,6,22,6,1,22
166,6,23,6,1,23
167,6,24,6,1,24
168,7,0,7,1,0
169,7,1,7,1
170,7,2,7,1,2
171,7,3,7,3
172,7,4,7,4
173,7,5,7,1,5
174,7,6,7,3,6
175,7,8,7,3,8
176,7,9,7,1,9
177,7,10,7,1,9
178,7,11,7,3,11
179,7,12,7,4,12
180,7,13,7,4,13
181,7,14,7,4,14
182,7,15,7,4,15
183,7,16,7,4,16
184,7,17,7,1,17
185,7,18,7,1,18
186,7,19,7,1,19
187,7,20,7,1,20
188,7,21,7,1,21
189,7,22,7,1,22
190,7,23,7,1,23
191,7,24,7,1,24
192,8,0,8,1,0
193,8,1,8,1
194,8,2,8,1,2
195,8,3,8,3
196,8,4,8,1,4
197,8,5,8,1,5
198,8,6,8,1,6
199,8,7,8,1,7
200,8,9,8,1,9
201,8,10,8,21,23,10
202,8,11,8,1,11
203,8,12,8,3,12
204,8,13,8,21,13
205,8,14,8,21,14
206,8,15,8,21,13,15
207,8,16,8,3,16
208,8,17,8,21,17
209,8,18,8,21,18
210,8,19,8,21,19
211,8,20,8,1,20
212,8,21,8,21
213,8,22,8,1,22
214,8,23,8,21,23
215,8,24,8,21,13,24
216,9,0,9,1,0
217,9,1,9,1
218,9,2,9,1,2
219,9,3,9,1,3
220,9,4,9,1,4
221,9,5,9,1,5
222,9,6,9,1,6
223,9,7,9,1,7
224,9,8,9,1,8
225,9,10,9,1,10
226,9,11,9,1,11
227,9,12,9,1,12
228,9,13,9,1,13
229,9,14,9,1,14
230,9,15,9,1,15
231,9,16,9,1,16
232,9,17,9,1,17
233,9,18,9,1,18
234,9,19,9,1,19
235,9,20,9,1,20
236,9,21,9,1,21
237,9,22,9,1,22
238,9,23,9,1,23
239,9,24,9,1,24
240,10,0,10,1,0
241,10,1,10,1
242,10,2,10,1,2
243,10,3,10,1,3
244,10,4,10,1,4
245,10,5,10,23,13,5
246,10,6,10,23,13,6
247,10,7,10,1,7
248,10,8,10,23,21,8
249,10,9,10,1,9
250,10,11,10,1,11
251,10,12,10,1,12
252,10,13,10,23,13
253,10,14,10,23,21,14
254,10,15,10,23,15
255,10,16,10,1,16
256,10,17,10,23,17
257,10,18,10,23,18
258,10,19,10,23,21,19
259,10,20,10,23,13,20
260,10,21,10,23,21
261,10,22,10,23,22
262,10,23,10,23
263,10,24,10,23,24
264,11,0,11,1,0
265,11,1,11,1
266,11,2,11,1,2
267,11,3,11,1,3
268,11,4,11,1,4
269,11,5,11,1,5
270,11,6,11,1,6
271,11,7,11,1,7
272,11,8,11,1,8
273,11,9,11,1,9
274,11,10,11,13,10
275,11,12,11,1,12
276,11,13,11,13
277,11,14,11,1,14
278,11,15,11,13,15
279,11,16,11,1,16
280,11,17,11,13,17
281,11,18,11,13,18
282,11,19,11,1,19
283,11,20,11,1,20
284,11,21,11,1,21
285,11,22,11,1,22
286,11,23,11,13,23
287,11,24,11,13,24
288,12,0,12,1,0
289,12,1,12,1
290,12,2,12,1,2
291,12,3,12,3
292,12,4,12,3,4
293,12,5,12,1,5
294,12,6,12,1,6
295,12,7,12,1,7
296,12,8,12,3,8
297,12,9,12,1,9
298,12,10,12,1,10
299,12,11,12,1,11
300,12,13,12,3,13
301,12,14,12,3,14
302,12,15,12,1,15
303,12,16,12,3,16
304,12,17,12,1,17
305,12,18,12,1,18
306,12,19,12,3,19
307,12,20,12,1,20
308,12,21,12,3,21
309,12,22,12,3,22
310,12,23,12,1,23
311,12,24,12,1,24
312,13,0,13,1,0
313,13,1,13,1
314,13,2,13,1,2
315,13,3,13,3
316,13,4,13,4
317,13,5,13,5
318,13,6,13,6
319,13,7,13,1,7
320,13,8,13,21,8
321,13,9,13,1,9
322,13,10,13,10
323,13,11,13,11
324,13,12,13,3,12
325,13,14,13,21,14
326,13,15,13,15
327,13,16,13,1,16
328,13,17,13,17
329,13,18,13,18
330,13,19,13,21,19
331,13,20,13,20
332,13,21,13,21
333,13,22,13,22
334,13,23,13,23
335,13,24,13,24
336,14,0,14,1,0
337,14,1,14,1
338,14,2,14,1,2
339,14,3,14,3
340,14,4,14,3,4
341,14,5,14,1,5
342,14,6,14,1,6
343,14,7,14,1,7
344,14,8,14,3,8
345,14,9,14,1,9
346,14,10,14,21,23,10
347,14,11,14,1,11
348,14,12,14,3,12
349,14,13,14,21,13
350,14,15,14,21,13,15
351,14,16,14,3,16
352,14,17,14,21,17
353,14,18,14,21,18
354,14,19,14,1,19
355,14,20,14,1,20
356,14,21,14,21
357,14,22,14,1,22
358,14,23,14,21,23
359,14,24,14,21,13,24
360,15,0,15,1,0
361,15,1,15,1
362,15,2,15,1,2
363,15,3,15,13,3
364,15,4,15,1,4
365,15,5,15,13,5
366,15,6,15,13,6
367,15,7,15,1,7
368,15,8,15,21,8
369,15,9,15,1,9
370,15,10,15,10
371,15,11,15,1,11
372,15,12,15,1,12
373,15,13,15,13
374,15,14,15,21,14
375,15,16,15,1,16
376,15,17,15,17
377,15,18,15,18
378,15,19,15,21,19
379,15,20,15,13,20
380,15,21,15,21
381,15,22,15,13,22
382,15,23,15,23
383,15,24,15,24
384,16,0,16,1,0
385,16,1,16,1
386,16,2,16,1,2
387,16,3,16,3
388,16,4,16,3,4
389,16,5,16,1,5
390,16,6,16,1,6
391,16,7,16,1,7
392,16,8,16,3,8
393,16,9,16,1,9
394,16,10,16,13,10
395,16,11,16,1,11
396,16,12,16,3,12
397,16,13,16,13
398,16,14,16,3,14
399,16,15,16,13,15
400,16,17,16,13,17
401,16,18,16,13,18
402,16,19,16,3,19
403,16,20,16,1,20
404,16,21,16,21
405,16,22,16,3,22
406,16,23,16,13,23
407,16,24,16,13,24
408,17,0,17,1,0
409,17,1,17,1
410,17,2,17,1,2
411,17,3,17,13,3
412,17,4,17,1,4
413,17,5,17,13,5
414,17,6,17,13,6
415,17,7,17,1,7
416,17,8,17,21,8
417,17,9,17,1,9
418,17,10,17,13,10
419,17,11,17,1,11
420,17,12,17,1,12
421,17,13,17,13
422,17,14,17,21,14
423,17,15,17,13,15
424,17,16,17,1,16
425,17,18,17,18
426,17,19,17,21,19
427,17,20,17,13,20
428,17,21,17,21
429,17,22,17,13,22
430,17,23,17,13,23
431,17,24,17,13,24
432,18,0,18,1,0
433,18,1,18,1
434,18,2,18,1,2
435,18,3,18,13,3
436,18,4,18,1,4
437,18,5,18,13,5
438,18,6,18,13,6
439,18,7,18,1,7
440,18,8,18,21,8
441,18,9,18,13,1,9
442,18,10,18,10
443,18,11,18,1,11
444,18,12,18,1,12
445,18,13,18,13
446,18,14,18,21,14
447,18,15,18,15
448,18,16,18,1,16
449,18,17,18,17
450,18,19,18,21,19
451,18,20,18,13,20
452,18,21,18,21
453,18,22,18,13,22
454,18,23,18,23
455,18,24,18,24
456,19,0,19,1,0
457,19,1,19,1
458,19,2,19,1,2
459,19,3,19,3
460,19,4,19,3,4
461,19,5,19,1,5
462,19,6,19,1,6
463,19,7,19,1,7
464,19,8,19,21,8
465,19,9,19,1,9
466,19,10,19,1,10
467,19,11,19,1,11
468,19,12,19,3,12
469,19,13,19,21,13
470,19,14,19,1,14
471,19,15,19,21,13,15
472,19,16,19,3,16
473,19,17,19,21,17
474,19,18,19,21,18
475,19,20,19,1,20
476,19,21,19,21
477,19,22,19,1,22
478,19,23,19,21,23
479,19,24,19,21,13,24
480,20,0,20,1,0
481,20,1,20,1
482,20,2,20,1,2
483,20,3,20,1,3
484,20,4,20,1,4
485,20,5,20,1,5
486,20,6,20,1,6
487,20,7,20,1,7
488,20,8,20,1,8
489,20,9,20,1,9
490,20,10,20,13,10
491,20,11,20,1,11
492,20,12,20,1,12
493,20,13,20,13
494,20,14,20,1,14
495,20,15,20,13,15
496,20,16,20,1,16
497,20,17,20,13,17
498,20,18,20,13,18
499,20,19,20,1,19
500,20,21,20,1,21
501,20,22,20,13,22
502,20,23,20,13,23
503,20,24,20,13,24
504,21,0,21,1,0
505,21,1,21,1
506,21,2,21,1,2
507,21,3,21,3
508,21,4,21,1,4
509,21,5,21,13,5
510,21,6,21,13,6
511,21,7,21,1,7
512,21,8,21,8
513,21,9,21,1,9
514,21,10,21,23,10
515,21,11,21,1,11
516,21,12,21,3,12
517,21,13,21,13
518,21,14,21,14
519,21,15,21,13,15
520,21,16,21,3,16
521,21,17,21,17
522,21,18,21,18
523,21,19,21,19
524,21,20,21,1,20
525,21,22,21,1,22
526,21,23,21,23
527,21,24,21,13,24
528,22,0,22,1,0
529,22,1,22,1
530,22,2,22,1,2
531,22,3,22,3
532,22,4,22,1,4
533,22,5,22,13,5
534,22,6,22,1,6
535,22,7,22,1,7
536,22,8,22,1,8
537,22,9,22,1,9
538,22,10,22,13,10
539,22,11,22,1,11
540,22,12,22,3,12
541,22,13,22,13
542,22,14,22,1,14
543,22,15,22,13,15
544,22,16,22,1,16
545,22,17,22,13,17
546,22,18,22,13,18
547,22,19,22,1,19
548,22,20,22,13,20
549,22,21,22,1,21
550,22,23,22,13,23
551,22,24,22,13,24
552,23,0,23,1,0
553,23,1,23,1
554,23,2,23,1,2
555,23,3,23,1,3
556,23,4,23,1,4
557,23,5,23,13,5
558,23,6,23,13,6
559,23,7,23,1,7
560,23,8,23,21,8
561,23,9,23,1,9
562,23,10,23,10
563,23,11,23,1,11
564,23,12,23,1,12
565,23,13,23,13
566,23,14,23,21,14
567,23,15,23,15
568,23,16,23,1,16
569,23,17,23,17
570,23,18,23,18
571,23,19,23,21,19
572,23,20,23,13,20
573,23,21,23,21
574,23,22,23,22
575,23,24,23,24
576,24,0,24,1,0
577,24,1,24,1
578,24,2,24,1,2
579,24,3,24,13,3
580,24,4,24,1,4
581,24,5,24,13,5
582,24,6,24,13,6
583,24,7,24,1,7
584,24,8,24,18,21,8
585,24,9,24,13,1,9
586,24,10,24,23,10
587,24,11,24,13,11
588,24,12,24,1,12
589,24,13,24,13
590,24,14,24,18,21,14
591,24,15,24,15
592,24,16,24,1,16
593,24,17,24,13,17
594,24,18,24,18
595,24,19,24,18,21,19
596,24,20,24,13,20
597,24,21,24,18,21
598,24,22,24,13,22
599,24,23,24,23
COMMODITIES,750
Index,Origin,Destination,Demand/Size,Earliest available time,Latest delivery time
0,10,24,0.777291,40,67
1,17,1,0.319999,40,66
2,8,4,0.00924893,186,213
3,9,3,0.535509,184,216
4,2,22,0.214198,38,65
5,11,22,0.777755,184,212
6,4,15,0.228873,88,130
7,5,1,0.839144,38,65
8,20,17,0.424299,232,256
9,24,2,0.341528,138,181
10,10,23,0.900425,134,152
11,19,5,0.447326,40,80
12,2,17,0.118337,184,219
13,3,6,0.0556489,186,215
14,21,18,0.203917,230,255
15,14,10,0.181621,230,269
16,2,3,0.31876,38,65
17,11,12,0.262732,138,168
18,17,16,0.0741535,42,76
19,2,3,0.377121,86,113
20,8,3,0.14646,182,203
21,19,18,0.0388393,40,73
22,16,0,0.78248,184,209
23,14,15,0.729044,88,132
24,22,15,0.109368,88,121
25,22,19,0.140723,86,119
26,18,15,0.711181,86,108
27,8,13,0.291455,232,257
28,13,3,0.455871,232,266
29,21,17,0.420836,40,60
30,6,22,0.0271828,138,167
31,17,22,0.14458,186,211
32,19,15,0.56948,230,272
33,19,15,0.544742,184,226
34,5,14,0.249749,88,131
35,8,14,0.0168318,88,115
36,12,9,0.208916,86,120
37,15,14,0.441893,42,84
38,18,19,0.838594,230,261
39,22,2,0.643583,136,163
40,14,15,0.906438,138,182
41,22,14,0.249313,232,268
42,20,1,0.262818,40,62
43,16,14,0.0199337,136,164
44,23,16,0.217869,136,173
45,24,0,0.0509754,88,129
46,17,9,0.308335,90,128
47,17,20,0.313601,138,162
48,3,16,0.1125,182,199
49,22,6,0.316025,42,71
50,14,0,0.677616,136,169
51,15,19,0.769887,40,80
52,24,15,0.998277,88,104
53,16,23,0.0722809,234,272
54,16,1,0.754035,184,204
55,16,15,0.584321,184,227
56,8,14,0.0185788,86,113
57,22,15,0.11245,232,265
58,4,11,0.24697,90,116
59,23,0,0.637914,90,124
60,19,1,0.409045,186,211
61,15,3,0.457341,138,188
62,18,2,0.391449,86,122
63,1,17,0.14687,40,68
64,10,22,0.0727222,232,261
65,2,14,0.623236,232,267
66,16,19,0.604537,86,114
67,0,16,0.694735,138,163
68,13,22,0.0976147,234,253
69,20,3,0.392085,38,68
70,16,1,0.981254,136,156
71,20,23,0.0972399,138,165
72,16,18,0.167647,182,218
73,16,14,0.00220317,234,262
74,24,12,0.0408683,234,280
75,20,16,0.0138819,134,164
76,13,17,0.095724,88,106
77,18,6,0.861088,42,73
78,23,18,0.29506,230,246
79,19,1,0.300479,136,161
80,14,0,0.693098,86,119
81,13,6,0.990339,134,158
82,19,24,0.418988,234,273
83,21,13,0.86763,136,156
84,1,14,0.853503,38,66
85,15,23,0.234045,38,61
86,5,24,0.063705,40,73
87,6,17,0.0496635,138,175
88,17,20,0.25727,136,160
89,18,3,0.770635,86,127
90,22,24,0.42756,42,72
91,21,13,0.803097,182,202
92,8,16,0.0117346,186,212
93,16,1,0.646035,86,106
94,20,1,0.0712137,186,208
95,2,12,0.0564671,86,115
96,4,0,0.130726,138,161
97,8,4,0.00844185,88,115
98,10,21,0.0433927,90,121
99,1,3,0.26064,182,202
100,11,21,0.329389,86,117
101,3,14,0.78054,90,113
102,2,4,0.955727,90,115
103,18,23,0.599756,182,198
104,16,18,0.162744,234,270
105,9,16,0.853751,38,70
106,19,5,0.511993,90,130
107,12,1,0.876449,40,62
108,15,19,0.460902,184,224
109,23,8,0.241694,186,216
110,18,10,0.167268,182,204
111,24,19,0.790116,38,76
112,18,10,0.592838,40,62
113,6,18,0.0308353,186,225
114,20,22,0.227233,182,207
115,15,14,0.42665,40,82
116,16,15,0.532989,136,179
117,11,24,0.15881,38,77
118,18,20,0.288966,136,161
119,16,15,0.584153,138,181
120,5,13,0.359761,88,110
121,14,15,0.711226,186,230
122,21,0,0.086576,134,162
123,11,24,0.176371,90,129
124,19,20,0.363636,134,169
125,14,21,0.825507,134,156
126,15,18,0.200273,42,64
127,13,19,0.48648,90,118
128,0,20,0.737058,40,67
129,22,4,0.0334799,234,260
130,20,3,0.412984,182,212
131,19,11,0.751089,90,123
132,24,21,0.110341,234,264
133,14,18,0.977789,42,77
134,2,3,0.322969,230,257
135,24,14,0.147371,186,226
136,13,11,0.264143,134,163
137,16,20,0.227551,42,72
138,13,16,0.0808524,38,71
139,3,14,0.0442092,40,63
140,20,10,0.420983,134,164
141,18,24,0.899868,86,105
142,14,4,0.256936,230,261
143,12,20,0.647778,232,264
144,19,9,0.202232,136,173
145,24,5,0.0402302,88,121
146,18,13,0.273015,234,253
147,3,17,0.140683,138,176
148,11,15,0.417836,88,130
149,21,1,0.134821,90,113
150,13,20,0.306521,134,152
151,16,0,0.781713,138,163
152,20,16,0.0133142,186,216
153,5,13,0.376868,38,60
154,3,22,0.0973102,86,111
155,14,8,0.43128,38,70
156,24,1,0.699099,138,174
157,14,2,0.0886136,40,75
158,14,20,0.10059,40,78
159,2,23,0.0897637,230,267
160,24,19,0.73492,86,124
161,14,20,0.0997513,90,128
162,16,5,0.175364,182,217
163,11,1,0.17318,134,154
164,14,20,0.0930765,232,270
165,10,5,0.0252606,232,269
166,2,17,0.117677,86,121
167,18,14,0.200806,182,215
168,2,14,0.755454,136,171
169,13,19,0.650398,232,260
170,11,23,0.239021,234,271
171,3,11,0.390324,232,260
172,21,22,0.0216793,134,165
173,8,14,0.0165418,182,209
174,17,8,0.19656,86,111
175,20,12,0.0190677,38,70
176,18,3,0.1438,234,275
177,3,22,0.110513,42,67
178,23,15,0.806824,234,257
179,22,24,0.427012,134,164
180,19,5,0.458625,230,270
181,3,23,0.358458,184,221
182,24,10,0.0723216,234,261
183,1,20,0.102407,182,204
184,3,22,0.393306,40,65
185,4,11,0.227823,40,66
186,16,1,0.555581,40,60
187,14,17,0.077675,186,216
188,18,5,0.0478647,38,67
189,21,18,0.213572,136,161
190,12,23,0.0733354,230,270
191,2,21,0.00543464,138,168
192,11,14,0.456561,186,222
193,15,24,0.765774,234,250
194,0,18,0.820563,90,125
195,21,17,0.372013,232,252
196,16,5,0.154009,134,169
197,23,21,0.0837072,186,211
198,4,6,0.0729283,234,261
199,11,18,0.155404,136,171
200,6,17,0.0535664,42,79
201,19,20,0.302375,186,221
202,13,4,0.082542,232,256
203,21,17,0.352279,42,62
204,11,15,0.0477809,90,132
205,6,1,0.351094,90,111
206,14,10,0.178433,42,81
207,16,22,0.201901,42,72
208,18,24,0.116379,90,109
209,0,23,0.899477,136,171
210,17,16,0.0657499,90,124
211,15,4,0.18499,90,132
212,18,14,0.12915,90,123
213,5,14,0.164662,230,273
214,3,6,0.222963,136,165
215,4,10,0.0520592,136,180
216,5,17,0.41359,182,210
217,1,19,0.362009,42,67
218,12,18,0.121224,230,270
219,18,14,0.268442,184,217
220,1,11,0.228538,88,108
221,16,2,0.335447,136,163
222,5,1,0.314637,234,261
223,19,12,0.0368609,184,212
224,4,14,0.433734,186,217
225,21,8,0.466839,40,57
226,21,1,0.140769,186,209
227,12,21,0.328251,182,213
228,22,15,0.12055,230,263
229,1,0,0.369168,90,107
230,24,12,0.042772,134,180
231,6,17,0.0578634,38,75
232,14,10,0.176492,90,129
233,2,0,0.0461993,90,114
234,6,17,0.0522294,234,271
235,21,13,0.782664,90,110
236,9,3,0.587282,182,214
237,5,8,0.0496565,88,124
238,13,3,0.248422,182,216
239,16,5,0.166929,86,121
240,19,13,0.57202,42,70
241,18,15,0.411016,182,204
242,8,5,0.0433456,186,222
243,2,18,0.0346787,186,223
244,13,3,0.0894956,86,120
245,18,21,0.502998,184,207
246,8,9,0.248281,90,123
247,22,9,0.176706,42,74
248,18,11,0.992717,134,171
249,24,15,0.837862,184,200
250,18,8,0.648478,88,116
251,10,4,0.015565,232,273
252,0,16,0.757661,40,65
253,2,15,0.292504,234,277
254,22,14,0.227538,86,122
255,19,18,0.966954,184,217
256,10,6,0.0860992,86,125
257,21,23,0.347323,138,161
258,14,11,0.677507,182,218
259,5,22,0.31403,42,77
260,18,24,0.398657,138,157
261,20,22,0.237895,136,161
262,23,13,0.385178,138,159
263,3,4,0.289478,234,254
264,23,17,0.636484,138,155
265,8,13,0.330662,42,67
266,13,19,0.893892,42,70
267,22,4,0.0360926,186,212
268,4,15,0.229999,232,274
269,19,5,0.479549,232,272
270,23,22,0.029164,184,207
271,11,19,0.314702,88,121
272,16,15,0.517254,134,177
273,10,5,0.025341,186,223
274,10,12,0.0736735,88,133
275,19,21,0.699942,38,58
276,18,14,0.285533,134,167
277,16,14,0.072284,88,116
278,24,13,0.00255843,86,109
279,24,13,0.773976,138,161
280,5,13,0.51227,134,156
281,19,4,0.0693028,186,217
282,24,0,0.044168,40,81
283,0,9,0.132767,134,163
284,11,1,0.996002,234,254
285,17,2,0.0386614,90,123
286,13,8,0.840734,86,111
287,24,3,0.0164846,88,133
288,15,2,0.0111206,86,129
289,6,3,0.279516,232,261
290,2,15,0.319004,40,83
291,0,3,0.352986,232,257
292,12,2,0.0617009,234,263
293,13,4,0.0747168,88,112
294,8,16,0.0112015,138,164
295,11,24,0.200606,182,221
296,14,5,0.364407,230,273
297,12,18,0.140338,138,178
298,12,2,0.246264,88,117
299,11,8,0.42778,42,71
300,0,16,0.795578,134,159
301,1,19,0.31209,38,63
302,21,22,0.0220587,182,213
303,13,8,0.843167,88,113
304,3,6,0.171762,88,117
305,16,22,0.322063,86,116
306,19,24,0.443797,134,173
307,24,21,0.110818,38,68
308,15,17,0.196112,234,258
309,19,18,0.27977,134,167
310,19,15,0.554351,42,84
311,24,5,0.0393681,138,171
312,5,24,0.0686599,38,71
313,0,6,0.120948,136,162
314,8,3,0.959876,232,253
315,18,16,0.493548,136,173
316,4,21,0.0123774,134,163
317,16,21,0.618014,138,159
318,19,22,0.460179,232,265
319,17,19,0.766723,138,166
320,15,20,0.0447461,88,122
321,21,0,0.0908794,136,164
322,24,20,0.0415607,138,167
323,17,8,0.193936,182,207
324,2,4,0.959699,88,113
325,2,19,0.279814,134,166
326,11,22,0.81073,182,210
327,13,14,0.229448,134,164
328,12,3,0.98484,42,59
329,16,18,0.152361,232,268
330,21,1,0.293157,38,61
331,14,17,0.0802206,42,72
332,13,15,0.695777,184,210
333,14,22,0.642779,182,218
334,10,15,0.640628,184,213
335,5,13,0.262308,230,252
336,23,10,0.406504,230,248
337,3,12,0.298984,40,57
338,23,17,0.683992,186,203
339,21,17,0.41706,186,206
340,1,23,0.761158,234,264
341,5,24,0.0609533,138,171
342,24,20,0.0308414,186,215
343,2,13,0.116246,182,215
344,15,16,0.355974,42,86
345,23,4,0.372192,184,219
346,5,24,0.0700679,88,121
347,12,1,0.648194,86,108
348,18,6,0.75684,38,69
349,17,8,0.173806,138,163
350,23,21,0.714855,234,259
351,21,8,0.457824,88,105
352,1,14,0.810413,234,262
353,14,8,0.328215,90,122
354,18,24,0.367838,88,107
355,19,17,0.30347,184,212
356,4,6,0.0689302,40,67
357,12,2,0.163073,86,115
358,16,0,0.679321,232,257
359,2,14,0.63951,138,173
360,10,15,0.357193,136,165
361,9,12,0.00454545,230,264
362,4,21,0.0117984,230,259
363,2,21,0.00571338,88,118
364,11,19,0.363166,234,267
365,24,15,0.957648,186,202
366,8,13,0.334251,136,161
367,16,18,0.180635,86,122
368,5,16,0.37148,90,125
369,22,6,0.325935,136,165
370,13,23,0.222368,232,253
371,21,1,0.189746,234,257
372,4,11,0.249276,38,64
373,24,10,0.0680733,138,165
374,16,19,0.630726,186,214
375,24,20,0.0369961,184,213
376,18,10,0.60936,184,206
377,23,12,0.358675,234,273
378,21,12,0.0136687,86,116
379,20,12,0.0176133,186,218
380,10,8,0.284527,230,266
381,20,12,0.0165309,184,216
382,22,21,0.452365,90,121
383,23,17,0.0444519,90,107
384,18,16,0.496434,40,77
385,13,11,0.175544,184,213
386,23,0,0.611491,40,74
387,16,10,0.0283428,88,129
388,5,19,0.125691,38,76
389,0,9,0.146485,182,211
390,17,16,0.0772837,182,216
391,19,18,0.196144,90,123
392,1,19,0.380558,136,161
393,12,19,0.0459445,90,118
394,13,12,0.1249,234,273
395,15,22,0.656845,86,121
396,16,19,0.653106,184,212
397,24,19,0.828218,182,220
398,5,4,0.214807,86,119
399,1,5,0.819719,86,113
400,20,18,0.291768,138,163
401,23,2,0.0997101,42,78
402,21,24,0.305934,86,117
403,20,15,0.427917,186,218
404,3,11,0.259632,136,164
405,0,10,0.478418,234,277
406,15,3,0.423336,234,284
407,24,6,0.363349,38,73
408,0,17,0.225551,134,167
409,1,11,0.528274,138,158
410,20,13,0.0549309,186,204
411,19,5,0.487735,234,274
412,15,21,0.169441,90,122
413,10,6,0.0887987,38,77
414,17,20,0.294841,86,110
415,0,11,0.0498364,234,259
416,3,16,0.164776,40,57
417,24,11,0.668864,38,78
418,12,2,0.164696,184,213
419,23,1,0.159653,230,259
420,19,23,0.744962,182,213
421,0,19,0.273947,138,168
422,5,22,0.31889,234,269
423,8,12,0.255015,230,256
424,6,18,0.0293194,136,175
425,16,21,0.688832,88,109
426,21,5,0.00454545,232,262
427,2,12,0.0478317,136,165
428,19,5,0.485378,182,222
429,24,12,0.0441271,90,136
430,24,11,0.692627,88,128
431,4,15,0.255114,136,178
432,21,23,0.345159,134,157
433,10,13,0.963104,232,259
434,22,24,0.433773,184,214
435,24,8,0.0590156,88,123
436,0,6,0.125245,184,210
437,18,10,0.281514,38,60
438,19,20,0.334377,234,269
439,24,19,0.779276,232,270
440,11,22,0.756746,232,260
441,4,11,0.244469,136,162
442,14,6,0.157947,182,219
443,23,22,0.380282,42,65
444,22,0,0.190728,40,65
445,0,20,0.794432,230,257
446,23,1,0.104118,42,71
447,13,24,0.41423,136,159
448,0,17,0.207741,138,171
449,24,6,0.408971,184,219
450,23,22,0.118479,88,111
451,20,22,0.236085,40,65
452,1,12,0.919111,184,206
453,23,20,0.726644,234,261
454,0,6,0.112686,230,256
455,1,19,0.79457,86,111
456,5,22,0.332285,184,219
457,12,19,0.0446432,88,116
458,18,0,0.226817,88,122
459,15,22,0.606724,230,265
460,8,16,0.0108635,136,162
461,1,16,0.706067,38,58
462,8,5,0.0358191,88,124
463,3,2,0.954696,38,65
464,8,16,0.011693,232,258
465,22,23,0.53435,186,214
466,0,10,0.470892,136,179
467,18,4,0.726857,90,125
468,18,20,0.00774631,234,259
469,1,3,0.308477,136,156
470,13,8,0.936874,40,65
471,5,24,0.0707902,234,267
472,1,14,0.659278,134,162
473,22,4,0.037195,40,66
474,8,14,0.0156601,134,161
475,20,8,0.248367,40,71
476,20,14,0.335947,234,272
477,4,24,0.328263,136,178
478,18,13,0.95529,40,59
479,6,3,0.268979,38,67
480,24,23,0.28914,182,203
481,10,17,0.186447,186,209
482,1,10,0.163131,38,76
483,13,19,0.438621,134,162
484,24,16,0.0197614,138,182
485,14,22,0.676555,42,78
486,13,20,0.439297,88,106
487,12,1,0.204244,182,204
488,14,17,0.0874553,138,168
489,3,12,0.840908,134,151
490,21,12,0.0127861,186,216
491,18,3,0.0818583,232,273
492,9,16,0.826586,232,264
493,18,16,0.493661,86,123
494,24,2,0.396952,38,81
495,23,1,0.887679,136,165
496,13,4,0.0788566,184,208
497,15,24,0.456368,138,154
498,24,20,0.075318,134,163
499,16,19,0.588859,138,166
500,18,20,0.848541,38,63
501,24,6,0.373127,234,269
502,10,20,0.0896294,136,169
503,10,9,0.345664,234,281
504,15,14,0.515197,88,130
505,0,16,0.724981,186,211
506,24,14,0.159495,136,176
507,12,19,0.0459516,232,260
508,16,4,0.810176,184,209
509,21,1,0.0892738,40,63
510,2,4,0.919331,42,67
511,1,18,0.281639,138,168
512,1,15,0.330565,184,220
513,1,21,0.506563,42,65
514,20,14,0.341717,90,128
515,3,22,0.121678,232,257
516,21,18,0.228127,184,209
517,18,24,0.668328,234,253
518,11,23,0.968099,38,75
519,0,3,0.366256,182,207
520,6,18,0.0335183,88,127
521,24,6,0.378894,40,75
522,8,14,0.0176442,42,69
523,3,17,0.141007,90,128
524,12,16,0.743867,184,206
525,5,14,0.190525,42,85
526,3,8,0.0393143,232,253
527,16,15,0.619879,40,83
528,13,5,0.330264,88,110
529,20,14,0.369451,186,224
530,5,24,0.0642384,182,215
531,14,2,0.0889527,184,219
532,22,15,0.120518,182,215
533,12,2,0.120586,136,165
534,13,8,0.962699,186,211
535,8,16,0.0114,234,260
536,19,20,0.34726,88,123
537,19,11,0.703168,42,75
538,3,17,0.129182,134,172
539,0,5,0.200844,134,166
540,5,14,0.184616,38,81
541,11,13,0.384268,230,258
542,2,15,0.32391,182,225
543,10,6,0.0878105,232,271
544,20,23,0.0982664,234,261
545,0,18,0.796881,38,73
546,11,18,0.73129,88,123
547,1,12,0.140163,40,62
548,3,19,0.320228,40,63
549,15,16,0.366388,182,226
550,23,10,0.0100274,40,58
551,4,18,0.378455,186,222
552,3,18,0.456823,40,79
553,15,1,0.080293,186,222
554,15,2,0.0132392,136,179
555,18,20,0.00803033,230,255
556,8,9,0.287272,40,73
557,24,0,0.0512975,86,127
558,3,4,0.908377,134,154
559,2,4,0.0261096,232,257
560,1,8,0.0977604,234,255
561,21,11,0.0537701,90,121
562,20,19,0.452167,40,75
563,18,4,0.818924,88,123
564,21,23,0.349902,38,61
565,5,1,0.416853,136,163
566,14,0,0.861498,234,267
567,2,0,0.0476983,230,254
568,0,5,0.189565,88,120
569,5,17,0.400915,234,262
570,23,11,0.169531,184,221
571,19,2,0.0223215,186,218
572,19,5,0.50877,138,178
573,16,0,0.789915,38,63
574,20,19,0.461119,234,269
575,23,10,0.0798032,134,152
576,3,12,0.232368,88,105
577,5,12,0.0168037,186,223
578,8,9,0.24397,138,171
579,18,14,0.172903,186,219
580,8,12,0.251421,134,160
581,14,0,0.647263,40,73
582,22,5,0.409282,186,215
583,1,0,0.109856,182,199
584,1,15,0.631935,186,222
585,12,22,0.207144,134,164
586,23,12,0.34459,42,81
587,0,5,0.208907,234,266
588,21,15,0.0792782,86,120
589,21,5,0.00454545,138,168
590,10,23,0.816255,234,252
591,21,20,0.00680963,86,119
592,10,21,0.0435416,42,73
593,0,10,0.488274,88,131
594,19,21,0.659484,232,252
595,19,22,0.298504,184,217
596,19,22,0.35397,230,263
597,3,14,0.886606,42,65
598,3,1,0.812209,88,108
599,18,14,0.342185,136,169
600,12,22,0.193297,184,214
601,15,3,0.441718,182,232
602,19,4,0.0721272,232,263
603,0,12,0.294012,88,115
604,4,18,0.340711,184,220
605,18,13,0.595767,134,153
606,23,15,0.313351,38,61
607,23,8,0.294218,134,164
608,1,2,0.887041,182,201
609,20,22,0.237647,88,113
610,16,4,0.883008,182,207
611,23,3,0.827617,186,223
612,18,10,0.542402,230,252
613,5,14,0.306417,232,275
614,8,14,0.0156771,138,165
615,11,8,0.392186,40,69
616,23,19,0.702265,230,263
617,18,6,0.832313,184,215
618,3,22,0.0247894,134,159
619,20,22,0.254993,42,67
620,2,13,0.121165,86,119
621,4,6,0.0708755,230,257
622,3,4,0.268695,230,250
623,23,16,0.190108,40,77
624,19,17,0.30002,88,116
625,21,1,0.298463,86,109
626,24,20,0.167289,86,115
627,22,3,0.0428821,86,110
628,16,5,0.163972,40,75
629,24,12,0.0415627,186,232
630,24,3,0.0152916,134,179
631,19,5,0.439717,184,224
632,21,23,0.348855,42,65
633,17,5,0.218282,134,162
634,22,0,0.175273,38,63
635,6,14,0.0185869,138,175
636,13,2,0.303932,230,262
637,1,23,0.252877,88,118
638,19,11,0.669274,38,71
639,13,3,0.423326,88,122
640,18,15,0.153792,186,208
641,11,15,0.327713,232,274
642,12,3,0.498644,138,155
643,17,21,0.308505,40,60
644,13,12,0.131479,40,79
645,1,16,0.660608,182,202
646,4,0,0.149296,184,207
647,8,14,0.0180498,38,65
648,5,13,0.336991,186,208
649,14,10,0.173511,138,177
650,24,21,0.102946,88,118
651,0,9,0.13555,90,119
652,22,10,0.0735276,88,119
653,15,22,0.639735,90,125
654,19,16,0.106348,86,114
655,22,14,0.226238,88,124
656,11,22,0.856793,38,66
657,17,5,0.247348,230,258
658,17,5,0.22035,38,66
659,11,1,0.298105,138,158
660,20,1,0.670123,38,60
661,12,18,0.129287,232,272
662,0,9,0.149608,42,71
663,17,9,0.328679,184,222
664,15,0,0.42007,136,177
665,12,3,0.251788,232,249
666,0,13,0.338186,232,263
667,18,2,0.44862,42,78
668,20,4,0.00733294,232,260
669,24,6,0.40449,186,221
670,4,6,0.0733113,90,117
671,8,9,0.262576,186,219
672,15,8,0.0749666,138,175
673,22,8,0.323669,186,215
674,4,24,0.328486,184,226
675,23,17,0.57427,230,247
676,11,23,0.300588,138,175
677,24,10,0.0581341,134,161
678,5,22,0.31048,134,169
679,11,19,0.305578,134,167
680,0,18,0.831773,184,219
681,8,13,0.294502,186,211
682,19,22,0.282908,40,73
683,5,15,0.474183,232,268
684,16,10,0.0306585,38,79
685,10,9,0.354606,232,279
686,24,2,0.349579,136,179
687,8,4,0.00781145,230,257
688,18,4,0.725143,86,121
689,2,21,0.00561897,40,70
690,2,13,0.109715,184,217
691,19,23,0.602678,134,165
692,1,23,0.527891,182,212
693,12,2,0.133988,138,167
694,23,10,0.656326,232,250
695,3,8,0.192037,86,107
696,8,13,0.324588,182,207
697,15,6,0.191897,90,130
698,11,15,0.336555,234,276
699,13,22,0.0837299,136,155
700,8,15,0.0415711,184,223
701,0,9,0.155174,186,215
702,15,19,0.713315,232,272
703,6,3,0.266608,88,117
704,11,23,0.00852199,86,123
705,16,3,0.526716,230,247
706,4,19,0.00911438,42,73
707,16,5,0.15993,184,219
708,15,5,0.465714,184,222
709,11,23,0.0968262,90,127
710,11,8,0.448729,90,119
711,19,3,0.14201,230,253
712,13,16,0.0886248,182,215
713,0,9,0.147463,136,165
714,13,17,0.759327,234,252
715,0,9,0.136905,138,167
716,15,2,0.0111651,38,81
717,16,0,0.731887,182,207
718,1,8,0.99574,186,207
719,14,20,0.101756,136,174
720,20,18,0.303391,40,65
721,5,1,0.689208,90,117
722,14,0,0.879053,134,167
723,9,12,0.00454545,232,266
724,17,23,0.38005,86,113
725,21,14,0.00975042,38,60
726,1,3,0.960052,40,60
727,23,11,0.457165,90,127
728,22,9,0.169962,88,120
729,19,23,0.643957,42,73
730,19,20,0.304105,40,75
731,19,5,0.448701,136,176
732,13,15,0.160587,234,260
733,2,0,0.0505413,42,66
734,10,3,0.0583388,230,273
735,24,16,0.0194764,38,82
736,17,5,0.2208,40,68
737,3,4,0.188756,232,252
738,0,24,0.491969,234,275
739,18,11,0.0403049,138,175
740,23,19,0.654094,88,121
741,19,18,0.995714,86,119
742,1,20,0.329162,42,64
743,2,14,0.647914,234,269
744,17,8,0.198219,88,113
745,24,23,0.739138,88,109
746,1,17,0.407316,136,164
747,10,20,0.097621,138,171
748,18,5,0.015517,184,213
749,17,10,0.507793,184,214
