NODES,25
INDEX,Name,X-coordinate,Y-coordinate
0,0,-,-
1,1,-,-
2,2,-,-
3,3,-,-
4,4,-,-
5,5,-,-
6,6,-,-
7,7,-,-
8,8,-,-
9,9,-,-
10,10,-,-
11,11,-,-
12,12,-,-
13,13,-,-
14,14,-,-
15,15,-,-
16,16,-,-
17,17,-,-
18,18,-,-
19,19,-,-
20,20,-,-
21,21,-,-
22,22,-,-
23,23,-,-
24,24,-,-
ARCS,529
Index,Origin,Destination,Variable Cost,Fixed Cost,Capacity,Travel time
0,0,1,0,117.8,1,5
1,1,0,0,117.8,1,5
2,1,2,0,234.05,1,7
3,1,3,0,260.4,1,8
4,1,4,0,175.15,1,6
5,1,5,0,486.7,1,15
6,1,6,0,323.95,1,9
7,1,8,0,323.95,1,9
8,1,9,0,447.95,1,12
9,1,10,0,883.5,1,26
10,1,11,0,255.75,1,8
11,1,12,0,387.5,1,10
12,1,13,0,489.8,1,14
13,1,14,0,525.45,1,16
14,1,15,0,1002.85,1,24
15,1,16,0,252.65,1,8
16,1,17,0,545.6,1,16
17,1,18,0,680.45,1,18
18,1,19,0,503.75,1,13
19,1,20,0,358.05,1,10
20,1,21,0,409.2,1,11
21,1,22,0,266.6,1,8
22,1,23,0,699.05,1,18
23,1,24,0,903.65,1,24
24,2,1,0,234.05,1,7
25,3,1,0,260.4,1,8
26,3,4,0,230.95,1,8
27,3,8,0,311.55,1,9
28,3,12,0,144.15,1,5
29,3,13,0,661.85,1,20
30,3,14,0,418.5,1,11
31,3,16,0,151.9,1,5
32,3,19,0,396.8,1,11
33,3,21,0,469.65,1,14
34,3,22,0,429.35,1,13
35,4,1,0,175.15,1,6
36,4,3,0,230.95,1,8
37,5,1,0,486.7,1,15
38,5,13,0,367.35,1,10
39,6,1,0,323.95,1,9
40,6,13,0,430.9,1,11
41,7,1,0,103.85,1,4
42,8,1,0,323.95,1,9
43,8,3,0,311.55,1,9
44,8,13,0,415.4,1,11
45,8,16,0,161.2,1,6
46,8,21,0,158.1,1,5
47,9,1,0,447.95,1,12
48,10,1,0,891.25,1,23
49,10,23,0,192.2,1,6
50,11,1,0,255.75,1,8
51,11,13,0,592.1,1,16
52,12,1,0,387.5,1,10
53,12,3,0,144.15,1,5
54,13,1,0,489.8,1,13
55,13,3,0,669.6,1,22
56,13,5,0,367.35,1,10
57,13,6,0,430.9,1,12
58,13,10,0,483.6,1,12
59,13,11,0,596.75,1,17
60,13,15,0,553.35,1,14
61,13,17,0,176.7,1,6
62,13,18,0,248,1,7
63,13,19,0,573.5,1,16
64,13,20,0,198.4,1,6
65,13,21,0,275.9,1,8
66,13,22,0,232.5,1,7
67,13,23,0,323.95,1,9
68,13,24,0,449.5,1,11
69,14,1,0,525.45,1,16
70,14,3,0,418.5,1,11
71,14,19,0,111.6,1,4
72,14,21,0,384.4,1,10
73,15,1,0,1002.85,1,24
74,15,13,0,553.35,1,16
75,15,18,0,350.3,1,10
76,15,21,0,747.1,1,20
77,15,23,0,412.3,1,11
78,16,1,0,252.65,1,8
79,16,3,0,151.9,1,5
80,16,8,0,161.2,1,6
81,16,13,0,581.25,1,17
82,16,21,0,305.35,1,9
83,17,1,0,544.05,1,14
84,17,13,0,176.7,1,6
85,17,18,0,127.1,1,5
86,17,21,0,292.95,1,8
87,18,1,0,666.5,1,17
88,18,10,0,308.45,1,10
89,18,13,0,248,1,7
90,18,15,0,350.3,1,10
91,18,17,0,127.1,1,5
92,18,19,0,719.2,1,19
93,18,21,0,421.6,1,11
94,18,22,0,421.6,1,13
95,18,23,0,116.25,1,4
96,18,24,0,237.15,1,7
97,19,1,0,503.75,1,13
98,19,3,0,396.8,1,11
99,19,8,0,240.25,1,7
100,19,14,0,111.6,1,4
101,19,21,0,297.6,1,8
102,20,1,0,358.05,1,10
103,20,13,0,198.4,1,6
104,20,23,0,522.35,1,15
105,21,1,0,409.2,1,11
106,21,3,0,458.8,1,13
107,21,8,0,158.1,1,5
108,21,13,0,275.9,1,8
109,21,14,0,384.4,1,10
110,21,15,0,829.25,1,22
111,21,17,0,292.95,1,8
112,21,18,0,420.05,1,13
113,21,19,0,297.6,1,8
114,21,23,0,440.2,1,11
115,22,1,0,266.6,1,8
116,22,3,0,429.35,1,12
117,22,13,0,232.5,1,7
118,23,1,0,699.05,1,17
119,23,10,0,192.2,1,6
120,23,13,0,323.95,1,9
121,23,15,0,412.3,1,11
122,23,17,0,153.45,1,5
123,23,18,0,116.25,1,4
124,23,21,0,446.4,1,13
125,23,24,0,305.35,1,9
126,24,1,0,903.65,1,24
127,24,13,0,449.5,1,11
128,24,18,0,237.15,1,7
129,24,23,0,305.35,1,9
130,0,2,0,161.2,1,6
131,0,3,0,353.4,1,10
132,0,4,0,285.2,1,9
133,0,5,0,474.3,1,13
134,0,6,0,246.45,1,8
135,0,8,0,427.8,1,12
136,0,9,0,379.75,1,11
137,0,10,0,931.55,1,25
138,0,11,0,158.1,1,5
139,0,12,0,401.45,1,11
140,0,14,0,632.4,1,17
141,0,15,0,1063.3,1,28
142,0,16,0,367.35,1,11
143,0,17,0,596.75,1,16
144,0,18,0,717.65,1,19
145,0,19,0,615.35,1,17
146,0,20,0,361.15,1,10
147,0,21,0,444.85,1,13
148,0,22,0,297.6,1,9
149,0,23,0,739.35,1,20
150,0,24,0,957.9,1,25
151,1,7,0,103.85,1,4
152,2,0,0,161.2,1,6
153,2,3,0,480.5,1,13
154,2,4,0,409.2,1,12
155,2,5,0,257.3,1,8
156,2,6,0,110.05,1,4
157,2,8,0,412.3,1,12
158,2,9,0,229.4,1,7
159,2,10,0,872.65,1,23
160,2,11,0,182.9,1,6
161,2,12,0,582.8,1,16
162,2,13,0,390.6,1,11
163,2,14,0,790.5,1,21
164,2,15,0,940.85,1,25
165,2,16,0,475.85,1,13
166,2,17,0,568.85,1,16
167,2,18,0,638.6,1,17
168,2,19,0,643.25,1,17
169,2,20,0,207.7,1,7
170,2,21,0,424.7,1,12
171,2,22,0,308.45,1,9
172,2,23,0,716.1,1,19
173,2,24,0,847.85,1,23
174,3,0,0,353.4,1,10
175,3,2,0,480.5,1,13
176,3,6,0,554.9,1,15
177,3,9,0,685.1,1,18
178,3,10,0,995.1,1,26
179,3,11,0,477.4,1,13
180,3,15,0,1224.5,1,32
181,3,17,0,764.15,1,20
182,3,18,0,833.9,1,22
183,3,20,0,620,1,17
184,3,23,0,888.15,1,23
185,3,24,0,1108.25,1,29
186,4,0,0,285.2,1,9
187,4,2,0,409.2,1,12
188,4,6,0,494.45,1,14
189,4,7,0,75.95,1,3
190,4,8,0,142.6,1,5
191,4,9,0,624.65,1,17
192,4,10,0,838.55,1,22
193,4,11,0,406.1,1,12
194,4,12,0,331.7,1,9
195,4,13,0,427.8,1,12
196,4,14,0,410.75,1,12
197,4,15,0,970.3,1,26
198,4,16,0,147.25,1,5
199,4,17,0,503.75,1,14
200,4,18,0,624.65,1,17
201,4,19,0,390.6,1,11
202,4,20,0,413.85,1,12
203,4,21,0,263.5,1,8
204,4,22,0,204.6,1,7
205,4,23,0,646.35,1,18
206,4,24,0,861.8,1,23
207,5,0,0,474.3,1,13
208,5,2,0,257.3,1,8
209,5,6,0,161.2,1,5
210,5,9,0,198.4,1,6
211,5,11,0,320.85,1,9
212,5,18,0,660.3,1,16
213,5,20,0,178.25,1,6
214,5,23,0,720.75,1,19
215,6,0,0,246.45,1,8
216,6,2,0,110.05,1,4
217,6,3,0,554.9,1,15
218,6,4,0,494.45,1,14
219,6,5,0,161.2,1,5
220,6,8,0,637.05,1,17
221,6,9,0,141.05,1,5
222,6,10,0,939.3,1,25
223,6,11,0,165.85,1,5
224,6,12,0,623.1,1,17
225,6,14,0,840.1,1,22
226,6,15,0,982.7,1,26
227,6,16,0,576.6,1,16
228,6,17,0,615.35,1,17
229,6,18,0,685.1,1,18
230,6,19,0,824.6,1,22
231,6,20,0,243.35,1,7
232,6,21,0,593.65,1,16
233,6,22,0,446.4,1,13
234,6,23,0,761.05,1,20
235,6,24,0,877.3,1,23
236,7,3,0,246.45,1,8
237,7,4,0,75.95,1,3
238,8,0,0,427.8,1,12
239,8,2,0,412.3,1,12
240,8,4,0,142.6,1,5
241,8,6,0,637.05,1,17
242,8,9,0,767.25,1,21
243,8,10,0,714.55,1,19
244,8,11,0,545.6,1,15
245,8,12,0,460.35,1,13
246,8,14,0,328.6,1,10
247,8,15,0,883.5,1,23
248,8,17,0,427.8,1,12
249,8,18,0,542.5,1,15
250,8,19,0,240.25,1,7
251,8,20,0,444.85,1,13
252,8,22,0,203.05,1,7
253,8,23,0,536.3,1,15
254,8,24,0,801.35,1,21
255,9,0,0,379.75,1,11
256,9,2,0,229.4,1,7
257,9,3,0,685.1,1,18
258,9,4,0,624.65,1,17
259,9,5,0,198.4,1,6
260,9,6,0,141.05,1,5
261,9,8,0,767.25,1,21
262,9,10,0,1069.5,1,28
263,9,11,0,297.6,1,8
264,9,12,0,753.3,1,20
265,9,13,0,469.65,1,12
266,9,14,0,652.55,1,18
267,9,15,0,1112.9,1,29
268,9,16,0,706.8,1,19
269,9,17,0,646.35,1,18
270,9,18,0,711.45,1,18
271,9,19,0,954.8,1,25
272,9,20,0,279,1,8
273,9,21,0,723.85,1,19
274,9,22,0,576.6,1,16
275,9,23,0,891.25,1,24
276,9,24,0,1019.9,1,27
277,10,0,0,931.55,1,25
278,10,2,0,872.65,1,23
279,10,3,0,995.1,1,26
280,10,4,0,838.55,1,22
281,10,6,0,939.3,1,25
282,10,8,0,714.55,1,19
283,10,9,0,1069.5,1,28
284,10,11,0,1133.05,1,30
285,10,12,0,1086.55,1,28
286,10,13,0,483.6,1,12
287,10,14,0,970.3,1,26
288,10,15,0,224.75,1,7
289,10,16,0,872.65,1,23
290,10,17,0,334.8,1,9
291,10,18,0,306.9,1,9
292,10,19,0,909.85,1,24
293,10,20,0,714.55,1,19
294,10,21,0,623.1,1,16
295,10,22,0,623.1,1,17
296,10,24,0,286.75,1,8
297,11,0,0,158.1,1,5
298,11,2,0,182.9,1,6
299,11,3,0,477.4,1,13
300,11,4,0,406.1,1,12
301,11,5,0,320.85,1,9
302,11,6,0,165.85,1,5
303,11,8,0,545.6,1,15
304,11,9,0,297.6,1,9
305,11,10,0,1133.05,1,30
306,11,12,0,523.9,1,14
307,11,14,0,770.35,1,21
308,11,15,0,1112.9,1,29
309,11,16,0,488.25,1,14
310,11,17,0,798.25,1,21
311,11,18,0,832.35,1,21
312,11,19,0,748.65,1,20
313,11,20,0,406.1,1,11
314,11,21,0,649.45,1,18
315,11,22,0,499.1,1,14
316,11,23,0,852.5,1,23
317,11,24,0,1021.45,1,27
318,12,0,0,401.45,1,11
319,12,2,0,582.8,1,16
320,12,4,0,331.7,1,10
321,12,6,0,623.1,1,17
322,12,8,0,460.35,1,13
323,12,9,0,753.3,1,20
324,12,10,0,1086.55,1,28
325,12,11,0,523.9,1,14
326,12,13,0,776.55,1,20
327,12,14,0,550.25,1,15
328,12,15,0,1233.8,1,32
329,12,16,0,296.05,1,9
330,12,17,0,776.55,1,21
331,12,18,0,1038.5,1,27
332,12,19,0,523.9,1,14
333,12,20,0,637.05,1,17
334,12,21,0,554.9,1,15
335,12,22,0,556.45,1,15
336,12,23,0,919.15,1,24
337,12,24,0,1137.7,1,30
338,13,2,0,390.6,1,11
339,13,4,0,427.8,1,12
340,13,8,0,415.4,1,11
341,13,9,0,469.65,1,12
342,13,14,0,655.65,1,17
343,13,16,0,530.1,1,14
344,14,0,0,632.4,1,17
345,14,2,0,790.5,1,21
346,14,4,0,410.75,1,12
347,14,6,0,840.1,1,22
348,14,8,0,328.6,1,10
349,14,9,0,652.55,1,18
350,14,10,0,970.3,1,26
351,14,11,0,770.35,1,21
352,14,12,0,550.25,1,15
353,14,13,0,655.65,1,17
354,14,15,0,1106.7,1,28
355,14,16,0,272.8,1,8
356,14,17,0,671.15,1,18
357,14,18,0,798.25,1,20
358,14,20,0,852.5,1,23
359,14,22,0,527,1,15
360,14,23,0,818.4,1,20
361,14,24,0,995.1,1,26
362,15,0,0,1063.3,1,28
363,15,2,0,940.85,1,25
364,15,3,0,1224.5,1,32
365,15,4,0,970.3,1,26
366,15,6,0,982.7,1,26
367,15,8,0,883.5,1,23
368,15,9,0,1112.9,1,29
369,15,10,0,224.75,1,7
370,15,11,0,1112.9,1,29
371,15,12,0,1233.8,1,32
372,15,14,0,1106.7,1,28
373,15,16,0,1027.65,1,27
374,15,17,0,454.15,1,12
375,15,19,0,1023,1,27
376,15,20,0,757.95,1,19
377,15,22,0,733.15,1,19
378,15,24,0,110.05,1,4
379,16,0,0,367.35,1,11
380,16,2,0,475.85,1,13
381,16,4,0,147.25,1,5
382,16,6,0,576.6,1,16
383,16,7,0,155,1,5
384,16,9,0,706.8,1,19
385,16,10,0,872.65,1,23
386,16,11,0,488.25,1,14
387,16,12,0,296.05,1,8
388,16,14,0,272.8,1,8
389,16,15,0,1027.65,1,27
390,16,17,0,570.4,1,16
391,16,18,0,686.65,1,19
392,16,19,0,251.1,1,7
393,16,20,0,525.45,1,15
394,16,22,0,302.25,1,9
395,16,23,0,692.85,1,19
396,16,24,0,951.7,1,25
397,17,0,0,596.75,1,16
398,17,2,0,568.85,1,16
399,17,3,0,764.15,1,20
400,17,4,0,503.75,1,14
401,17,5,0,530.1,1,14
402,17,6,0,615.35,1,17
403,17,8,0,427.8,1,12
404,17,9,0,649.45,1,18
405,17,10,0,334.8,1,10
406,17,11,0,798.25,1,21
407,17,12,0,776.55,1,21
408,17,14,0,671.15,1,17
409,17,15,0,454.15,1,12
410,17,16,0,570.4,1,16
411,17,19,0,581.25,1,16
412,17,20,0,373.55,1,10
413,17,22,0,294.5,1,8
414,17,23,0,153.45,1,5
415,17,24,0,362.7,1,10
416,18,0,0,719.2,1,19
417,18,2,0,638.6,1,17
418,18,3,0,833.9,1,22
419,18,4,0,624.65,1,17
420,18,5,0,660.3,1,16
421,18,6,0,685.1,1,18
422,18,8,0,542.5,1,15
423,18,9,0,711.45,1,18
424,18,11,0,832.35,1,21
425,18,12,0,1038.5,1,27
426,18,14,0,798.25,1,21
427,18,16,0,686.65,1,19
428,18,20,0,438.65,1,12
429,19,0,0,615.35,1,17
430,19,2,0,643.25,1,17
431,19,4,0,390.6,1,11
432,19,6,0,824.6,1,22
433,19,9,0,954.8,1,25
434,19,10,0,909.85,1,24
435,19,11,0,748.65,1,20
436,19,12,0,523.9,1,14
437,19,13,0,565.75,1,14
438,19,15,0,1023,1,27
439,19,16,0,251.1,1,7
440,19,17,0,581.25,1,16
441,19,18,0,709.9,1,18
442,19,20,0,764.15,1,20
443,19,22,0,437.1,1,12
444,19,23,0,728.5,1,18
445,19,24,0,942.4,1,25
446,20,0,0,361.15,1,10
447,20,2,0,207.7,1,7
448,20,3,0,620,1,17
449,20,4,0,413.85,1,12
450,20,5,0,178.25,1,6
451,20,6,0,243.35,1,7
452,20,8,0,444.85,1,13
453,20,9,0,279,1,8
454,20,10,0,714.55,1,19
455,20,11,0,406.1,1,11
456,20,12,0,637.05,1,17
457,20,14,0,878.85,1,23
458,20,15,0,757.95,1,19
459,20,16,0,525.45,1,15
460,20,17,0,373.55,1,11
461,20,18,0,438.65,1,12
462,20,19,0,764.15,1,20
463,20,21,0,466.55,1,13
464,20,22,0,272.8,1,8
465,20,24,0,641.7,1,17
466,21,0,0,444.85,1,13
467,21,2,0,424.7,1,12
468,21,4,0,263.5,1,8
469,21,6,0,593.65,1,16
470,21,9,0,723.85,1,19
471,21,10,0,623.1,1,16
472,21,11,0,646.35,1,18
473,21,12,0,554.9,1,15
474,21,16,0,305.35,1,9
475,21,20,0,466.55,1,13
476,21,22,0,142.6,1,5
477,21,24,0,651,1,18
478,22,0,0,297.6,1,9
479,22,2,0,308.45,1,10
480,22,4,0,204.6,1,7
481,22,6,0,446.4,1,13
482,22,8,0,203.05,1,6
483,22,9,0,576.6,1,16
484,22,10,0,623.1,1,17
485,22,11,0,499.1,1,14
486,22,12,0,556.45,1,15
487,22,14,0,527,1,15
488,22,15,0,733.15,1,19
489,22,16,0,302.25,1,9
490,22,17,0,294.5,1,8
491,22,18,0,404.55,1,10
492,22,19,0,437.1,1,12
493,22,20,0,272.8,1,9
494,22,21,0,142.6,1,5
495,22,23,0,432.45,1,11
496,22,24,0,643.25,1,17
497,23,0,0,739.35,1,20
498,23,2,0,716.1,1,19
499,23,3,0,888.15,1,23
500,23,4,0,646.35,1,18
501,23,6,0,761.05,1,20
502,23,8,0,536.3,1,15
503,23,9,0,891.25,1,24
504,23,11,0,852.5,1,23
505,23,12,0,919.15,1,24
506,23,14,0,818.4,1,20
507,23,16,0,692.85,1,19
508,23,19,0,728.5,1,18
509,23,20,0,522.35,1,14
510,23,22,0,432.45,1,11
511,24,0,0,957.9,1,25
512,24,2,0,847.85,1,23
513,24,3,0,1108.25,1,29
514,24,4,0,861.8,1,23
515,24,6,0,877.3,1,23
516,24,8,0,801.35,1,21
517,24,9,0,1019.9,1,27
518,24,10,0,286.75,1,8
519,24,11,0,1021.45,1,27
520,24,12,0,1137.7,1,30
521,24,14,0,995.1,1,26
522,24,15,0,110.05,1,4
523,24,16,0,951.7,1,25
524,24,17,0,362.7,1,10
525,24,19,0,942.4,1,25
526,24,20,0,641.7,1,17
527,24,21,0,651,1,16
528,24,22,0,643.25,1,17
PATHS,600
Index,Shipment origin,Shipment destination,1st terminal on path,2nd terminal on path,.....,6th terminal on path
0,0,1,0,1
1,0,2,0,1,2
2,0,3,0,1,3
3,0,4,0,1,4
4,0,5,0,1,5
5,0,6,0,1,6
6,0,7,0,1,7
7,0,8,0,1,8
8,0,9,0,1,9
9,0,10,0,1,10
10,0,11,0,1,11
11,0,12,0,1,12
12,0,13,0,1,13
13,0,14,0,1,14
14,0,15,0,1,15
15,0,16,0,1,16
16,0,17,0,1,17
17,0,18,0,1,18
18,0,19,0,1,19
19,0,20,0,1,20
20,0,21,0,1,21
21,0,22,0,1,22
22,0,23,0,1,23
23,0,24,0,1,24
24,1,0,1,0
25,1,2,1,2
26,1,3,1,3
27,1,4,1,4
28,1,5,1,5
29,1,6,1,6
30,1,7,1,7
31,1,8,1,8
32,1,9,1,9
33,1,10,1,10
34,1,11,1,11
35,1,12,1,12
36,1,13,1,13
37,1,14,1,14
38,1,15,1,15
39,1,16,1,16
40,1,17,1,17
41,1,18,1,18
42,1,19,1,19
43,1,20,1,20
44,1,21,1,21
45,1,22,1,22
46,1,23,1,23
47,1,24,1,24
48,2,0,2,1,0
49,2,1,2,1
50,2,3,2,1,3
51,2,4,2,1,4
52,2,5,2,1,5
53,2,6,2,1,6
54,2,8,2,1,8
55,2,7,2,1,7
56,2,9,2,1,9
57,2,10,2,1,10
58,2,11,2,1,11
59,2,12,2,1,12
60,2,13,2,1,13
61,2,14,2,1,14
62,2,15,2,1,15
63,2,16,2,1,16
64,2,17,2,1,17
65,2,18,2,1,18
66,2,19,2,1,19
67,2,20,2,1,20
68,2,21,2,1,21
69,2,22,2,1,22
70,2,23,2,1,23
71,2,24,2,1,24
72,3,0,3,1,0
73,3,1,3,1
74,3,2,3,1,2
75,3,4,3,4
76,3,5,3,1,5
77,3,6,3,1,6
78,3,7,3,1,7
79,3,8,3,8
80,3,9,3,1,9
81,3,10,3,13,10
82,3,11,3,1,11
83,3,12,3,12
84,3,13,3,13
85,3,14,3,14
86,3,15,3,13,15
87,3,16,3,16
88,3,17,3,13,17
89,3,18,3,13,18
90,3,19,3,19
91,3,20,3,1,20
92,3,21,3,21
93,3,22,3,22
94,3,23,3,21,23
95,3,24,3,13,24
96,4,0,4,1,0
97,4,1,4,1
98,4,2,4,1,2
99,4,3,4,3
100,4,5,4,1,5
101,4,6,4,1,6
102,4,7,4,1,7
103,4,8,4,1,8
104,4,9,4,1,9
105,4,10,4,1,10
106,4,11,4,1,11
107,4,12,4,3,12
108,4,13,4,1,13
109,4,14,4,3,14
110,4,15,4,1,15
111,4,16,4,3,16
112,4,17,4,1,17
113,4,18,4,1,18
114,4,19,4,3,19
115,4,20,4,1,20
116,4,21,4,1,21
117,4,22,4,1,22
118,4,23,4,1,23
119,4,24,4,1,24
120,5,0,5,1,0
121,5,1,5,1
122,5,2,5,1,2
123,5,3,5,1,3
124,5,4,5,1,4
125,5,6,5,1,6
126,5,7,5,1,7
127,5,8,5,1,8
128,5,9,5,1,9
129,5,10,5,13,10
130,5,11,5,1,11
131,5,12,5,1,12
132,5,13,5,13
133,5,14,5,1,14
134,5,15,5,13,15
135,5,16,5,1,16
136,5,17,5,13,17
137,5,18,5,13,18
138,5,19,5,13,21,19
139,5,20,5,13,20
140,5,21,5,13,21
141,5,22,5,1,22
142,5,23,5,13,23
143,5,24,5,13,24
144,6,0,6,1,0
145,6,1,6,1
146,6,2,6,1,2
147,6,3,6,1,3
148,6,4,6,1,4
149,6,5,6,1,5
150,6,7,6,1,7
151,6,8,6,1,8
152,6,9,6,1,9
153,6,10,6,1,10
154,6,11,6,1,11
155,6,12,6,1,12
156,6,13,6,1,13
157,6,14,6,1,14
158,6,15,6,1,15
159,6,16,6,1,16
160,6,17,6,1,17
161,6,18,6,1,18
162,6,19,6,1,19
163,6,20,6,1,20
164,6,21,6,1,21
165,6,22,6,1,22
166,6,23,6,1,23
167,6,24,6,1,24
168,7,0,7,1,0
169,7,1,7,1
170,7,2,7,1,2
171,7,3,7,3
172,7,4,7,4
173,7,5,7,1,5
174,7,6,7,3,6
175,7,8,7,3,8
176,7,9,7,1,9
177,7,10,7,1,9
178,7,11,7,3,11
179,7,12,7,4,12
180,7,13,7,4,13
181,7,14,7,4,14
182,7,15,7,4,15
183,7,16,7,4,16
184,7,17,7,1,17
185,7,18,7,1,18
186,7,19,7,1,19
187,7,20,7,1,20
188,7,21,7,1,21
189,7,22,7,1,22
190,7,23,7,1,23
191,7,24,7,1,24
192,8,0,8,1,0
193,8,1,8,1
194,8,2,8,1,2
195,8,3,8,3
196,8,4,8,1,4
197,8,5,8,1,5
198,8,6,8,1,6
199,8,7,8,1,7
200,8,9,8,1,9
201,8,10,8,21,23,10
202,8,11,8,1,11
203,8,12,8,3,12
204,8,13,8,21,13
205,8,14,8,21,14
206,8,15,8,21,13,15
207,8,16,8,3,16
208,8,17,8,21,17
209,8,18,8,21,18
210,8,19,8,21,19
211,8,20,8,1,20
212,8,21,8,21
213,8,22,8,1,22
214,8,23,8,21,23
215,8,24,8,21,13,24
216,9,0,9,1,0
217,9,1,9,1
218,9,2,9,1,2
219,9,3,9,1,3
220,9,4,9,1,4
221,9,5,9,1,5
222,9,6,9,1,6
223,9,7,9,1,7
224,9,8,9,1,8
225,9,10,9,1,10
226,9,11,9,1,11
227,9,12,9,1,12
228,9,13,9,1,13
229,9,14,9,1,14
230,9,15,9,1,15
231,9,16,9,1,16
232,9,17,9,1,17
233,9,18,9,1,18
234,9,19,9,1,19
235,9,20,9,1,20
236,9,21,9,1,21
237,9,22,9,1,22
238,9,23,9,1,23
239,9,24,9,1,24
240,10,0,10,1,0
241,10,1,10,1
242,10,2,10,1,2
243,10,3,10,1,3
244,10,4,10,1,4
245,10,5,10,23,13,5
246,10,6,10,23,13,6
247,10,7,10,1,7
248,10,8,10,23,21,8
249,10,9,10,1,9
250,10,11,10,1,11
251,10,12,10,1,12
252,10,13,10,23,13
253,10,14,10,23,21,14
254,10,15,10,23,15
255,10,16,10,1,16
256,10,17,10,23,17
257,10,18,10,23,18
258,10,19,10,23,21,19
259,10,20,10,23,13,20
260,10,21,10,23,21
261,10,22,10,23,22
262,10,23,10,23
263,10,24,10,23,24
264,11,0,11,1,0
265,11,1,11,1
266,11,2,11,1,2
267,11,3,11,1,3
268,11,4,11,1,4
269,11,5,11,1,5
270,11,6,11,1,6
271,11,7,11,1,7
272,11,8,11,1,8
273,11,9,11,1,9
274,11,10,11,13,10
275,11,12,11,1,12
276,11,13,11,13
277,11,14,11,1,14
278,11,15,11,13,15
279,11,16,11,1,16
280,11,17,11,13,17
281,11,18,11,13,18
282,11,19,11,1,19
283,11,20,11,1,20
284,11,21,11,1,21
285,11,22,11,1,22
286,11,23,11,13,23
287,11,24,11,13,24
288,12,0,12,1,0
289,12,1,12,1
290,12,2,12,1,2
291,12,3,12,3
292,12,4,12,3,4
293,12,5,12,1,5
294,12,6,12,1,6
295,12,7,12,1,7
296,12,8,12,3,8
297,12,9,12,1,9
298,12,10,12,1,10
299,12,11,12,1,11
300,12,13,12,3,13
301,12,14,12,3,14
302,12,15,12,1,15
303,12,16,12,3,16
304,12,17,12,1,17
305,12,18,12,1,18
306,12,19,12,3,19
307,12,20,12,1,20
308,12,21,12,3,21
309,12,22,12,3,22
310,12,23,12,1,23
311,12,24,12,1,24
312,13,0,13,1,0
313,13,1,13,1
314,13,2,13,1,2
315,13,3,13,3
316,13,4,13,4
317,13,5,13,5
318,13,6,13,6
319,13,7,13,1,7
320,13,8,13,21,8
321,13,9,13,1,9
322,13,10,13,10
323,13,11,13,11
324,13,12,13,3,12
325,13,14,13,21,14
326,13,15,13,15
327,13,16,13,1,16
328,13,17,13,17
329,13,18,13,18
330,13,19,13,21,19
331,13,20,13,20
332,13,21,13,21
333,13,22,13,22
334,13,23,13,23
335,13,24,13,24
336,14,0,14,1,0
337,14,1,14,1
338,14,2,14,1,2
339,14,3,14,3
340,14,4,14,3,4
341,14,5,14,1,5
342,14,6,14,1,6
343,14,7,14,1,7
344,14,8,14,3,8
345,14,9,14,1,9
346,14,10,14,21,23,10
347,14,11,14,1,11
348,14,12,14,3,12
349,14,13,14,21,13
350,14,15,14,21,13,15
351,14,16,14,3,16
352,14,17,14,21,17
353,14,18,14,21,18
354,14,19,14,1,19
355,14,20,14,1,20
356,14,21,14,21
357,14,22,14,1,22
358,14,23,14,21,23
359,14,24,14,21,13,24
360,15,0,15,1,0
361,15,1,15,1
362,15,2,15,1,2
363,15,3,15,13,3
364,15,4,15,1,4
365,15,5,15,13,5
366,15,6,15,13,6
367,15,7,15,1,7
368,15,8,15,21,8
369,15,9,15,1,9
370,15,10,15,10
371,15,11,15,1,11
372,15,12,15,1,12
373,15,13,15,13
374,15,14,15,21,14
375,15,16,15,1,16
376,15,17,15,17
377,15,18,15,18
378,15,19,15,21,19
379,15,20,15,13,20
380,15,21,15,21
381,15,22,15,13,22
382,15,23,15,23
383,15,24,15,24
384,16,0,16,1,0
385,16,1,16,1
386,16,2,16,1,2
387,16,3,16,3
388,16,4,16,3,4
389,16,5,16,1,5
390,16,6,16,1,6
391,16,7,16,1,7
392,16,8,16,3,8
393,16,9,16,1,9
394,16,10,16,13,10
395,16,11,16,1,11
396,16,12,16,3,12
397,16,13,16,13
398,16,14,16,3,14
399,16,15,16,13,15
400,16,17,16,13,17
401,16,18,16,13,18
402,16,19,16,3,19
403,16,20,16,1,20
404,16,21,16,21
405,16,22,16,3,22
406,16,23,16,13,23
407,16,24,16,13,24
408,17,0,17,1,0
409,17,1,17,1
410,17,2,17,1,2
411,17,3,17,13,3
412,17,4,17,1,4
413,17,5,17,13,5
414,17,6,17,13,6
415,17,7,17,1,7
416,17,8,17,21,8
417,17,9,17,1,9
418,17,10,17,13,10
419,17,11,17,1,11
420,17,12,17,1,12
421,17,13,17,13
422,17,14,17,21,14
423,17,15,17,13,15
424,17,16,17,1,16
425,17,18,17,18
426,17,19,17,21,19
427,17,20,17,13,20
428,17,21,17,21
429,17,22,17,13,22
430,17,23,17,13,23
431,17,24,17,13,24
432,18,0,18,1,0
433,18,1,18,1
434,18,2,18,1,2
435,18,3,18,13,3
436,18,4,18,1,4
437,18,5,18,13,5
438,18,6,18,13,6
439,18,7,18,1,7
440,18,8,18,21,8
441,18,9,18,13,1,9
442,18,10,18,10
443,18,11,18,1,11
444,18,12,18,1,12
445,18,13,18,13
446,18,14,18,21,14
447,18,15,18,15
448,18,16,18,1,16
449,18,17,18,17
450,18,19,18,21,19
451,18,20,18,13,20
452,18,21,18,21
453,18,22,18,13,22
454,18,23,18,23
455,18,24,18,24
456,19,0,19,1,0
457,19,1,19,1
458,19,2,19,1,2
459,19,3,19,3
460,19,4,19,3,4
461,19,5,19,1,5
462,19,6,19,1,6
463,19,7,19,1,7
464,19,8,19,21,8
465,19,9,19,1,9
466,19,10,19,1,10
467,19,11,19,1,11
468,19,12,19,3,12
469,19,13,19,21,13
470,19,14,19,1,14
471,19,15,19,21,13,15
472,19,16,19,3,16
473,19,17,19,21,17
474,19,18,19,21,18
475,19,20,19,1,20
476,19,21,19,21
477,19,22,19,1,22
478,19,23,19,21,23
479,19,24,19,21,13,24
480,20,0,20,1,0
481,20,1,20,1
482,20,2,20,1,2
483,20,3,20,1,3
484,20,4,20,1,4
485,20,5,20,1,5
486,20,6,20,1,6
487,20,7,20,1,7
488,20,8,20,1,8
489,20,9,20,1,9
490,20,10,20,13,10
491,20,11,20,1,11
492,20,12,20,1,12
493,20,13,20,13
494,20,14,20,1,14
495,20,15,20,13,15
496,20,16,20,1,16
497,20,17,20,13,17
498,20,18,20,13,18
499,20,19,20,1,19
500,20,21,20,1,21
501,20,22,20,13,22
502,20,23,20,13,23
503,20,24,20,13,24
504,21,0,21,1,0
505,21,1,21,1
506,21,2,21,1,2
507,21,3,21,3
508,21,4,21,1,4
509,21,5,21,13,5
510,21,6,21,13,6
511,21,7,21,1,7
512,21,8,21,8
513,21,9,21,1,9
514,21,10,21,23,10
515,21,11,21,1,11
516,21,12,21,3,12
517,21,13,21,13
518,21,14,21,14
519,21,15,21,13,15
520,21,16,21,3,16
521,21,17,21,17
522,21,18,21,18
523,21,19,21,19
524,21,20,21,1,20
525,21,22,21,1,22
526,21,23,21,23
527,21,24,21,13,24
528,22,0,22,1,0
529,22,1,22,1
530,22,2,22,1,2
531,22,3,22,3
532,22,4,22,1,4
533,22,5,22,13,5
534,22,6,22,1,6
535,22,7,22,1,7
536,22,8,22,1,8
537,22,9,22,1,9
538,22,10,22,13,10
539,22,11,22,1,11
540,22,12,22,3,12
541,22,13,22,13
542,22,14,22,1,14
543,22,15,22,13,15
544,22,16,22,1,16
545,22,17,22,13,17
546,22,18,22,13,18
547,22,19,22,1,19
548,22,20,22,13,20
549,22,21,22,1,21
550,22,23,22,13,23
551,22,24,22,13,24
552,23,0,23,1,0
553,23,1,23,1
554,23,2,23,1,2
555,23,3,23,1,3
556,23,4,23,1,4
557,23,5,23,13,5
558,23,6,23,13,6
559,23,7,23,1,7
560,23,8,23,21,8
561,23,9,23,1,9
562,23,10,23,10
563,23,11,23,1,11
564,23,12,23,1,12
565,23,13,23,13
566,23,14,23,21,14
567,23,15,23,15
568,23,16,23,1,16
569,23,17,23,17
570,23,18,23,18
571,23,19,23,21,19
572,23,20,23,13,20
573,23,21,23,21
574,23,22,23,22
575,23,24,23,24
576,24,0,24,1,0
577,24,1,24,1
578,24,2,24,1,2
579,24,3,24,13,3
580,24,4,24,1,4
581,24,5,24,13,5
582,24,6,24,13,6
583,24,7,24,1,7
584,24,8,24,18,21,8
585,24,9,24,13,1,9
586,24,10,24,23,10
587,24,11,24,13,11
588,24,12,24,1,12
589,24,13,24,13
590,24,14,24,18,21,14
591,24,15,24,15
592,24,16,24,1,16
593,24,17,24,13,17
594,24,18,24,18
595,24,19,24,18,21,19
596,24,20,24,13,20
597,24,21,24,18,21
598,24,22,24,13,22
599,24,23,24,23
COMMODITIES,650
Index,Origin,Destination,Demand/Size,Earliest available time,Latest delivery time
0,14,20,0.0909718,234,272
1,3,6,0.234631,230,259
2,5,18,0.57797,138,167
3,17,0,0.00952983,86,117
4,11,0,0.869054,42,67
5,20,19,0.446864,40,75
6,14,3,0.757455,186,209
7,15,3,0.426129,230,280
8,2,18,0.0384595,184,221
9,21,5,0.00454545,40,70
10,13,12,0.140712,182,221
11,2,23,0.0960911,184,221
12,11,17,0.31929,86,120
13,8,2,0.0365116,230,258
14,22,1,0.832179,230,250
15,21,11,0.0510796,86,117
16,14,6,0.136772,136,173
17,3,10,0.103148,90,134
18,23,18,0.0420538,134,150
19,11,24,0.0151981,138,177
20,22,1,0.0739434,186,206
21,12,9,0.245462,186,220
22,13,10,0.0114544,88,112
23,8,14,0.0156527,38,65
24,18,0,0.23257,88,122
25,18,21,0.353798,40,63
26,3,8,0.846557,136,157
27,8,5,0.0393045,42,78
28,10,14,0.109144,90,131
29,0,6,0.115669,234,260
30,17,23,0.658404,42,69
31,18,15,0.568517,88,110
32,19,3,0.0285618,234,257
33,16,15,0.558455,232,275
34,13,20,0.58178,40,58
35,0,3,0.316353,38,63
36,20,0,0.0676937,234,261
37,19,20,0.31769,40,75
38,21,23,0.36066,134,157
39,19,24,0.434419,184,223
40,15,0,0.397772,86,127
41,3,24,0.892047,234,277
42,20,23,0.0925539,38,65
43,15,14,0.389283,38,80
44,1,13,0.247812,90,116
45,5,13,0.498159,90,112
46,22,14,0.232144,86,122
47,19,18,0.207713,136,169
48,5,24,0.0703107,90,123
49,4,0,0.151857,38,61
50,20,18,0.309887,138,163
51,12,22,0.231583,134,164
52,0,18,0.888995,232,267
53,13,3,0.151473,230,264
54,0,22,0.235245,232,257
55,10,19,0.42201,234,273
56,13,10,0.922779,42,66
57,4,11,0.269952,90,116
58,20,23,0.0922789,232,259
59,14,15,0.125135,42,86
60,14,2,0.0926749,234,269
61,19,11,0.749026,184,217
62,1,20,0.18608,42,64
63,10,20,0.10607,186,219
64,0,2,0.0933487,136,160
65,16,2,0.327415,138,165
66,13,10,0.48888,184,208
67,15,6,0.195463,186,226
68,17,8,0.178588,38,63
69,3,13,0.456438,134,166
70,13,5,0.315743,186,208
71,3,16,0.534118,86,103
72,10,3,0.0509674,88,131
73,4,21,0.0117435,88,117
74,1,13,0.740155,134,160
75,6,1,0.779761,86,107
76,19,23,0.664292,234,265
77,10,15,0.636962,230,259
78,3,14,0.814368,136,159
79,24,2,0.337253,42,85
80,3,9,0.76805,90,122
81,13,16,0.0787088,136,169
82,3,10,0.102044,42,86
83,16,19,0.567234,138,166
84,4,6,0.0618,38,65
85,5,22,0.337354,234,269
86,3,20,0.126469,232,262
87,12,10,0.800094,184,232
88,18,0,0.248526,38,72
89,22,11,0.397343,86,114
90,24,2,0.34425,38,81
91,21,24,0.263633,88,119
92,12,3,0.700737,134,151
93,2,18,0.0331318,234,271
94,6,3,0.233278,230,259
95,13,1,0.349239,40,65
96,22,20,0.471365,136,161
97,13,14,0.124602,134,164
98,17,21,0.32191,184,204
99,3,22,0.675576,184,209
100,1,14,0.697716,232,260
101,23,1,0.310405,42,71
102,2,21,0.00498105,42,72
103,3,6,0.980703,182,211
104,11,22,0.758503,40,68
105,14,24,0.0369108,86,127
106,5,8,0.044636,186,222
107,11,0,0.850927,86,111
108,14,2,0.0912575,38,73
109,23,0,0.63741,86,120
110,4,17,0.00571703,134,168
111,21,12,0.0142775,230,260
112,8,16,0.0121941,234,260
113,2,18,0.0362051,186,223
114,5,12,0.0151782,184,221
115,10,1,0.362234,230,265
116,11,18,0.960829,40,75
117,22,15,0.126286,186,219
118,10,3,0.0566706,182,225
119,4,16,0.442052,136,161
120,10,8,0.289856,86,122
121,18,2,0.407107,42,78
122,5,1,0.220257,38,65
123,1,3,0.857964,138,158
124,17,2,0.0416185,234,267
125,1,21,0.757416,38,61
126,23,9,0.544033,86,127
127,4,16,0.442419,40,65
128,16,6,0.117187,38,67
129,0,1,0.397841,232,249
130,9,3,0.650878,182,214
131,23,8,0.00462921,38,68
132,11,14,0.455349,40,76
133,11,8,0.376609,40,69
134,19,11,0.736645,182,215
135,15,4,0.187893,234,276
136,3,21,0.500537,38,64
137,24,10,0.0545088,186,213
138,19,13,0.522524,182,210
139,4,23,0.124785,38,74
140,10,9,0.334949,138,185
141,21,17,0.42863,40,60
142,15,16,0.417652,38,82
143,12,1,0.708089,40,62
144,8,16,0.0103977,38,64
145,23,8,0.0601378,184,214
146,5,18,0.51574,184,213
147,13,14,0.121847,184,214
148,22,19,0.120041,90,123
149,3,5,0.918779,88,123
150,19,10,0.25341,186,237
151,4,6,0.0725156,182,209
152,16,20,0.231639,234,264
153,14,22,0.673797,40,76
154,3,19,0.429896,230,253
155,23,14,0.603125,134,169
156,19,11,0.71798,38,71
157,0,20,0.686701,38,65
158,3,2,0.913212,186,213
159,20,1,0.0339478,234,256
160,22,23,0.619336,134,162
161,5,4,0.181828,136,169
162,15,8,0.145922,182,219
163,5,4,0.191879,232,265
164,15,20,0.119215,40,74
165,5,17,0.420601,90,118
166,24,15,0.13895,230,246
167,2,3,0.342686,86,113
168,21,12,0.013986,184,214
169,22,1,0.823609,42,62
170,14,17,0.0911575,186,216
171,0,24,0.490919,88,129
172,15,23,0.190299,134,157
173,23,24,0.406591,138,159
174,8,14,0.0190971,134,161
175,12,20,0.779523,234,266
176,13,17,0.63792,88,106
177,24,10,0.151534,184,211
178,23,9,0.658244,230,271
179,0,13,0.367184,234,265
180,20,13,0.514799,232,250
181,23,24,0.993159,186,207
182,21,17,0.401335,90,110
183,0,13,0.34631,186,217
184,22,2,0.61092,184,211
185,20,16,0.0156142,134,164
186,24,2,0.368078,40,83
187,19,4,0.0665083,230,261
188,8,24,0.0245676,136,172
189,3,17,0.139508,88,126
190,0,6,0.109602,182,208
191,14,3,0.871251,182,205
192,17,11,0.119893,40,74
193,8,14,0.0159362,42,69
194,10,2,0.0206396,42,84
195,10,20,0.0901884,90,123
196,19,5,0.442786,40,80
197,24,1,0.901117,138,174
198,8,24,0.0288118,186,222
199,0,11,0.0742457,136,161
200,21,12,0.0130369,138,168
201,13,23,0.801025,38,59
202,15,21,0.265959,234,266
203,14,16,0.00366285,38,66
204,14,22,0.750354,234,270
205,20,22,0.225493,184,209
206,15,10,0.460066,38,57
207,12,21,0.3421,182,213
208,23,12,0.377665,134,173
209,24,6,0.433706,90,125
210,10,22,0.0711416,234,263
211,8,13,0.283165,40,65
212,11,12,0.299574,234,264
213,3,17,0.130161,230,268
214,21,20,0.00730053,88,121
215,4,14,0.430301,182,213
216,10,12,0.0727174,134,179
217,24,8,0.0577041,138,173
218,13,18,0.111628,234,253
219,15,8,0.118202,184,221
220,17,2,0.0376793,232,265
221,4,10,0.049527,232,276
222,15,24,0.901045,86,102
223,18,4,0.738452,138,173
224,5,3,0.674558,184,219
225,22,16,0.116967,86,114
226,17,2,0.0405684,86,119
227,3,2,0.91875,184,211
228,15,6,0.216728,184,224
229,17,19,0.670613,86,114
230,24,5,0.0378138,134,167
231,10,13,0.945706,230,257
232,24,11,0.627174,86,126
233,1,9,0.798423,88,112
234,23,12,0.380873,86,125
235,17,18,0.434324,134,151
236,14,15,0.119403,230,274
237,12,23,0.0634645,86,126
238,19,23,0.907871,86,117
239,14,17,0.0782412,90,120
240,0,20,0.732248,90,117
241,23,16,0.191251,230,267
242,19,5,0.474691,138,178
243,10,24,0.877164,186,213
244,2,4,0.913208,230,255
245,23,0,0.611331,88,122
246,18,4,0.731732,136,171
247,24,8,0.0623317,40,75
248,10,6,0.0886251,86,125
249,17,2,0.0372982,230,263
250,18,8,0.363293,234,262
251,23,21,0.897444,42,67
252,17,23,0.323255,90,117
253,23,11,0.348097,182,219
254,22,8,0.235309,40,69
255,13,5,0.302983,88,110
256,20,10,0.411436,136,166
257,15,4,0.213735,134,176
258,13,3,0.453473,136,170
259,4,21,0.011457,42,71
260,10,12,0.0720977,86,131
261,10,6,0.0886073,234,273
262,1,3,0.352342,134,154
263,3,13,0.24656,186,218
264,18,3,0.866146,38,79
265,18,14,0.156635,134,167
266,4,12,0.177301,42,67
267,21,24,0.287074,38,69
268,0,15,0.444388,134,175
269,24,1,0.109357,186,222
270,4,14,0.444151,136,167
271,20,10,0.432323,90,120
272,0,1,0.149101,38,55
273,4,12,0.167187,38,63
274,23,11,0.0373638,230,267
275,11,24,0.173084,182,221
276,14,15,0.749557,186,230
277,3,11,0.432028,138,166
278,13,17,0.220851,86,104
279,1,9,0.117258,136,160
280,22,12,0.446419,42,71
281,14,5,0.351245,138,181
282,22,15,0.110233,86,119
283,15,4,0.218157,42,84
284,22,10,0.0694968,88,119
285,17,14,0.0070735,42,72
286,22,15,0.130885,90,123
287,5,15,0.442819,182,218
288,3,6,0.112952,90,119
289,13,0,0.604431,230,260
290,15,17,0.744036,136,160
291,3,16,0.261595,186,203
292,20,13,0.732466,136,154
293,1,19,0.235839,38,63
294,19,23,0.72132,186,217
295,3,13,0.45356,184,216
296,8,16,0.010955,136,162
297,4,21,0.0132288,40,69
298,20,3,0.394227,186,216
299,2,3,0.326664,138,165
300,22,4,0.0311453,90,116
301,22,11,0.394998,234,262
302,24,22,0.630955,134,164
303,14,1,0.739237,232,260
304,19,3,0.328275,232,255
305,22,11,0.41131,232,260
306,19,13,0.554816,184,212
307,20,10,0.419234,232,262
308,21,20,0.00798833,182,215
309,0,13,0.381644,232,263
310,3,2,0.887487,88,115
311,11,4,0.194522,138,164
312,22,15,0.131001,136,169
313,10,4,0.0160561,186,227
314,4,3,0.0697442,90,110
315,24,15,0.380206,40,56
316,0,3,0.335974,42,67
317,19,15,0.546633,230,272
318,4,3,0.455124,232,252
319,19,5,0.493355,134,174
320,4,16,0.489966,138,163
321,17,5,0.217738,86,114
322,15,13,0.529116,230,258
323,17,14,0.00742909,90,120
324,18,8,0.703571,138,166
325,3,12,0.900011,42,59
326,18,10,0.190735,40,62
327,8,1,0.0676806,232,253
328,13,15,0.749881,184,210
329,0,10,0.514771,138,181
330,16,19,0.600929,40,68
331,23,12,0.351717,90,129
332,18,11,0.0883442,232,269
333,17,16,0.0639763,184,218
334,13,3,0.6926,86,120
335,22,14,0.22979,136,172
336,20,4,0.00803887,136,164
337,15,17,0.0711631,88,112
338,4,16,0.497001,186,211
339,10,6,0.0933381,90,129
340,23,9,0.539209,232,273
341,14,3,0.435963,40,63
342,22,14,0.252526,40,76
343,18,19,0.0809677,88,119
344,20,0,0.0628501,182,209
345,18,1,0.305732,136,165
346,19,11,0.631528,234,267
347,22,17,0.339541,230,255
348,22,0,0.18529,182,207
349,15,21,0.28468,38,70
350,0,15,0.486823,234,275
351,12,21,0.33209,138,169
352,4,0,0.141381,182,205
353,23,16,0.213552,42,79
354,21,11,0.0526081,134,165
355,15,4,0.214124,182,224
356,15,4,0.209298,138,180
357,16,20,0.199647,90,120
358,23,16,0.212172,182,219
359,3,17,0.135619,134,172
360,20,22,0.240197,138,163
361,11,18,0.319483,90,125
362,10,24,0.874344,134,161
363,0,10,0.509445,182,225
364,23,15,0.321473,186,209
365,1,9,0.527901,38,62
366,22,3,0.15174,182,206
367,15,23,0.380704,38,61
368,11,24,0.21846,38,77
369,6,17,0.0567294,86,123
370,17,8,0.187381,182,207
371,20,13,0.23107,184,202
372,14,9,0.516106,230,270
373,24,16,0.0216915,182,226
374,19,9,0.212183,86,123
375,24,11,0.683485,186,226
376,18,13,0.634936,134,153
377,0,3,0.347678,138,163
378,11,18,0.873025,38,73
379,16,15,0.622933,88,131
380,14,9,0.507661,186,226
381,15,3,0.395995,138,188
382,1,13,0.544103,88,114
383,12,1,0.98138,186,208
384,24,20,0.104513,182,211
385,8,5,0.0362403,40,76
386,23,1,0.635523,230,259
387,10,2,0.0198171,182,224
388,2,3,0.367121,40,67
389,24,11,0.742724,136,176
390,0,24,0.483952,40,81
391,12,21,0.333146,234,265
392,24,0,0.0485014,186,227
393,4,3,0.944369,234,254
394,8,4,0.00922713,86,113
395,22,3,0.0584115,232,256
396,5,3,0.665302,88,123
397,23,12,0.333176,136,175
398,21,5,0.00454545,186,216
399,14,17,0.0814815,42,72
400,8,5,0.0431786,38,74
401,16,0,0.773825,184,209
402,0,11,0.967075,232,257
403,3,18,0.535728,184,223
404,24,10,0.0396101,38,65
405,0,10,0.461392,186,229
406,8,14,0.0179918,182,209
407,20,10,0.449248,138,168
408,1,17,0.338782,182,210
409,24,22,0.543514,42,72
410,15,21,0.159616,90,122
411,24,2,0.378607,234,277
412,23,0,0.623596,40,74
413,15,18,0.239557,88,110
414,12,9,0.214884,184,218
415,15,0,0.401865,234,275
416,17,2,0.0406291,40,73
417,17,13,0.0659117,90,108
418,19,2,0.0226984,90,122
419,19,2,0.0223246,88,120
420,4,17,0.00623168,42,76
421,15,1,0.410249,88,124
422,17,8,0.198236,232,257
423,5,3,0.599482,182,217
424,0,13,0.325968,40,71
425,10,4,0.0166302,182,223
426,24,2,0.341068,138,181
427,21,0,0.0841974,186,214
428,19,15,0.527791,86,128
429,6,4,0.0166982,138,165
430,3,6,0.125974,232,261
431,3,18,0.496013,90,129
432,13,15,0.735548,88,114
433,5,4,0.180957,184,217
434,10,13,0.843224,90,117
435,10,6,0.0860914,182,221
436,4,17,0.00604156,88,122
437,0,9,0.137839,138,167
438,20,15,0.456382,138,170
439,22,2,0.693258,234,261
440,3,0,0.410566,184,209
441,18,14,0.141922,40,73
442,16,9,0.235365,42,74
443,0,18,0.769032,42,77
444,1,4,0.106896,86,104
445,3,18,0.503819,42,81
446,1,17,0.277996,136,164
447,0,17,0.220911,42,75
448,19,16,0.110686,86,114
449,3,23,0.329028,86,123
450,10,13,0.734144,138,165
451,15,4,0.223874,232,274
452,14,0,0.76068,86,119
453,14,18,0.524158,184,219
454,12,2,0.151739,230,259
455,5,8,0.0441889,38,74
456,17,5,0.235394,136,164
457,24,8,0.0540673,86,121
458,17,20,0.291635,38,62
459,19,4,0.0640406,90,121
460,6,4,0.0168106,136,163
461,16,18,0.15952,232,268
462,10,16,0.114902,232,275
463,23,15,0.102627,182,205
464,14,12,0.170529,88,116
465,16,10,0.0289431,232,273
466,24,14,0.174217,38,78
467,10,1,0.377611,182,217
468,19,2,0.0204333,182,214
469,15,17,0.802099,40,64
470,8,16,0.0116241,86,112
471,17,2,0.0390324,182,215
472,19,10,0.238864,232,283
473,16,18,0.169972,136,172
474,0,19,0.245351,86,116
475,19,16,0.102913,136,164
476,3,13,0.454288,88,120
477,17,24,0.635338,186,215
478,3,20,0.111481,184,214
479,4,23,0.145272,184,220
480,9,1,0.671804,182,206
481,12,23,0.0689533,42,82
482,20,10,0.417315,40,70
483,21,1,0.284242,184,207
484,24,5,0.0375066,136,169
485,22,15,0.109378,38,71
486,5,4,0.209595,182,215
487,14,12,0.175224,232,260
488,3,16,0.251918,234,251
489,22,2,0.689157,90,117
490,5,22,0.321151,38,73
491,20,17,0.411085,38,62
492,17,18,0.433247,186,203
493,16,19,0.57715,38,66
494,0,3,0.32178,40,65
495,16,11,0.731714,230,258
496,4,0,0.155375,184,207
497,3,19,0.102311,234,257
498,10,21,0.0444386,232,263
499,19,2,0.0200047,40,72
500,13,5,0.297383,40,62
501,4,12,0.182303,234,259
502,8,5,0.0380426,136,172
503,22,14,0.224292,90,126
504,5,22,0.346027,138,173
505,16,1,0.963801,234,254
506,16,11,0.735498,134,162
507,19,11,0.736147,42,75
508,11,8,0.421199,186,215
509,3,18,0.465858,38,77
510,3,0,0.423463,40,65
511,17,16,0.0756222,86,120
512,11,14,0.455904,86,122
513,19,20,0.349113,186,221
514,11,1,0.598172,40,60
515,21,18,0.225169,138,163
516,18,8,0.632371,40,68
517,4,12,0.172529,182,207
518,11,18,0.142721,230,265
519,22,20,0.535979,40,65
520,18,6,0.740492,136,167
521,1,3,0.693088,232,252
522,1,20,0.996379,184,206
523,13,2,0.285657,90,122
524,19,16,0.11356,134,162
525,24,21,0.109168,186,216
526,13,14,0.20805,182,212
527,3,20,0.14073,40,70
528,18,19,0.552703,232,263
529,8,1,0.0868859,88,109
530,5,17,0.432861,232,260
531,22,16,0.132587,232,260
532,2,12,0.0552935,42,71
533,3,10,0.0916475,88,132
534,12,23,0.0658922,230,270
535,10,12,0.0658387,234,279
536,3,5,0.84548,234,269
537,3,16,0.856572,232,249
538,3,20,0.95409,138,168
539,13,5,0.320204,230,252
540,6,4,0.016754,134,161
541,3,15,0.178943,86,132
542,14,18,0.512713,136,171
543,12,21,0.358762,86,117
544,9,3,0.445192,230,262
545,1,10,0.0467282,182,220
546,1,0,0.651925,40,57
547,15,4,0.2153,40,82
548,3,18,0.496895,86,125
549,4,1,0.183249,38,56
550,4,6,0.0682147,86,113
551,8,3,0.728671,88,109
552,8,13,0.307121,232,257
553,13,10,0.459001,136,160
554,17,13,0.197252,182,200
555,8,14,0.0159656,232,259
556,18,1,0.865968,186,215
557,16,15,0.548304,186,229
558,16,9,0.26877,230,262
559,14,1,0.249567,38,66
560,10,6,0.0884078,232,271
561,18,19,0.668847,42,73
562,16,21,0.651416,138,159
563,10,6,0.0837561,186,225
564,11,0,0.962592,232,257
565,15,22,0.660923,186,221
566,19,5,0.482871,186,226
567,20,2,0.240061,232,261
568,18,11,0.936042,134,171
569,20,0,0.0691674,186,213
570,14,11,0.69438,38,74
571,19,5,0.462658,182,222
572,23,15,0.868122,88,111
573,1,13,0.779094,40,66
574,3,10,0.0914837,232,276
575,13,24,0.741149,136,159
576,8,24,0.024946,134,170
577,18,23,0.850314,138,154
578,24,3,0.0156039,182,227
579,21,9,0.215289,38,73
580,6,14,0.0163156,184,221
581,4,13,0.349512,88,120
582,18,14,0.280296,86,119
583,3,19,0.611236,40,63
584,8,23,0.252892,136,164
585,14,1,0.259869,234,262
586,1,9,0.0907682,90,114
587,15,16,0.39994,42,86
588,20,15,0.411932,42,74
589,1,0,0.0375963,88,105
590,15,19,0.664533,90,130
591,1,9,0.594901,230,254
592,0,24,0.517795,138,179
593,9,12,0.00454545,40,74
594,22,23,0.600375,136,164
595,0,19,0.27645,186,216
596,2,18,0.0371177,42,79
597,3,5,0.847746,184,219
598,15,12,0.791498,90,136
599,8,16,0.0113391,184,210
600,24,0,0.0511246,230,271
601,24,3,0.0144411,42,87
602,12,21,0.363104,40,71
603,1,22,0.93441,186,206
604,21,23,0.369541,230,253
605,0,24,0.518746,234,275
606,15,8,0.0564273,136,173
607,16,14,0.980504,182,210
608,13,11,0.984257,136,165
609,19,18,0.126863,40,73
610,16,2,0.329613,136,163
611,4,10,0.0572827,136,180
612,13,6,0.923309,86,110
613,24,11,0.742934,42,82
614,2,18,0.0363625,138,175
615,14,22,0.761123,38,74
616,19,15,0.541661,184,226
617,21,9,0.207837,134,169
618,13,8,0.772562,38,63
619,9,12,0.00454545,234,268
620,24,6,0.426077,86,121
621,4,16,0.432422,232,257
622,19,8,0.442871,134,159
623,13,21,0.157017,86,106
624,16,18,0.177121,184,220
625,22,16,0.117543,184,212
626,24,5,0.0407968,38,71
627,19,11,0.645445,88,121
628,21,20,0.00759314,234,267
629,22,11,0.445614,138,166
630,24,3,0.0153108,184,229
631,12,19,0.043679,38,66
632,21,13,0.838449,88,108
633,13,16,0.0811122,134,167
634,12,22,0.215232,42,72
635,19,13,0.499686,134,162
636,1,14,0.848232,38,66
637,16,9,0.225014,134,166
638,4,6,0.0748042,230,257
639,20,23,0.0953597,182,209
640,13,20,0.498359,88,106
641,0,19,0.259032,230,260
642,24,10,0.158346,42,69
643,16,13,0.948404,38,67
644,21,12,0.014903,40,70
645,20,17,0.413404,186,210
646,1,19,0.448579,86,111
647,16,21,0.712925,230,251
648,18,1,0.151936,38,67
649,12,6,0.136093,86,117
