NODES,25
INDEX,Name,X-coordinate,Y-coordinate
0,0,-,-
1,1,-,-
2,2,-,-
3,3,-,-
4,4,-,-
5,5,-,-
6,6,-,-
7,7,-,-
8,8,-,-
9,9,-,-
10,10,-,-
11,11,-,-
12,12,-,-
13,13,-,-
14,14,-,-
15,15,-,-
16,16,-,-
17,17,-,-
18,18,-,-
19,19,-,-
20,20,-,-
21,21,-,-
22,22,-,-
23,23,-,-
24,24,-,-
ARCS,529
Index,Origin,Destination,Variable Cost,Fixed Cost,Capacity,Travel time
0,0,1,0,117.8,1,5
1,1,0,0,117.8,1,5
2,1,2,0,234.05,1,7
3,1,3,0,260.4,1,8
4,1,4,0,175.15,1,6
5,1,5,0,486.7,1,15
6,1,6,0,323.95,1,9
7,1,8,0,323.95,1,9
8,1,9,0,447.95,1,12
9,1,10,0,883.5,1,26
10,1,11,0,255.75,1,8
11,1,12,0,387.5,1,10
12,1,13,0,489.8,1,14
13,1,14,0,525.45,1,16
14,1,15,0,1002.85,1,24
15,1,16,0,252.65,1,8
16,1,17,0,545.6,1,16
17,1,18,0,680.45,1,18
18,1,19,0,503.75,1,13
19,1,20,0,358.05,1,10
20,1,21,0,409.2,1,11
21,1,22,0,266.6,1,8
22,1,23,0,699.05,1,18
23,1,24,0,903.65,1,24
24,2,1,0,234.05,1,7
25,3,1,0,260.4,1,8
26,3,4,0,230.95,1,8
27,3,8,0,311.55,1,9
28,3,12,0,144.15,1,5
29,3,13,0,661.85,1,20
30,3,14,0,418.5,1,11
31,3,16,0,151.9,1,5
32,3,19,0,396.8,1,11
33,3,21,0,469.65,1,14
34,3,22,0,429.35,1,13
35,4,1,0,175.15,1,6
36,4,3,0,230.95,1,8
37,5,1,0,486.7,1,15
38,5,13,0,367.35,1,10
39,6,1,0,323.95,1,9
40,6,13,0,430.9,1,11
41,7,1,0,103.85,1,4
42,8,1,0,323.95,1,9
43,8,3,0,311.55,1,9
44,8,13,0,415.4,1,11
45,8,16,0,161.2,1,6
46,8,21,0,158.1,1,5
47,9,1,0,447.95,1,12
48,10,1,0,891.25,1,23
49,10,23,0,192.2,1,6
50,11,1,0,255.75,1,8
51,11,13,0,592.1,1,16
52,12,1,0,387.5,1,10
53,12,3,0,144.15,1,5
54,13,1,0,489.8,1,13
55,13,3,0,669.6,1,22
56,13,5,0,367.35,1,10
57,13,6,0,430.9,1,12
58,13,10,0,483.6,1,12
59,13,11,0,596.75,1,17
60,13,15,0,553.35,1,14
61,13,17,0,176.7,1,6
62,13,18,0,248,1,7
63,13,19,0,573.5,1,16
64,13,20,0,198.4,1,6
65,13,21,0,275.9,1,8
66,13,22,0,232.5,1,7
67,13,23,0,323.95,1,9
68,13,24,0,449.5,1,11
69,14,1,0,525.45,1,16
70,14,3,0,418.5,1,11
71,14,19,0,111.6,1,4
72,14,21,0,384.4,1,10
73,15,1,0,1002.85,1,24
74,15,13,0,553.35,1,16
75,15,18,0,350.3,1,10
76,15,21,0,747.1,1,20
77,15,23,0,412.3,1,11
78,16,1,0,252.65,1,8
79,16,3,0,151.9,1,5
80,16,8,0,161.2,1,6
81,16,13,0,581.25,1,17
82,16,21,0,305.35,1,9
83,17,1,0,544.05,1,14
84,17,13,0,176.7,1,6
85,17,18,0,127.1,1,5
86,17,21,0,292.95,1,8
87,18,1,0,666.5,1,17
88,18,10,0,308.45,1,10
89,18,13,0,248,1,7
90,18,15,0,350.3,1,10
91,18,17,0,127.1,1,5
92,18,19,0,719.2,1,19
93,18,21,0,421.6,1,11
94,18,22,0,421.6,1,13
95,18,23,0,116.25,1,4
96,18,24,0,237.15,1,7
97,19,1,0,503.75,1,13
98,19,3,0,396.8,1,11
99,19,8,0,240.25,1,7
100,19,14,0,111.6,1,4
101,19,21,0,297.6,1,8
102,20,1,0,358.05,1,10
103,20,13,0,198.4,1,6
104,20,23,0,522.35,1,15
105,21,1,0,409.2,1,11
106,21,3,0,458.8,1,13
107,21,8,0,158.1,1,5
108,21,13,0,275.9,1,8
109,21,14,0,384.4,1,10
110,21,15,0,829.25,1,22
111,21,17,0,292.95,1,8
112,21,18,0,420.05,1,13
113,21,19,0,297.6,1,8
114,21,23,0,440.2,1,11
115,22,1,0,266.6,1,8
116,22,3,0,429.35,1,12
117,22,13,0,232.5,1,7
118,23,1,0,699.05,1,17
119,23,10,0,192.2,1,6
120,23,13,0,323.95,1,9
121,23,15,0,412.3,1,11
122,23,17,0,153.45,1,5
123,23,18,0,116.25,1,4
124,23,21,0,446.4,1,13
125,23,24,0,305.35,1,9
126,24,1,0,903.65,1,24
127,24,13,0,449.5,1,11
128,24,18,0,237.15,1,7
129,24,23,0,305.35,1,9
130,0,2,0,161.2,1,6
131,0,3,0,353.4,1,10
132,0,4,0,285.2,1,9
133,0,5,0,474.3,1,13
134,0,6,0,246.45,1,8
135,0,8,0,427.8,1,12
136,0,9,0,379.75,1,11
137,0,10,0,931.55,1,25
138,0,11,0,158.1,1,5
139,0,12,0,401.45,1,11
140,0,14,0,632.4,1,17
141,0,15,0,1063.3,1,28
142,0,16,0,367.35,1,11
143,0,17,0,596.75,1,16
144,0,18,0,717.65,1,19
145,0,19,0,615.35,1,17
146,0,20,0,361.15,1,10
147,0,21,0,444.85,1,13
148,0,22,0,297.6,1,9
149,0,23,0,739.35,1,20
150,0,24,0,957.9,1,25
151,1,7,0,103.85,1,4
152,2,0,0,161.2,1,6
153,2,3,0,480.5,1,13
154,2,4,0,409.2,1,12
155,2,5,0,257.3,1,8
156,2,6,0,110.05,1,4
157,2,8,0,412.3,1,12
158,2,9,0,229.4,1,7
159,2,10,0,872.65,1,23
160,2,11,0,182.9,1,6
161,2,12,0,582.8,1,16
162,2,13,0,390.6,1,11
163,2,14,0,790.5,1,21
164,2,15,0,940.85,1,25
165,2,16,0,475.85,1,13
166,2,17,0,568.85,1,16
167,2,18,0,638.6,1,17
168,2,19,0,643.25,1,17
169,2,20,0,207.7,1,7
170,2,21,0,424.7,1,12
171,2,22,0,308.45,1,9
172,2,23,0,716.1,1,19
173,2,24,0,847.85,1,23
174,3,0,0,353.4,1,10
175,3,2,0,480.5,1,13
176,3,6,0,554.9,1,15
177,3,9,0,685.1,1,18
178,3,10,0,995.1,1,26
179,3,11,0,477.4,1,13
180,3,15,0,1224.5,1,32
181,3,17,0,764.15,1,20
182,3,18,0,833.9,1,22
183,3,20,0,620,1,17
184,3,23,0,888.15,1,23
185,3,24,0,1108.25,1,29
186,4,0,0,285.2,1,9
187,4,2,0,409.2,1,12
188,4,6,0,494.45,1,14
189,4,7,0,75.95,1,3
190,4,8,0,142.6,1,5
191,4,9,0,624.65,1,17
192,4,10,0,838.55,1,22
193,4,11,0,406.1,1,12
194,4,12,0,331.7,1,9
195,4,13,0,427.8,1,12
196,4,14,0,410.75,1,12
197,4,15,0,970.3,1,26
198,4,16,0,147.25,1,5
199,4,17,0,503.75,1,14
200,4,18,0,624.65,1,17
201,4,19,0,390.6,1,11
202,4,20,0,413.85,1,12
203,4,21,0,263.5,1,8
204,4,22,0,204.6,1,7
205,4,23,0,646.35,1,18
206,4,24,0,861.8,1,23
207,5,0,0,474.3,1,13
208,5,2,0,257.3,1,8
209,5,6,0,161.2,1,5
210,5,9,0,198.4,1,6
211,5,11,0,320.85,1,9
212,5,18,0,660.3,1,16
213,5,20,0,178.25,1,6
214,5,23,0,720.75,1,19
215,6,0,0,246.45,1,8
216,6,2,0,110.05,1,4
217,6,3,0,554.9,1,15
218,6,4,0,494.45,1,14
219,6,5,0,161.2,1,5
220,6,8,0,637.05,1,17
221,6,9,0,141.05,1,5
222,6,10,0,939.3,1,25
223,6,11,0,165.85,1,5
224,6,12,0,623.1,1,17
225,6,14,0,840.1,1,22
226,6,15,0,982.7,1,26
227,6,16,0,576.6,1,16
228,6,17,0,615.35,1,17
229,6,18,0,685.1,1,18
230,6,19,0,824.6,1,22
231,6,20,0,243.35,1,7
232,6,21,0,593.65,1,16
233,6,22,0,446.4,1,13
234,6,23,0,761.05,1,20
235,6,24,0,877.3,1,23
236,7,3,0,246.45,1,8
237,7,4,0,75.95,1,3
238,8,0,0,427.8,1,12
239,8,2,0,412.3,1,12
240,8,4,0,142.6,1,5
241,8,6,0,637.05,1,17
242,8,9,0,767.25,1,21
243,8,10,0,714.55,1,19
244,8,11,0,545.6,1,15
245,8,12,0,460.35,1,13
246,8,14,0,328.6,1,10
247,8,15,0,883.5,1,23
248,8,17,0,427.8,1,12
249,8,18,0,542.5,1,15
250,8,19,0,240.25,1,7
251,8,20,0,444.85,1,13
252,8,22,0,203.05,1,7
253,8,23,0,536.3,1,15
254,8,24,0,801.35,1,21
255,9,0,0,379.75,1,11
256,9,2,0,229.4,1,7
257,9,3,0,685.1,1,18
258,9,4,0,624.65,1,17
259,9,5,0,198.4,1,6
260,9,6,0,141.05,1,5
261,9,8,0,767.25,1,21
262,9,10,0,1069.5,1,28
263,9,11,0,297.6,1,8
264,9,12,0,753.3,1,20
265,9,13,0,469.65,1,12
266,9,14,0,652.55,1,18
267,9,15,0,1112.9,1,29
268,9,16,0,706.8,1,19
269,9,17,0,646.35,1,18
270,9,18,0,711.45,1,18
271,9,19,0,954.8,1,25
272,9,20,0,279,1,8
273,9,21,0,723.85,1,19
274,9,22,0,576.6,1,16
275,9,23,0,891.25,1,24
276,9,24,0,1019.9,1,27
277,10,0,0,931.55,1,25
278,10,2,0,872.65,1,23
279,10,3,0,995.1,1,26
280,10,4,0,838.55,1,22
281,10,6,0,939.3,1,25
282,10,8,0,714.55,1,19
283,10,9,0,1069.5,1,28
284,10,11,0,1133.05,1,30
285,10,12,0,1086.55,1,28
286,10,13,0,483.6,1,12
287,10,14,0,970.3,1,26
288,10,15,0,224.75,1,7
289,10,16,0,872.65,1,23
290,10,17,0,334.8,1,9
291,10,18,0,306.9,1,9
292,10,19,0,909.85,1,24
293,10,20,0,714.55,1,19
294,10,21,0,623.1,1,16
295,10,22,0,623.1,1,17
296,10,24,0,286.75,1,8
297,11,0,0,158.1,1,5
298,11,2,0,182.9,1,6
299,11,3,0,477.4,1,13
300,11,4,0,406.1,1,12
301,11,5,0,320.85,1,9
302,11,6,0,165.85,1,5
303,11,8,0,545.6,1,15
304,11,9,0,297.6,1,9
305,11,10,0,1133.05,1,30
306,11,12,0,523.9,1,14
307,11,14,0,770.35,1,21
308,11,15,0,1112.9,1,29
309,11,16,0,488.25,1,14
310,11,17,0,798.25,1,21
311,11,18,0,832.35,1,21
312,11,19,0,748.65,1,20
313,11,20,0,406.1,1,11
314,11,21,0,649.45,1,18
315,11,22,0,499.1,1,14
316,11,23,0,852.5,1,23
317,11,24,0,1021.45,1,27
318,12,0,0,401.45,1,11
319,12,2,0,582.8,1,16
320,12,4,0,331.7,1,10
321,12,6,0,623.1,1,17
322,12,8,0,460.35,1,13
323,12,9,0,753.3,1,20
324,12,10,0,1086.55,1,28
325,12,11,0,523.9,1,14
326,12,13,0,776.55,1,20
327,12,14,0,550.25,1,15
328,12,15,0,1233.8,1,32
329,12,16,0,296.05,1,9
330,12,17,0,776.55,1,21
331,12,18,0,1038.5,1,27
332,12,19,0,523.9,1,14
333,12,20,0,637.05,1,17
334,12,21,0,554.9,1,15
335,12,22,0,556.45,1,15
336,12,23,0,919.15,1,24
337,12,24,0,1137.7,1,30
338,13,2,0,390.6,1,11
339,13,4,0,427.8,1,12
340,13,8,0,415.4,1,11
341,13,9,0,469.65,1,12
342,13,14,0,655.65,1,17
343,13,16,0,530.1,1,14
344,14,0,0,632.4,1,17
345,14,2,0,790.5,1,21
346,14,4,0,410.75,1,12
347,14,6,0,840.1,1,22
348,14,8,0,328.6,1,10
349,14,9,0,652.55,1,18
350,14,10,0,970.3,1,26
351,14,11,0,770.35,1,21
352,14,12,0,550.25,1,15
353,14,13,0,655.65,1,17
354,14,15,0,1106.7,1,28
355,14,16,0,272.8,1,8
356,14,17,0,671.15,1,18
357,14,18,0,798.25,1,20
358,14,20,0,852.5,1,23
359,14,22,0,527,1,15
360,14,23,0,818.4,1,20
361,14,24,0,995.1,1,26
362,15,0,0,1063.3,1,28
363,15,2,0,940.85,1,25
364,15,3,0,1224.5,1,32
365,15,4,0,970.3,1,26
366,15,6,0,982.7,1,26
367,15,8,0,883.5,1,23
368,15,9,0,1112.9,1,29
369,15,10,0,224.75,1,7
370,15,11,0,1112.9,1,29
371,15,12,0,1233.8,1,32
372,15,14,0,1106.7,1,28
373,15,16,0,1027.65,1,27
374,15,17,0,454.15,1,12
375,15,19,0,1023,1,27
376,15,20,0,757.95,1,19
377,15,22,0,733.15,1,19
378,15,24,0,110.05,1,4
379,16,0,0,367.35,1,11
380,16,2,0,475.85,1,13
381,16,4,0,147.25,1,5
382,16,6,0,576.6,1,16
383,16,7,0,155,1,5
384,16,9,0,706.8,1,19
385,16,10,0,872.65,1,23
386,16,11,0,488.25,1,14
387,16,12,0,296.05,1,8
388,16,14,0,272.8,1,8
389,16,15,0,1027.65,1,27
390,16,17,0,570.4,1,16
391,16,18,0,686.65,1,19
392,16,19,0,251.1,1,7
393,16,20,0,525.45,1,15
394,16,22,0,302.25,1,9
395,16,23,0,692.85,1,19
396,16,24,0,951.7,1,25
397,17,0,0,596.75,1,16
398,17,2,0,568.85,1,16
399,17,3,0,764.15,1,20
400,17,4,0,503.75,1,14
401,17,5,0,530.1,1,14
402,17,6,0,615.35,1,17
403,17,8,0,427.8,1,12
404,17,9,0,649.45,1,18
405,17,10,0,334.8,1,10
406,17,11,0,798.25,1,21
407,17,12,0,776.55,1,21
408,17,14,0,671.15,1,17
409,17,15,0,454.15,1,12
410,17,16,0,570.4,1,16
411,17,19,0,581.25,1,16
412,17,20,0,373.55,1,10
413,17,22,0,294.5,1,8
414,17,23,0,153.45,1,5
415,17,24,0,362.7,1,10
416,18,0,0,719.2,1,19
417,18,2,0,638.6,1,17
418,18,3,0,833.9,1,22
419,18,4,0,624.65,1,17
420,18,5,0,660.3,1,16
421,18,6,0,685.1,1,18
422,18,8,0,542.5,1,15
423,18,9,0,711.45,1,18
424,18,11,0,832.35,1,21
425,18,12,0,1038.5,1,27
426,18,14,0,798.25,1,21
427,18,16,0,686.65,1,19
428,18,20,0,438.65,1,12
429,19,0,0,615.35,1,17
430,19,2,0,643.25,1,17
431,19,4,0,390.6,1,11
432,19,6,0,824.6,1,22
433,19,9,0,954.8,1,25
434,19,10,0,909.85,1,24
435,19,11,0,748.65,1,20
436,19,12,0,523.9,1,14
437,19,13,0,565.75,1,14
438,19,15,0,1023,1,27
439,19,16,0,251.1,1,7
440,19,17,0,581.25,1,16
441,19,18,0,709.9,1,18
442,19,20,0,764.15,1,20
443,19,22,0,437.1,1,12
444,19,23,0,728.5,1,18
445,19,24,0,942.4,1,25
446,20,0,0,361.15,1,10
447,20,2,0,207.7,1,7
448,20,3,0,620,1,17
449,20,4,0,413.85,1,12
450,20,5,0,178.25,1,6
451,20,6,0,243.35,1,7
452,20,8,0,444.85,1,13
453,20,9,0,279,1,8
454,20,10,0,714.55,1,19
455,20,11,0,406.1,1,11
456,20,12,0,637.05,1,17
457,20,14,0,878.85,1,23
458,20,15,0,757.95,1,19
459,20,16,0,525.45,1,15
460,20,17,0,373.55,1,11
461,20,18,0,438.65,1,12
462,20,19,0,764.15,1,20
463,20,21,0,466.55,1,13
464,20,22,0,272.8,1,8
465,20,24,0,641.7,1,17
466,21,0,0,444.85,1,13
467,21,2,0,424.7,1,12
468,21,4,0,263.5,1,8
469,21,6,0,593.65,1,16
470,21,9,0,723.85,1,19
471,21,10,0,623.1,1,16
472,21,11,0,646.35,1,18
473,21,12,0,554.9,1,15
474,21,16,0,305.35,1,9
475,21,20,0,466.55,1,13
476,21,22,0,142.6,1,5
477,21,24,0,651,1,18
478,22,0,0,297.6,1,9
479,22,2,0,308.45,1,10
480,22,4,0,204.6,1,7
481,22,6,0,446.4,1,13
482,22,8,0,203.05,1,6
483,22,9,0,576.6,1,16
484,22,10,0,623.1,1,17
485,22,11,0,499.1,1,14
486,22,12,0,556.45,1,15
487,22,14,0,527,1,15
488,22,15,0,733.15,1,19
489,22,16,0,302.25,1,9
490,22,17,0,294.5,1,8
491,22,18,0,404.55,1,10
492,22,19,0,437.1,1,12
493,22,20,0,272.8,1,9
494,22,21,0,142.6,1,5
495,22,23,0,432.45,1,11
496,22,24,0,643.25,1,17
497,23,0,0,739.35,1,20
498,23,2,0,716.1,1,19
499,23,3,0,888.15,1,23
500,23,4,0,646.35,1,18
501,23,6,0,761.05,1,20
502,23,8,0,536.3,1,15
503,23,9,0,891.25,1,24
504,23,11,0,852.5,1,23
505,23,12,0,919.15,1,24
506,23,14,0,818.4,1,20
507,23,16,0,692.85,1,19
508,23,19,0,728.5,1,18
509,23,20,0,522.35,1,14
510,23,22,0,432.45,1,11
511,24,0,0,957.9,1,25
512,24,2,0,847.85,1,23
513,24,3,0,1108.25,1,29
514,24,4,0,861.8,1,23
515,24,6,0,877.3,1,23
516,24,8,0,801.35,1,21
517,24,9,0,1019.9,1,27
518,24,10,0,286.75,1,8
519,24,11,0,1021.45,1,27
520,24,12,0,1137.7,1,30
521,24,14,0,995.1,1,26
522,24,15,0,110.05,1,4
523,24,16,0,951.7,1,25
524,24,17,0,362.7,1,10
525,24,19,0,942.4,1,25
526,24,20,0,641.7,1,17
527,24,21,0,651,1,16
528,24,22,0,643.25,1,17
PATHS,600
Index,Shipment origin,Shipment destination,1st terminal on path,2nd terminal on path,.....,6th terminal on path
0,0,1,0,1
1,0,2,0,1,2
2,0,3,0,1,3
3,0,4,0,1,4
4,0,5,0,1,5
5,0,6,0,1,6
6,0,7,0,1,7
7,0,8,0,1,8
8,0,9,0,1,9
9,0,10,0,1,10
10,0,11,0,1,11
11,0,12,0,1,12
12,0,13,0,1,13
13,0,14,0,1,14
14,0,15,0,1,15
15,0,16,0,1,16
16,0,17,0,1,17
17,0,18,0,1,18
18,0,19,0,1,19
19,0,20,0,1,20
20,0,21,0,1,21
21,0,22,0,1,22
22,0,23,0,1,23
23,0,24,0,1,24
24,1,0,1,0
25,1,2,1,2
26,1,3,1,3
27,1,4,1,4
28,1,5,1,5
29,1,6,1,6
30,1,7,1,7
31,1,8,1,8
32,1,9,1,9
33,1,10,1,10
34,1,11,1,11
35,1,12,1,12
36,1,13,1,13
37,1,14,1,14
38,1,15,1,15
39,1,16,1,16
40,1,17,1,17
41,1,18,1,18
42,1,19,1,19
43,1,20,1,20
44,1,21,1,21
45,1,22,1,22
46,1,23,1,23
47,1,24,1,24
48,2,0,2,1,0
49,2,1,2,1
50,2,3,2,1,3
51,2,4,2,1,4
52,2,5,2,1,5
53,2,6,2,1,6
54,2,8,2,1,8
55,2,7,2,1,7
56,2,9,2,1,9
57,2,10,2,1,10
58,2,11,2,1,11
59,2,12,2,1,12
60,2,13,2,1,13
61,2,14,2,1,14
62,2,15,2,1,15
63,2,16,2,1,16
64,2,17,2,1,17
65,2,18,2,1,18
66,2,19,2,1,19
67,2,20,2,1,20
68,2,21,2,1,21
69,2,22,2,1,22
70,2,23,2,1,23
71,2,24,2,1,24
72,3,0,3,1,0
73,3,1,3,1
74,3,2,3,1,2
75,3,4,3,4
76,3,5,3,1,5
77,3,6,3,1,6
78,3,7,3,1,7
79,3,8,3,8
80,3,9,3,1,9
81,3,10,3,13,10
82,3,11,3,1,11
83,3,12,3,12
84,3,13,3,13
85,3,14,3,14
86,3,15,3,13,15
87,3,16,3,16
88,3,17,3,13,17
89,3,18,3,13,18
90,3,19,3,19
91,3,20,3,1,20
92,3,21,3,21
93,3,22,3,22
94,3,23,3,21,23
95,3,24,3,13,24
96,4,0,4,1,0
97,4,1,4,1
98,4,2,4,1,2
99,4,3,4,3
100,4,5,4,1,5
101,4,6,4,1,6
102,4,7,4,1,7
103,4,8,4,1,8
104,4,9,4,1,9
105,4,10,4,1,10
106,4,11,4,1,11
107,4,12,4,3,12
108,4,13,4,1,13
109,4,14,4,3,14
110,4,15,4,1,15
111,4,16,4,3,16
112,4,17,4,1,17
113,4,18,4,1,18
114,4,19,4,3,19
115,4,20,4,1,20
116,4,21,4,1,21
117,4,22,4,1,22
118,4,23,4,1,23
119,4,24,4,1,24
120,5,0,5,1,0
121,5,1,5,1
122,5,2,5,1,2
123,5,3,5,1,3
124,5,4,5,1,4
125,5,6,5,1,6
126,5,7,5,1,7
127,5,8,5,1,8
128,5,9,5,1,9
129,5,10,5,13,10
130,5,11,5,1,11
131,5,12,5,1,12
132,5,13,5,13
133,5,14,5,1,14
134,5,15,5,13,15
135,5,16,5,1,16
136,5,17,5,13,17
137,5,18,5,13,18
138,5,19,5,13,21,19
139,5,20,5,13,20
140,5,21,5,13,21
141,5,22,5,1,22
142,5,23,5,13,23
143,5,24,5,13,24
144,6,0,6,1,0
145,6,1,6,1
146,6,2,6,1,2
147,6,3,6,1,3
148,6,4,6,1,4
149,6,5,6,1,5
150,6,7,6,1,7
151,6,8,6,1,8
152,6,9,6,1,9
153,6,10,6,1,10
154,6,11,6,1,11
155,6,12,6,1,12
156,6,13,6,1,13
157,6,14,6,1,14
158,6,15,6,1,15
159,6,16,6,1,16
160,6,17,6,1,17
161,6,18,6,1,18
162,6,19,6,1,19
163,6,20,6,1,20
164,6,21,6,1,21
165,6,22,6,1,22
166,6,23,6,1,23
167,6,24,6,1,24
168,7,0,7,1,0
169,7,1,7,1
170,7,2,7,1,2
171,7,3,7,3
172,7,4,7,4
173,7,5,7,1,5
174,7,6,7,3,6
175,7,8,7,3,8
176,7,9,7,1,9
177,7,10,7,1,9
178,7,11,7,3,11
179,7,12,7,4,12
180,7,13,7,4,13
181,7,14,7,4,14
182,7,15,7,4,15
183,7,16,7,4,16
184,7,17,7,1,17
185,7,18,7,1,18
186,7,19,7,1,19
187,7,20,7,1,20
188,7,21,7,1,21
189,7,22,7,1,22
190,7,23,7,1,23
191,7,24,7,1,24
192,8,0,8,1,0
193,8,1,8,1
194,8,2,8,1,2
195,8,3,8,3
196,8,4,8,1,4
197,8,5,8,1,5
198,8,6,8,1,6
199,8,7,8,1,7
200,8,9,8,1,9
201,8,10,8,21,23,10
202,8,11,8,1,11
203,8,12,8,3,12
204,8,13,8,21,13
205,8,14,8,21,14
206,8,15,8,21,13,15
207,8,16,8,3,16
208,8,17,8,21,17
209,8,18,8,21,18
210,8,19,8,21,19
211,8,20,8,1,20
212,8,21,8,21
213,8,22,8,1,22
214,8,23,8,21,23
215,8,24,8,21,13,24
216,9,0,9,1,0
217,9,1,9,1
218,9,2,9,1,2
219,9,3,9,1,3
220,9,4,9,1,4
221,9,5,9,1,5
222,9,6,9,1,6
223,9,7,9,1,7
224,9,8,9,1,8
225,9,10,9,1,10
226,9,11,9,1,11
227,9,12,9,1,12
228,9,13,9,1,13
229,9,14,9,1,14
230,9,15,9,1,15
231,9,16,9,1,16
232,9,17,9,1,17
233,9,18,9,1,18
234,9,19,9,1,19
235,9,20,9,1,20
236,9,21,9,1,21
237,9,22,9,1,22
238,9,23,9,1,23
239,9,24,9,1,24
240,10,0,10,1,0
241,10,1,10,1
242,10,2,10,1,2
243,10,3,10,1,3
244,10,4,10,1,4
245,10,5,10,23,13,5
246,10,6,10,23,13,6
247,10,7,10,1,7
248,10,8,10,23,21,8
249,10,9,10,1,9
250,10,11,10,1,11
251,10,12,10,1,12
252,10,13,10,23,13
253,10,14,10,23,21,14
254,10,15,10,23,15
255,10,16,10,1,16
256,10,17,10,23,17
257,10,18,10,23,18
258,10,19,10,23,21,19
259,10,20,10,23,13,20
260,10,21,10,23,21
261,10,22,10,23,22
262,10,23,10,23
263,10,24,10,23,24
264,11,0,11,1,0
265,11,1,11,1
266,11,2,11,1,2
267,11,3,11,1,3
268,11,4,11,1,4
269,11,5,11,1,5
270,11,6,11,1,6
271,11,7,11,1,7
272,11,8,11,1,8
273,11,9,11,1,9
274,11,10,11,13,10
275,11,12,11,1,12
276,11,13,11,13
277,11,14,11,1,14
278,11,15,11,13,15
279,11,16,11,1,16
280,11,17,11,13,17
281,11,18,11,13,18
282,11,19,11,1,19
283,11,20,11,1,20
284,11,21,11,1,21
285,11,22,11,1,22
286,11,23,11,13,23
287,11,24,11,13,24
288,12,0,12,1,0
289,12,1,12,1
290,12,2,12,1,2
291,12,3,12,3
292,12,4,12,3,4
293,12,5,12,1,5
294,12,6,12,1,6
295,12,7,12,1,7
296,12,8,12,3,8
297,12,9,12,1,9
298,12,10,12,1,10
299,12,11,12,1,11
300,12,13,12,3,13
301,12,14,12,3,14
302,12,15,12,1,15
303,12,16,12,3,16
304,12,17,12,1,17
305,12,18,12,1,18
306,12,19,12,3,19
307,12,20,12,1,20
308,12,21,12,3,21
309,12,22,12,3,22
310,12,23,12,1,23
311,12,24,12,1,24
312,13,0,13,1,0
313,13,1,13,1
314,13,2,13,1,2
315,13,3,13,3
316,13,4,13,4
317,13,5,13,5
318,13,6,13,6
319,13,7,13,1,7
320,13,8,13,21,8
321,13,9,13,1,9
322,13,10,13,10
323,13,11,13,11
324,13,12,13,3,12
325,13,14,13,21,14
326,13,15,13,15
327,13,16,13,1,16
328,13,17,13,17
329,13,18,13,18
330,13,19,13,21,19
331,13,20,13,20
332,13,21,13,21
333,13,22,13,22
334,13,23,13,23
335,13,24,13,24
336,14,0,14,1,0
337,14,1,14,1
338,14,2,14,1,2
339,14,3,14,3
340,14,4,14,3,4
341,14,5,14,1,5
342,14,6,14,1,6
343,14,7,14,1,7
344,14,8,14,3,8
345,14,9,14,1,9
346,14,10,14,21,23,10
347,14,11,14,1,11
348,14,12,14,3,12
349,14,13,14,21,13
350,14,15,14,21,13,15
351,14,16,14,3,16
352,14,17,14,21,17
353,14,18,14,21,18
354,14,19,14,1,19
355,14,20,14,1,20
356,14,21,14,21
357,14,22,14,1,22
358,14,23,14,21,23
359,14,24,14,21,13,24
360,15,0,15,1,0
361,15,1,15,1
362,15,2,15,1,2
363,15,3,15,13,3
364,15,4,15,1,4
365,15,5,15,13,5
366,15,6,15,13,6
367,15,7,15,1,7
368,15,8,15,21,8
369,15,9,15,1,9
370,15,10,15,10
371,15,11,15,1,11
372,15,12,15,1,12
373,15,13,15,13
374,15,14,15,21,14
375,15,16,15,1,16
376,15,17,15,17
377,15,18,15,18
378,15,19,15,21,19
379,15,20,15,13,20
380,15,21,15,21
381,15,22,15,13,22
382,15,23,15,23
383,15,24,15,24
384,16,0,16,1,0
385,16,1,16,1
386,16,2,16,1,2
387,16,3,16,3
388,16,4,16,3,4
389,16,5,16,1,5
390,16,6,16,1,6
391,16,7,16,1,7
392,16,8,16,3,8
393,16,9,16,1,9
394,16,10,16,13,10
395,16,11,16,1,11
396,16,12,16,3,12
397,16,13,16,13
398,16,14,16,3,14
399,16,15,16,13,15
400,16,17,16,13,17
401,16,18,16,13,18
402,16,19,16,3,19
403,16,20,16,1,20
404,16,21,16,21
405,16,22,16,3,22
406,16,23,16,13,23
407,16,24,16,13,24
408,17,0,17,1,0
409,17,1,17,1
410,17,2,17,1,2
411,17,3,17,13,3
412,17,4,17,1,4
413,17,5,17,13,5
414,17,6,17,13,6
415,17,7,17,1,7
416,17,8,17,21,8
417,17,9,17,1,9
418,17,10,17,13,10
419,17,11,17,1,11
420,17,12,17,1,12
421,17,13,17,13
422,17,14,17,21,14
423,17,15,17,13,15
424,17,16,17,1,16
425,17,18,17,18
426,17,19,17,21,19
427,17,20,17,13,20
428,17,21,17,21
429,17,22,17,13,22
430,17,23,17,13,23
431,17,24,17,13,24
432,18,0,18,1,0
433,18,1,18,1
434,18,2,18,1,2
435,18,3,18,13,3
436,18,4,18,1,4
437,18,5,18,13,5
438,18,6,18,13,6
439,18,7,18,1,7
440,18,8,18,21,8
441,18,9,18,13,1,9
442,18,10,18,10
443,18,11,18,1,11
444,18,12,18,1,12
445,18,13,18,13
446,18,14,18,21,14
447,18,15,18,15
448,18,16,18,1,16
449,18,17,18,17
450,18,19,18,21,19
451,18,20,18,13,20
452,18,21,18,21
453,18,22,18,13,22
454,18,23,18,23
455,18,24,18,24
456,19,0,19,1,0
457,19,1,19,1
458,19,2,19,1,2
459,19,3,19,3
460,19,4,19,3,4
461,19,5,19,1,5
462,19,6,19,1,6
463,19,7,19,1,7
464,19,8,19,21,8
465,19,9,19,1,9
466,19,10,19,1,10
467,19,11,19,1,11
468,19,12,19,3,12
469,19,13,19,21,13
470,19,14,19,1,14
471,19,15,19,21,13,15
472,19,16,19,3,16
473,19,17,19,21,17
474,19,18,19,21,18
475,19,20,19,1,20
476,19,21,19,21
477,19,22,19,1,22
478,19,23,19,21,23
479,19,24,19,21,13,24
480,20,0,20,1,0
481,20,1,20,1
482,20,2,20,1,2
483,20,3,20,1,3
484,20,4,20,1,4
485,20,5,20,1,5
486,20,6,20,1,6
487,20,7,20,1,7
488,20,8,20,1,8
489,20,9,20,1,9
490,20,10,20,13,10
491,20,11,20,1,11
492,20,12,20,1,12
493,20,13,20,13
494,20,14,20,1,14
495,20,15,20,13,15
496,20,16,20,1,16
497,20,17,20,13,17
498,20,18,20,13,18
499,20,19,20,1,19
500,20,21,20,1,21
501,20,22,20,13,22
502,20,23,20,13,23
503,20,24,20,13,24
504,21,0,21,1,0
505,21,1,21,1
506,21,2,21,1,2
507,21,3,21,3
508,21,4,21,1,4
509,21,5,21,13,5
510,21,6,21,13,6
511,21,7,21,1,7
512,21,8,21,8
513,21,9,21,1,9
514,21,10,21,23,10
515,21,11,21,1,11
516,21,12,21,3,12
517,21,13,21,13
518,21,14,21,14
519,21,15,21,13,15
520,21,16,21,3,16
521,21,17,21,17
522,21,18,21,18
523,21,19,21,19
524,21,20,21,1,20
525,21,22,21,1,22
526,21,23,21,23
527,21,24,21,13,24
528,22,0,22,1,0
529,22,1,22,1
530,22,2,22,1,2
531,22,3,22,3
532,22,4,22,1,4
533,22,5,22,13,5
534,22,6,22,1,6
535,22,7,22,1,7
536,22,8,22,1,8
537,22,9,22,1,9
538,22,10,22,13,10
539,22,11,22,1,11
540,22,12,22,3,12
541,22,13,22,13
542,22,14,22,1,14
543,22,15,22,13,15
544,22,16,22,1,16
545,22,17,22,13,17
546,22,18,22,13,18
547,22,19,22,1,19
548,22,20,22,13,20
549,22,21,22,1,21
550,22,23,22,13,23
551,22,24,22,13,24
552,23,0,23,1,0
553,23,1,23,1
554,23,2,23,1,2
555,23,3,23,1,3
556,23,4,23,1,4
557,23,5,23,13,5
558,23,6,23,13,6
559,23,7,23,1,7
560,23,8,23,21,8
561,23,9,23,1,9
562,23,10,23,10
563,23,11,23,1,11
564,23,12,23,1,12
565,23,13,23,13
566,23,14,23,21,14
567,23,15,23,15
568,23,16,23,1,16
569,23,17,23,17
570,23,18,23,18
571,23,19,23,21,19
572,23,20,23,13,20
573,23,21,23,21
574,23,22,23,22
575,23,24,23,24
576,24,0,24,1,0
577,24,1,24,1
578,24,2,24,1,2
579,24,3,24,13,3
580,24,4,24,1,4
581,24,5,24,13,5
582,24,6,24,13,6
583,24,7,24,1,7
584,24,8,24,18,21,8
585,24,9,24,13,1,9
586,24,10,24,23,10
587,24,11,24,13,11
588,24,12,24,1,12
589,24,13,24,13
590,24,14,24,18,21,14
591,24,15,24,15
592,24,16,24,1,16
593,24,17,24,13,17
594,24,18,24,18
595,24,19,24,18,21,19
596,24,20,24,13,20
597,24,21,24,18,21
598,24,22,24,13,22
599,24,23,24,23
COMMODITIES,700
Index,Origin,Destination,Demand/Size,Earliest available time,Latest delivery time
0,4,11,0.276891,138,236
1,3,0,0.4705,134,231
2,11,15,0.384241,42,156
3,12,20,0.671636,134,238
4,16,14,0.109356,40,140
5,23,13,0.0324241,42,135
6,23,4,0.345248,138,245
7,1,23,0.486372,184,286
8,15,23,0.349526,182,277
9,18,6,0.822544,42,145
10,18,1,0.275014,182,283
11,23,1,0.21935,182,283
12,16,8,0.237004,90,188
13,11,12,0.380837,90,192
14,18,13,0.259936,136,227
15,3,1,0.952544,88,180
16,0,1,0.407833,136,225
17,3,2,0.905876,186,285
18,13,11,0.118753,42,143
19,1,15,0.658922,134,242
20,10,23,0.579738,90,180
21,0,20,0.701941,186,285
22,15,24,0.0369112,90,178
23,0,11,0.017069,134,231
24,20,18,0.300215,134,231
25,11,23,0.150994,90,199
26,22,23,0.542166,182,282
27,18,24,0.283378,136,227
28,3,20,0.0309339,182,284
29,23,18,0.49262,86,174
30,18,3,0.00114169,40,153
31,2,17,0.126374,40,147
32,23,24,0.652,86,179
33,13,6,0.828537,184,280
34,1,6,0.548907,86,179
35,16,13,0.910847,182,283
36,22,5,0.396091,38,139
37,18,5,0.0837355,138,239
38,4,13,0.362635,134,238
39,21,1,0.434908,86,181
40,11,0,0.862694,184,281
41,1,22,0.723939,138,230
42,4,10,0.054277,38,154
43,14,13,0.908603,134,236
44,23,18,0.631137,38,126
45,20,10,0.487674,42,144
46,12,16,0.728165,88,182
47,19,15,0.548392,40,154
48,23,4,0.403491,42,149
49,1,10,0.419752,40,150
50,20,13,0.066457,134,224
51,10,13,0.99041,38,137
52,0,16,0.789167,184,281
53,22,21,0.481172,86,189
54,0,17,0.221025,90,195
55,3,20,0.0458914,86,188
56,3,22,0.496025,38,135
57,22,13,0.775674,38,129
58,1,4,0.956426,38,128
59,16,13,0.864813,90,191
60,19,18,0.184161,138,243
61,10,24,0.917848,134,233
62,23,13,0.501101,90,183
63,4,12,0.194784,182,279
64,23,2,0.0920781,136,244
65,1,23,0.799058,88,190
66,3,15,0.340156,90,208
67,12,13,0.191483,88,197
68,23,14,0.501006,38,145
69,23,17,0.0990572,90,179
70,22,8,0.251397,182,283
71,13,19,0.535452,136,236
72,15,20,0.137566,90,196
73,18,13,0.175493,90,181
74,15,5,0.493007,38,148
75,1,9,0.97084,86,182
76,1,6,0.800854,186,279
77,10,17,0.166218,42,137
78,15,17,0.605041,40,136
79,14,0,0.861719,88,193
80,17,8,0.196955,184,281
81,12,1,0.73263,86,180
82,16,19,0.660235,38,138
83,11,13,0.0775568,88,188
84,12,15,0.413575,38,156
85,16,11,0.665766,182,282
86,24,19,0.762408,86,196
87,4,3,0.0594998,138,230
88,5,17,0.419071,40,140
89,1,19,0.372214,88,185
90,1,12,0.442877,186,280
91,19,16,0.121436,86,186
92,3,21,0.232478,42,140
93,23,8,0.756269,186,288
94,11,18,0.156624,86,193
95,0,1,0.876039,86,175
96,1,17,0.499035,138,238
97,23,11,0.225179,40,149
98,3,1,0.3689,182,274
99,2,20,0.0153031,134,235
100,17,16,0.0635225,136,242
101,16,9,0.240008,40,144
102,1,2,0.105547,42,133
103,0,23,0.950422,38,145
104,3,22,0.307315,136,233
105,23,18,0.957529,186,274
106,3,6,0.359855,38,139
107,16,3,0.724983,138,227
108,1,5,0.313027,86,185
109,1,22,0.367208,134,226
110,17,10,0.507992,136,238
111,14,1,0.668707,136,236
112,14,22,0.727387,134,242
113,3,6,0.227707,186,287
114,17,23,0.596387,138,237
115,18,8,0.56935,38,138
116,13,24,0.468739,184,279
117,3,5,0.902679,136,243
118,5,19,0.132246,42,152
119,13,21,0.154674,86,178
120,2,14,0.6598,86,193
121,23,18,0.383321,136,224
122,1,16,0.651467,138,230
123,23,13,0.524477,184,277
124,0,15,0.462186,134,247
125,17,20,0.27552,136,232
126,14,16,0.158455,138,238
127,19,13,0.570823,40,140
128,14,22,0.677449,138,246
129,15,16,0.388483,134,250
130,5,24,0.0717065,90,195
131,2,14,0.653248,136,243
132,18,24,0.676089,134,225
133,13,11,0.0377347,38,139
134,2,20,0.0222125,90,191
135,12,11,0.213767,38,140
136,1,11,0.0197367,184,276
137,23,16,0.226389,40,149
138,11,14,0.416367,88,196
139,9,3,0.601575,40,144
140,4,24,0.284427,42,156
141,19,18,0.0318428,88,193
142,13,23,0.20387,184,277
143,1,8,0.362144,186,279
144,3,9,0.777347,182,286
145,11,16,0.402194,186,286
146,21,13,0.791378,136,228
147,3,2,0.865113,182,281
148,12,3,0.118844,136,225
149,23,21,0.561105,186,283
150,10,18,0.457896,88,182
151,3,4,0.32234,184,276
152,15,21,0.142593,86,190
153,24,1,0.02222,38,146
154,1,12,0.595331,136,230
155,2,22,0.218202,136,235
156,16,13,0.853643,186,287
157,10,17,0.187448,184,279
158,19,20,0.317702,42,149
159,24,10,0.0370747,184,283
160,17,13,0.0175873,90,180
161,13,10,0.831855,184,280
162,5,13,0.312736,182,276
163,19,17,0.294802,182,282
164,6,4,0.0183443,182,281
165,13,11,0.301445,86,187
166,15,24,0.244554,136,224
167,5,1,0.506952,184,283
168,3,5,0.926746,38,145
169,22,6,0.303402,88,189
170,9,1,0.184313,136,232
171,11,23,0.929063,86,195
172,13,17,0.555752,42,132
173,15,1,0.384868,42,150
174,24,14,0.151081,134,246
175,10,13,0.682966,86,185
176,20,17,0.43677,38,134
177,5,14,0.333999,136,251
178,3,23,0.542048,88,197
179,4,16,0.491611,138,235
180,1,8,0.116169,88,181
181,16,10,0.0323098,136,249
182,12,2,0.258886,40,141
183,23,5,0.960759,136,239
184,21,1,0.0937734,136,231
185,5,14,0.342773,138,253
186,6,1,0.680745,184,277
187,17,11,0.112328,138,244
188,11,13,0.114815,186,286
189,23,18,0.471512,182,270
190,13,18,0.868649,136,227
191,12,2,0.131782,136,237
192,18,23,0.0939024,182,270
193,22,13,0.802405,90,181
194,19,21,0.691526,86,178
195,0,24,0.545832,138,251
196,10,1,0.652261,42,149
197,1,2,0.521984,86,177
198,13,19,0.439806,40,140
199,5,22,0.327092,90,197
200,21,9,0.196708,38,145
201,3,19,0.00931245,86,181
202,24,23,0.390391,138,231
203,24,10,0.0784116,138,237
204,12,21,0.325487,88,191
205,13,0,0.640991,42,144
206,21,1,0.488371,182,277
207,12,3,0.592024,42,131
208,12,3,0.108992,88,177
209,2,15,0.464894,88,203
210,0,19,0.277622,86,188
211,16,15,0.601845,42,157
212,17,1,0.446317,184,282
213,15,6,0.188207,88,200
214,10,19,0.40375,134,245
215,16,4,0.845152,90,187
216,20,13,0.00447311,182,272
217,18,13,0.423463,186,277
218,2,19,0.291768,40,144
219,19,23,0.90441,86,189
220,1,19,0.248734,184,281
221,22,5,0.427462,182,283
222,12,10,0.833918,134,254
223,15,1,0.631007,134,242
224,1,14,0.143955,184,284
225,23,8,0.91193,138,240
226,9,16,0.83369,88,192
227,1,8,0.460708,40,133
228,20,17,0.434078,138,234
229,22,0,0.206266,134,231
230,3,22,0.325467,184,281
231,1,11,0.351778,136,228
232,9,1,0.901202,186,282
233,1,0,0.363245,182,271
234,16,3,0.737582,86,175
235,21,1,0.107282,40,135
236,13,10,0.205084,136,232
237,5,13,0.42375,90,184
238,8,2,0.0351993,136,236
239,19,3,0.13782,136,231
240,0,21,0.398245,182,282
241,6,16,0.400192,138,239
242,5,22,0.310037,88,195
243,4,12,0.171325,40,137
244,24,20,0.0799575,184,285
245,13,22,0.0210798,182,273
246,18,6,0.838497,184,287
247,16,9,0.238643,86,190
248,20,10,0.4973,138,240
249,0,5,0.199539,38,142
250,3,0,0.384413,138,235
251,22,1,0.340412,138,230
252,11,8,0.406392,88,189
253,3,16,0.244668,40,129
254,14,15,0.824318,40,156
255,17,1,0.981104,136,234
256,21,17,0.379903,182,274
257,3,0,0.324148,186,283
258,10,11,0.0491571,90,205
259,18,17,0.670893,38,127
260,8,17,0.584701,182,279
261,14,8,0.372576,38,142
262,0,16,0.713449,182,279
263,14,0,0.761782,136,241
264,9,16,0.856315,182,286
265,1,15,0.283931,138,246
266,1,6,0.964842,38,131
267,23,8,0.807983,182,284
268,1,10,0.343202,86,196
269,3,14,0.610802,90,185
270,14,18,0.530888,42,149
271,13,24,0.621938,88,183
272,23,6,0.592108,138,243
273,1,2,0.983635,134,225
274,12,15,0.447207,42,160
275,8,13,0.287152,86,183
276,15,8,0.0436711,42,151
277,14,13,0.8402,86,188
278,5,15,0.40839,38,146
279,16,3,0.583976,136,225
280,14,16,0.978021,182,282
281,18,21,0.78174,88,183
282,23,15,0.0276767,40,135
283,24,15,0.0392442,88,176
284,11,1,0.794433,42,134
285,11,17,0.352428,138,244
286,22,14,0.230457,136,244
287,13,2,0.317374,86,190
288,11,21,0.34748,86,189
289,23,1,0.364436,88,189
290,20,22,0.23366,38,135
291,2,8,0.450622,134,234
292,13,8,0.754055,42,139
293,13,1,0.301656,40,137
294,12,20,0.742666,138,242
295,14,16,0.154697,184,284
296,16,12,0.204707,42,136
297,24,22,0.564621,136,238
298,23,19,0.0247134,42,147
299,15,23,0.742847,40,135
300,23,15,0.830759,86,181
301,20,14,0.356986,134,244
302,13,14,0.149699,90,192
303,1,13,0.992275,42,140
304,4,1,0.495645,88,178
305,3,12,0.531474,88,177
306,23,17,0.236198,40,129
307,19,3,0.684566,42,137
308,23,9,0.492767,86,199
309,18,23,0.0499209,40,128
310,14,1,0.72717,134,234
311,11,14,0.433898,40,148
312,22,20,0.558978,42,139
313,2,1,0.570826,186,277
314,3,0,0.379546,136,233
315,24,8,0.0594725,136,243
316,20,1,0.308175,184,278
317,22,3,0.185787,134,230
318,1,19,0.248145,134,231
319,22,23,0.61005,184,284
320,24,13,0.597897,138,233
321,17,23,0.225697,42,141
322,22,9,0.182547,42,146
323,12,20,0.757685,182,286
324,11,24,0.00923954,88,199
325,12,22,0.212947,136,238
326,13,8,0.0662055,186,283
327,5,20,0.319047,186,286
328,14,1,0.597282,184,284
329,2,19,0.29255,90,194
330,2,14,0.705724,42,149
331,20,22,0.25351,40,137
332,1,12,0.637091,182,276
333,15,1,0.550553,136,244
334,2,1,0.402507,88,179
335,15,17,0.14775,138,234
336,1,5,0.68569,184,283
337,13,18,0.405936,86,177
338,0,24,0.575998,42,155
339,1,22,0.398123,186,278
340,18,17,0.15969,90,179
341,18,17,0.330701,40,129
342,23,21,0.639059,184,281
343,14,16,0.0115566,90,190
344,5,18,0.608237,184,285
345,20,1,0.899961,38,132
346,20,17,0.432182,182,278
347,23,21,0.0986522,134,231
348,11,8,0.368003,136,237
349,15,10,0.786496,40,131
350,12,22,0.192279,86,188
351,23,17,0.92451,86,175
352,24,23,0.979247,90,183
353,17,23,0.800968,86,185
354,23,10,0.4214,90,180
355,18,1,0.535345,90,191
356,22,2,0.592193,86,185
357,20,15,0.447587,136,240
358,12,15,0.460491,88,206
359,18,14,0.212024,86,191
360,1,23,0.611826,86,188
361,4,18,0.36013,88,196
362,14,3,0.545456,182,277
363,11,4,0.0575585,134,232
364,3,4,0.25815,186,278
365,9,1,0.257432,90,186
366,15,0,0.435995,42,155
367,10,1,0.952982,136,243
368,3,12,0.436317,186,275
369,1,14,0.960116,186,286
370,19,15,0.479604,90,204
371,3,1,0.194857,38,130
372,23,9,0.568256,90,203
373,18,10,0.988278,134,228
374,0,20,0.798719,184,283
375,21,17,0.418925,90,182
376,20,22,0.236889,182,279
377,18,15,0.886508,40,134
378,15,24,0.809308,186,274
379,1,9,0.444002,182,278
380,9,16,0.950855,134,238
381,21,8,0.501414,138,227
382,13,0,0.655721,136,238
383,24,11,0.717886,42,154
384,3,22,0.967528,88,185
385,3,18,0.526328,136,247
386,5,20,0.292672,38,138
387,13,11,0.012903,182,283
388,22,8,0.393226,40,141
389,21,17,0.409346,42,134
390,22,17,0.288111,90,187
391,12,10,0.83717,40,160
392,15,17,0.182875,184,280
393,10,18,0.64504,42,136
394,23,1,0.830006,136,237
395,0,23,0.902038,136,243
396,18,24,0.270451,182,273
397,23,10,0.490979,134,224
398,4,1,0.937081,136,226
399,6,3,0.24034,186,287
400,15,4,0.219766,136,250
401,11,23,0.0533825,88,197
402,23,21,0.926337,86,183
403,11,15,0.429115,88,202
404,21,13,0.901867,86,178
405,9,3,0.718482,86,190
406,19,18,0.151633,86,191
407,21,13,0.9161,184,276
408,2,8,0.475781,86,186
409,1,0,0.0231685,88,177
410,12,3,0.0821749,186,275
411,5,18,0.609489,186,287
412,5,13,0.336417,42,136
413,18,11,0.92868,90,199
414,1,4,0.778853,136,226
415,13,10,0.38219,38,134
416,17,18,0.193591,90,179
417,2,8,0.488781,42,142
418,24,17,0.831691,184,285
419,3,1,0.361912,42,134
420,24,13,0.40418,90,185
421,0,24,0.555445,90,203
422,18,15,0.750198,88,182
423,5,23,0.805846,90,193
424,16,18,0.153181,38,146
425,5,1,0.205418,40,139
426,1,13,0.56751,134,232
427,4,15,0.259567,88,202
428,11,8,0.430792,86,187
429,12,2,0.159944,42,143
430,3,8,0.579472,42,135
431,8,12,0.236942,138,236
432,22,19,0.125334,90,195
433,8,14,0.0176517,134,233
434,13,18,0.0835542,42,133
435,23,3,0.860943,40,149
436,1,20,0.33551,90,184
437,18,13,0.0046102,182,273
438,18,21,0.0787669,138,233
439,1,13,0.932246,90,188
440,0,21,0.444268,186,286
441,11,12,0.279346,86,188
442,3,19,0.430331,134,229
443,15,1,0.593424,40,148
444,11,13,0.146395,184,284
445,15,0,0.452943,86,199
446,14,21,0.8706,184,278
447,14,17,0.0921606,38,140
448,19,5,0.511284,90,202
449,14,10,0.197389,90,201
450,3,6,0.357655,182,283
451,8,17,0.385294,88,185
452,11,1,0.280918,88,180
453,2,4,0.881231,40,137
454,11,19,0.351267,90,195
455,24,20,0.167647,136,237
456,1,13,0.852947,38,136
457,14,23,0.457726,42,147
458,13,6,0.882439,90,186
459,19,21,0.650334,42,134
460,4,23,0.11743,88,196
461,14,0,0.779832,90,195
462,23,24,0.466996,138,231
463,4,23,0.0477857,86,194
464,21,19,0.372583,88,180
465,3,0,0.342777,40,137
466,24,18,0.764599,88,179
467,17,5,0.216798,136,236
468,1,14,0.145911,134,234
469,13,21,0.320584,186,278
470,23,9,0.664145,134,247
471,14,5,0.368405,138,253
472,13,1,0.667463,134,231
473,13,3,0.362979,136,242
474,2,20,0.0327406,138,239
475,3,8,0.885426,40,133
476,1,3,0.807087,38,130
477,19,3,0.934734,88,183
478,5,16,0.408186,138,245
479,3,15,0.228318,40,158
480,18,1,0.441712,40,141
481,18,0,0.251072,134,240
482,16,13,0.974585,86,187
483,15,3,0.415886,88,210
484,13,0,0.664725,86,188
485,3,14,0.676299,182,277
486,10,20,0.097312,134,239
487,24,6,0.384567,90,197
488,4,23,0.114516,40,148
489,1,4,0.102374,134,224
490,2,1,0.851195,42,133
491,13,3,0.437916,38,144
492,3,0,0.41249,184,281
493,14,8,0.471492,40,144
494,0,18,0.838819,38,145
495,18,15,0.70622,38,132
496,2,14,0.674419,38,145
497,23,24,0.614531,134,227
498,16,20,0.20906,186,288
499,14,20,0.0933794,138,248
500,12,11,0.182165,134,236
501,2,1,0.945472,184,275
502,10,15,0.499959,134,235
503,14,11,0.78798,88,196
504,23,12,0.338667,134,245
505,17,15,0.274696,136,240
506,3,12,0.876755,138,227
507,4,12,0.192249,134,231
508,18,20,0.942915,38,135
509,11,21,0.308521,38,141
510,14,5,0.372787,134,249
511,17,22,0.162877,184,281
512,19,1,0.388146,138,235
513,21,19,0.410804,182,274
514,19,13,0.550066,138,238
515,1,14,0.956881,90,190
516,19,22,0.486472,136,241
517,0,21,0.440806,42,142
518,8,3,0.453263,182,275
519,23,13,0.597683,88,181
520,0,3,0.343393,90,187
521,23,15,0.516367,38,133
522,13,20,0.523037,86,176
523,17,13,0.159819,138,228
524,2,15,0.306195,42,157
525,16,4,0.809698,42,139
526,22,11,0.443778,182,282
527,15,1,0.470649,90,198
528,4,14,0.428031,88,191
529,2,1,0.955919,138,229
530,1,22,0.99741,86,178
531,17,23,0.401075,186,285
532,0,24,0.562503,136,249
533,20,8,0.272777,90,193
534,19,1,0.625041,86,183
535,2,17,0.123981,38,145
536,16,1,0.0955385,182,274
537,14,13,0.820978,184,286
538,15,23,0.758677,138,233
539,1,4,0.635479,184,274
540,18,23,0.140741,134,222
541,15,3,0.434997,138,260
542,16,4,0.831091,40,137
543,15,10,0.339602,182,273
544,3,16,0.00253356,42,131
545,0,14,0.296541,42,147
546,3,16,0.754238,90,179
547,17,1,0.999713,186,284
548,22,3,0.166418,136,232
549,17,13,0.685346,134,224
550,20,19,0.41136,38,145
551,1,14,0.139734,138,238
552,9,16,0.00159244,90,194
553,13,21,0.319098,90,182
554,5,22,0.342455,38,145
555,14,2,0.0960169,138,245
556,11,19,0.334054,136,241
557,13,23,0.86033,88,181
558,12,9,0.208918,88,194
559,13,8,0.786699,88,185
560,15,13,0.141481,40,140
561,3,1,0.868385,40,132
562,1,5,0.218096,134,233
563,22,17,0.337663,42,139
564,19,18,0.226703,42,147
565,15,22,0.670484,136,243
566,3,12,0.188039,38,127
567,12,22,0.210512,90,192
568,18,20,0.0690747,184,281
569,18,1,0.365971,186,287
570,1,24,0.412062,90,198
571,2,1,0.864806,86,177
572,1,8,0.414633,136,229
573,4,23,0.0278306,42,150
574,14,22,0.726993,136,244
575,0,10,0.530336,86,201
576,12,3,0.130808,184,273
577,19,5,0.49331,42,154
578,3,6,0.383534,88,189
579,21,0,0.0894989,86,186
580,10,21,0.0442877,136,239
581,22,24,0.437626,86,188
582,3,6,0.232666,90,191
583,18,23,0.482327,136,224
584,3,20,0.109172,90,192
585,16,19,0.635187,86,186
586,20,2,0.247516,38,139
587,1,2,0.872856,184,275
588,13,15,0.697749,184,282
589,23,11,0.114841,134,243
590,21,3,0.342475,138,235
591,1,11,0.935343,90,182
592,22,6,0.29949,136,237
593,21,13,0.853922,40,132
594,3,11,0.251374,86,186
595,12,3,0.316453,38,127
596,15,18,0.0992807,182,276
597,20,17,0.396951,40,136
598,23,5,0.823388,90,193
599,15,20,0.145892,136,242
600,15,19,0.516595,134,246
601,15,5,0.412764,138,248
602,13,14,0.127704,40,142
603,3,23,0.547528,136,245
604,18,1,0.521069,42,143
605,3,11,0.218223,38,138
606,1,10,0.793516,88,198
607,16,15,0.584252,88,203
608,18,20,0.111429,182,279
609,1,17,0.591213,184,284
610,15,17,0.933312,90,186
611,23,13,0.88578,40,133
612,16,4,0.862353,134,231
613,18,0,0.247721,38,144
614,2,1,0.456,136,227
615,16,3,0.792073,90,179
616,18,15,0.532272,138,232
617,16,15,0.574343,136,251
618,11,18,0.826249,42,149
619,22,10,0.0664878,42,145
620,16,0,0.765836,184,281
621,23,15,0.528429,136,231
622,1,17,0.999215,38,138
623,4,15,0.246202,86,200
624,22,21,0.514015,134,237
625,18,13,0.176969,40,131
626,0,1,0.383766,138,227
627,17,19,0.667901,134,234
628,13,6,0.825325,88,184
629,19,3,0.591713,182,277
630,15,10,0.316081,186,277
631,11,3,0.657514,184,284
632,3,9,0.724551,86,190
633,16,3,0.315376,182,271
634,23,21,0.585859,38,135
635,12,21,0.380672,90,193
636,4,3,0.244468,182,274
637,1,16,0.506312,90,182
638,17,18,0.239637,40,129
639,19,13,0.558917,38,138
640,12,2,0.274625,184,285
641,15,12,0.864709,42,160
642,11,3,0.638239,40,140
643,3,13,0.281704,42,146
644,15,10,0.202474,86,177
645,0,18,0.826224,42,149
646,11,13,0.493874,182,282
647,14,0,0.769878,86,191
648,16,9,0.227274,136,240
649,1,15,0.731977,40,148
650,17,19,0.713039,182,282
651,15,16,0.38556,136,252
652,23,13,0.302413,186,279
653,12,6,0.15844,138,241
654,21,3,0.215855,186,283
655,11,0,0.905503,42,139
656,8,2,0.030662,42,142
657,20,1,0.567499,88,182
658,3,21,0.810636,88,186
659,1,6,0.903609,90,183
660,11,4,0.104533,136,234
661,10,14,0.104652,40,153
662,18,3,0.899867,138,251
663,23,6,0.622627,38,143
664,3,14,0.0790138,134,229
665,13,2,0.283315,38,142
666,22,11,0.434131,186,286
667,1,9,0.298701,136,232
668,14,2,0.0838938,38,145
669,11,23,0.676892,42,151
670,18,6,0.729118,40,143
671,0,11,0.919574,186,283
672,14,1,0.375527,38,138
673,23,4,0.370704,86,193
674,3,21,0.175272,90,188
675,3,15,0.262756,42,160
676,17,23,0.832584,88,187
677,23,8,0.892729,184,286
678,23,8,0.237162,136,238
679,23,10,0.0283777,186,276
680,22,23,0.541455,136,236
681,2,20,0.898829,38,139
682,13,4,0.086131,134,230
683,22,21,0.527166,138,241
684,8,17,0.515503,136,233
685,12,1,0.282193,88,182
686,16,4,0.770907,88,185
687,3,18,0.447338,134,245
688,5,17,0.371246,186,286
689,18,22,0.0248263,90,188
690,11,16,0.359518,40,140
691,1,16,0.296535,42,134
692,16,14,0.955986,88,188
693,5,24,0.0712084,134,239
694,4,1,0.538674,138,228
695,18,12,0.371053,86,197
696,5,16,0.419852,134,241
697,18,21,0.0474038,134,229
698,13,20,0.3333,40,130
699,20,2,0.240053,42,143
