NODES,25
INDEX,Name,X-coordinate,Y-coordinate
0,0,-,-
1,1,-,-
2,2,-,-
3,3,-,-
4,4,-,-
5,5,-,-
6,6,-,-
7,7,-,-
8,8,-,-
9,9,-,-
10,10,-,-
11,11,-,-
12,12,-,-
13,13,-,-
14,14,-,-
15,15,-,-
16,16,-,-
17,17,-,-
18,18,-,-
19,19,-,-
20,20,-,-
21,21,-,-
22,22,-,-
23,23,-,-
24,24,-,-
ARCS,529
Index,Origin,Destination,Variable Cost,Fixed Cost,Capacity,Travel time
0,0,1,0,117.8,1,5
1,1,0,0,117.8,1,5
2,1,2,0,234.05,1,7
3,1,3,0,260.4,1,8
4,1,4,0,175.15,1,6
5,1,5,0,486.7,1,15
6,1,6,0,323.95,1,9
7,1,8,0,323.95,1,9
8,1,9,0,447.95,1,12
9,1,10,0,883.5,1,26
10,1,11,0,255.75,1,8
11,1,12,0,387.5,1,10
12,1,13,0,489.8,1,14
13,1,14,0,525.45,1,16
14,1,15,0,1002.85,1,24
15,1,16,0,252.65,1,8
16,1,17,0,545.6,1,16
17,1,18,0,680.45,1,18
18,1,19,0,503.75,1,13
19,1,20,0,358.05,1,10
20,1,21,0,409.2,1,11
21,1,22,0,266.6,1,8
22,1,23,0,699.05,1,18
23,1,24,0,903.65,1,24
24,2,1,0,234.05,1,7
25,3,1,0,260.4,1,8
26,3,4,0,230.95,1,8
27,3,8,0,311.55,1,9
28,3,12,0,144.15,1,5
29,3,13,0,661.85,1,20
30,3,14,0,418.5,1,11
31,3,16,0,151.9,1,5
32,3,19,0,396.8,1,11
33,3,21,0,469.65,1,14
34,3,22,0,429.35,1,13
35,4,1,0,175.15,1,6
36,4,3,0,230.95,1,8
37,5,1,0,486.7,1,15
38,5,13,0,367.35,1,10
39,6,1,0,323.95,1,9
40,6,13,0,430.9,1,11
41,7,1,0,103.85,1,4
42,8,1,0,323.95,1,9
43,8,3,0,311.55,1,9
44,8,13,0,415.4,1,11
45,8,16,0,161.2,1,6
46,8,21,0,158.1,1,5
47,9,1,0,447.95,1,12
48,10,1,0,891.25,1,23
49,10,23,0,192.2,1,6
50,11,1,0,255.75,1,8
51,11,13,0,592.1,1,16
52,12,1,0,387.5,1,10
53,12,3,0,144.15,1,5
54,13,1,0,489.8,1,13
55,13,3,0,669.6,1,22
56,13,5,0,367.35,1,10
57,13,6,0,430.9,1,12
58,13,10,0,483.6,1,12
59,13,11,0,596.75,1,17
60,13,15,0,553.35,1,14
61,13,17,0,176.7,1,6
62,13,18,0,248,1,7
63,13,19,0,573.5,1,16
64,13,20,0,198.4,1,6
65,13,21,0,275.9,1,8
66,13,22,0,232.5,1,7
67,13,23,0,323.95,1,9
68,13,24,0,449.5,1,11
69,14,1,0,525.45,1,16
70,14,3,0,418.5,1,11
71,14,19,0,111.6,1,4
72,14,21,0,384.4,1,10
73,15,1,0,1002.85,1,24
74,15,13,0,553.35,1,16
75,15,18,0,350.3,1,10
76,15,21,0,747.1,1,20
77,15,23,0,412.3,1,11
78,16,1,0,252.65,1,8
79,16,3,0,151.9,1,5
80,16,8,0,161.2,1,6
81,16,13,0,581.25,1,17
82,16,21,0,305.35,1,9
83,17,1,0,544.05,1,14
84,17,13,0,176.7,1,6
85,17,18,0,127.1,1,5
86,17,21,0,292.95,1,8
87,18,1,0,666.5,1,17
88,18,10,0,308.45,1,10
89,18,13,0,248,1,7
90,18,15,0,350.3,1,10
91,18,17,0,127.1,1,5
92,18,19,0,719.2,1,19
93,18,21,0,421.6,1,11
94,18,22,0,421.6,1,13
95,18,23,0,116.25,1,4
96,18,24,0,237.15,1,7
97,19,1,0,503.75,1,13
98,19,3,0,396.8,1,11
99,19,8,0,240.25,1,7
100,19,14,0,111.6,1,4
101,19,21,0,297.6,1,8
102,20,1,0,358.05,1,10
103,20,13,0,198.4,1,6
104,20,23,0,522.35,1,15
105,21,1,0,409.2,1,11
106,21,3,0,458.8,1,13
107,21,8,0,158.1,1,5
108,21,13,0,275.9,1,8
109,21,14,0,384.4,1,10
110,21,15,0,829.25,1,22
111,21,17,0,292.95,1,8
112,21,18,0,420.05,1,13
113,21,19,0,297.6,1,8
114,21,23,0,440.2,1,11
115,22,1,0,266.6,1,8
116,22,3,0,429.35,1,12
117,22,13,0,232.5,1,7
118,23,1,0,699.05,1,17
119,23,10,0,192.2,1,6
120,23,13,0,323.95,1,9
121,23,15,0,412.3,1,11
122,23,17,0,153.45,1,5
123,23,18,0,116.25,1,4
124,23,21,0,446.4,1,13
125,23,24,0,305.35,1,9
126,24,1,0,903.65,1,24
127,24,13,0,449.5,1,11
128,24,18,0,237.15,1,7
129,24,23,0,305.35,1,9
130,0,2,0,161.2,1,6
131,0,3,0,353.4,1,10
132,0,4,0,285.2,1,9
133,0,5,0,474.3,1,13
134,0,6,0,246.45,1,8
135,0,8,0,427.8,1,12
136,0,9,0,379.75,1,11
137,0,10,0,931.55,1,25
138,0,11,0,158.1,1,5
139,0,12,0,401.45,1,11
140,0,14,0,632.4,1,17
141,0,15,0,1063.3,1,28
142,0,16,0,367.35,1,11
143,0,17,0,596.75,1,16
144,0,18,0,717.65,1,19
145,0,19,0,615.35,1,17
146,0,20,0,361.15,1,10
147,0,21,0,444.85,1,13
148,0,22,0,297.6,1,9
149,0,23,0,739.35,1,20
150,0,24,0,957.9,1,25
151,1,7,0,103.85,1,4
152,2,0,0,161.2,1,6
153,2,3,0,480.5,1,13
154,2,4,0,409.2,1,12
155,2,5,0,257.3,1,8
156,2,6,0,110.05,1,4
157,2,8,0,412.3,1,12
158,2,9,0,229.4,1,7
159,2,10,0,872.65,1,23
160,2,11,0,182.9,1,6
161,2,12,0,582.8,1,16
162,2,13,0,390.6,1,11
163,2,14,0,790.5,1,21
164,2,15,0,940.85,1,25
165,2,16,0,475.85,1,13
166,2,17,0,568.85,1,16
167,2,18,0,638.6,1,17
168,2,19,0,643.25,1,17
169,2,20,0,207.7,1,7
170,2,21,0,424.7,1,12
171,2,22,0,308.45,1,9
172,2,23,0,716.1,1,19
173,2,24,0,847.85,1,23
174,3,0,0,353.4,1,10
175,3,2,0,480.5,1,13
176,3,6,0,554.9,1,15
177,3,9,0,685.1,1,18
178,3,10,0,995.1,1,26
179,3,11,0,477.4,1,13
180,3,15,0,1224.5,1,32
181,3,17,0,764.15,1,20
182,3,18,0,833.9,1,22
183,3,20,0,620,1,17
184,3,23,0,888.15,1,23
185,3,24,0,1108.25,1,29
186,4,0,0,285.2,1,9
187,4,2,0,409.2,1,12
188,4,6,0,494.45,1,14
189,4,7,0,75.95,1,3
190,4,8,0,142.6,1,5
191,4,9,0,624.65,1,17
192,4,10,0,838.55,1,22
193,4,11,0,406.1,1,12
194,4,12,0,331.7,1,9
195,4,13,0,427.8,1,12
196,4,14,0,410.75,1,12
197,4,15,0,970.3,1,26
198,4,16,0,147.25,1,5
199,4,17,0,503.75,1,14
200,4,18,0,624.65,1,17
201,4,19,0,390.6,1,11
202,4,20,0,413.85,1,12
203,4,21,0,263.5,1,8
204,4,22,0,204.6,1,7
205,4,23,0,646.35,1,18
206,4,24,0,861.8,1,23
207,5,0,0,474.3,1,13
208,5,2,0,257.3,1,8
209,5,6,0,161.2,1,5
210,5,9,0,198.4,1,6
211,5,11,0,320.85,1,9
212,5,18,0,660.3,1,16
213,5,20,0,178.25,1,6
214,5,23,0,720.75,1,19
215,6,0,0,246.45,1,8
216,6,2,0,110.05,1,4
217,6,3,0,554.9,1,15
218,6,4,0,494.45,1,14
219,6,5,0,161.2,1,5
220,6,8,0,637.05,1,17
221,6,9,0,141.05,1,5
222,6,10,0,939.3,1,25
223,6,11,0,165.85,1,5
224,6,12,0,623.1,1,17
225,6,14,0,840.1,1,22
226,6,15,0,982.7,1,26
227,6,16,0,576.6,1,16
228,6,17,0,615.35,1,17
229,6,18,0,685.1,1,18
230,6,19,0,824.6,1,22
231,6,20,0,243.35,1,7
232,6,21,0,593.65,1,16
233,6,22,0,446.4,1,13
234,6,23,0,761.05,1,20
235,6,24,0,877.3,1,23
236,7,3,0,246.45,1,8
237,7,4,0,75.95,1,3
238,8,0,0,427.8,1,12
239,8,2,0,412.3,1,12
240,8,4,0,142.6,1,5
241,8,6,0,637.05,1,17
242,8,9,0,767.25,1,21
243,8,10,0,714.55,1,19
244,8,11,0,545.6,1,15
245,8,12,0,460.35,1,13
246,8,14,0,328.6,1,10
247,8,15,0,883.5,1,23
248,8,17,0,427.8,1,12
249,8,18,0,542.5,1,15
250,8,19,0,240.25,1,7
251,8,20,0,444.85,1,13
252,8,22,0,203.05,1,7
253,8,23,0,536.3,1,15
254,8,24,0,801.35,1,21
255,9,0,0,379.75,1,11
256,9,2,0,229.4,1,7
257,9,3,0,685.1,1,18
258,9,4,0,624.65,1,17
259,9,5,0,198.4,1,6
260,9,6,0,141.05,1,5
261,9,8,0,767.25,1,21
262,9,10,0,1069.5,1,28
263,9,11,0,297.6,1,8
264,9,12,0,753.3,1,20
265,9,13,0,469.65,1,12
266,9,14,0,652.55,1,18
267,9,15,0,1112.9,1,29
268,9,16,0,706.8,1,19
269,9,17,0,646.35,1,18
270,9,18,0,711.45,1,18
271,9,19,0,954.8,1,25
272,9,20,0,279,1,8
273,9,21,0,723.85,1,19
274,9,22,0,576.6,1,16
275,9,23,0,891.25,1,24
276,9,24,0,1019.9,1,27
277,10,0,0,931.55,1,25
278,10,2,0,872.65,1,23
279,10,3,0,995.1,1,26
280,10,4,0,838.55,1,22
281,10,6,0,939.3,1,25
282,10,8,0,714.55,1,19
283,10,9,0,1069.5,1,28
284,10,11,0,1133.05,1,30
285,10,12,0,1086.55,1,28
286,10,13,0,483.6,1,12
287,10,14,0,970.3,1,26
288,10,15,0,224.75,1,7
289,10,16,0,872.65,1,23
290,10,17,0,334.8,1,9
291,10,18,0,306.9,1,9
292,10,19,0,909.85,1,24
293,10,20,0,714.55,1,19
294,10,21,0,623.1,1,16
295,10,22,0,623.1,1,17
296,10,24,0,286.75,1,8
297,11,0,0,158.1,1,5
298,11,2,0,182.9,1,6
299,11,3,0,477.4,1,13
300,11,4,0,406.1,1,12
301,11,5,0,320.85,1,9
302,11,6,0,165.85,1,5
303,11,8,0,545.6,1,15
304,11,9,0,297.6,1,9
305,11,10,0,1133.05,1,30
306,11,12,0,523.9,1,14
307,11,14,0,770.35,1,21
308,11,15,0,1112.9,1,29
309,11,16,0,488.25,1,14
310,11,17,0,798.25,1,21
311,11,18,0,832.35,1,21
312,11,19,0,748.65,1,20
313,11,20,0,406.1,1,11
314,11,21,0,649.45,1,18
315,11,22,0,499.1,1,14
316,11,23,0,852.5,1,23
317,11,24,0,1021.45,1,27
318,12,0,0,401.45,1,11
319,12,2,0,582.8,1,16
320,12,4,0,331.7,1,10
321,12,6,0,623.1,1,17
322,12,8,0,460.35,1,13
323,12,9,0,753.3,1,20
324,12,10,0,1086.55,1,28
325,12,11,0,523.9,1,14
326,12,13,0,776.55,1,20
327,12,14,0,550.25,1,15
328,12,15,0,1233.8,1,32
329,12,16,0,296.05,1,9
330,12,17,0,776.55,1,21
331,12,18,0,1038.5,1,27
332,12,19,0,523.9,1,14
333,12,20,0,637.05,1,17
334,12,21,0,554.9,1,15
335,12,22,0,556.45,1,15
336,12,23,0,919.15,1,24
337,12,24,0,1137.7,1,30
338,13,2,0,390.6,1,11
339,13,4,0,427.8,1,12
340,13,8,0,415.4,1,11
341,13,9,0,469.65,1,12
342,13,14,0,655.65,1,17
343,13,16,0,530.1,1,14
344,14,0,0,632.4,1,17
345,14,2,0,790.5,1,21
346,14,4,0,410.75,1,12
347,14,6,0,840.1,1,22
348,14,8,0,328.6,1,10
349,14,9,0,652.55,1,18
350,14,10,0,970.3,1,26
351,14,11,0,770.35,1,21
352,14,12,0,550.25,1,15
353,14,13,0,655.65,1,17
354,14,15,0,1106.7,1,28
355,14,16,0,272.8,1,8
356,14,17,0,671.15,1,18
357,14,18,0,798.25,1,20
358,14,20,0,852.5,1,23
359,14,22,0,527,1,15
360,14,23,0,818.4,1,20
361,14,24,0,995.1,1,26
362,15,0,0,1063.3,1,28
363,15,2,0,940.85,1,25
364,15,3,0,1224.5,1,32
365,15,4,0,970.3,1,26
366,15,6,0,982.7,1,26
367,15,8,0,883.5,1,23
368,15,9,0,1112.9,1,29
369,15,10,0,224.75,1,7
370,15,11,0,1112.9,1,29
371,15,12,0,1233.8,1,32
372,15,14,0,1106.7,1,28
373,15,16,0,1027.65,1,27
374,15,17,0,454.15,1,12
375,15,19,0,1023,1,27
376,15,20,0,757.95,1,19
377,15,22,0,733.15,1,19
378,15,24,0,110.05,1,4
379,16,0,0,367.35,1,11
380,16,2,0,475.85,1,13
381,16,4,0,147.25,1,5
382,16,6,0,576.6,1,16
383,16,7,0,155,1,5
384,16,9,0,706.8,1,19
385,16,10,0,872.65,1,23
386,16,11,0,488.25,1,14
387,16,12,0,296.05,1,8
388,16,14,0,272.8,1,8
389,16,15,0,1027.65,1,27
390,16,17,0,570.4,1,16
391,16,18,0,686.65,1,19
392,16,19,0,251.1,1,7
393,16,20,0,525.45,1,15
394,16,22,0,302.25,1,9
395,16,23,0,692.85,1,19
396,16,24,0,951.7,1,25
397,17,0,0,596.75,1,16
398,17,2,0,568.85,1,16
399,17,3,0,764.15,1,20
400,17,4,0,503.75,1,14
401,17,5,0,530.1,1,14
402,17,6,0,615.35,1,17
403,17,8,0,427.8,1,12
404,17,9,0,649.45,1,18
405,17,10,0,334.8,1,10
406,17,11,0,798.25,1,21
407,17,12,0,776.55,1,21
408,17,14,0,671.15,1,17
409,17,15,0,454.15,1,12
410,17,16,0,570.4,1,16
411,17,19,0,581.25,1,16
412,17,20,0,373.55,1,10
413,17,22,0,294.5,1,8
414,17,23,0,153.45,1,5
415,17,24,0,362.7,1,10
416,18,0,0,719.2,1,19
417,18,2,0,638.6,1,17
418,18,3,0,833.9,1,22
419,18,4,0,624.65,1,17
420,18,5,0,660.3,1,16
421,18,6,0,685.1,1,18
422,18,8,0,542.5,1,15
423,18,9,0,711.45,1,18
424,18,11,0,832.35,1,21
425,18,12,0,1038.5,1,27
426,18,14,0,798.25,1,21
427,18,16,0,686.65,1,19
428,18,20,0,438.65,1,12
429,19,0,0,615.35,1,17
430,19,2,0,643.25,1,17
431,19,4,0,390.6,1,11
432,19,6,0,824.6,1,22
433,19,9,0,954.8,1,25
434,19,10,0,909.85,1,24
435,19,11,0,748.65,1,20
436,19,12,0,523.9,1,14
437,19,13,0,565.75,1,14
438,19,15,0,1023,1,27
439,19,16,0,251.1,1,7
440,19,17,0,581.25,1,16
441,19,18,0,709.9,1,18
442,19,20,0,764.15,1,20
443,19,22,0,437.1,1,12
444,19,23,0,728.5,1,18
445,19,24,0,942.4,1,25
446,20,0,0,361.15,1,10
447,20,2,0,207.7,1,7
448,20,3,0,620,1,17
449,20,4,0,413.85,1,12
450,20,5,0,178.25,1,6
451,20,6,0,243.35,1,7
452,20,8,0,444.85,1,13
453,20,9,0,279,1,8
454,20,10,0,714.55,1,19
455,20,11,0,406.1,1,11
456,20,12,0,637.05,1,17
457,20,14,0,878.85,1,23
458,20,15,0,757.95,1,19
459,20,16,0,525.45,1,15
460,20,17,0,373.55,1,11
461,20,18,0,438.65,1,12
462,20,19,0,764.15,1,20
463,20,21,0,466.55,1,13
464,20,22,0,272.8,1,8
465,20,24,0,641.7,1,17
466,21,0,0,444.85,1,13
467,21,2,0,424.7,1,12
468,21,4,0,263.5,1,8
469,21,6,0,593.65,1,16
470,21,9,0,723.85,1,19
471,21,10,0,623.1,1,16
472,21,11,0,646.35,1,18
473,21,12,0,554.9,1,15
474,21,16,0,305.35,1,9
475,21,20,0,466.55,1,13
476,21,22,0,142.6,1,5
477,21,24,0,651,1,18
478,22,0,0,297.6,1,9
479,22,2,0,308.45,1,10
480,22,4,0,204.6,1,7
481,22,6,0,446.4,1,13
482,22,8,0,203.05,1,6
483,22,9,0,576.6,1,16
484,22,10,0,623.1,1,17
485,22,11,0,499.1,1,14
486,22,12,0,556.45,1,15
487,22,14,0,527,1,15
488,22,15,0,733.15,1,19
489,22,16,0,302.25,1,9
490,22,17,0,294.5,1,8
491,22,18,0,404.55,1,10
492,22,19,0,437.1,1,12
493,22,20,0,272.8,1,9
494,22,21,0,142.6,1,5
495,22,23,0,432.45,1,11
496,22,24,0,643.25,1,17
497,23,0,0,739.35,1,20
498,23,2,0,716.1,1,19
499,23,3,0,888.15,1,23
500,23,4,0,646.35,1,18
501,23,6,0,761.05,1,20
502,23,8,0,536.3,1,15
503,23,9,0,891.25,1,24
504,23,11,0,852.5,1,23
505,23,12,0,919.15,1,24
506,23,14,0,818.4,1,20
507,23,16,0,692.85,1,19
508,23,19,0,728.5,1,18
509,23,20,0,522.35,1,14
510,23,22,0,432.45,1,11
511,24,0,0,957.9,1,25
512,24,2,0,847.85,1,23
513,24,3,0,1108.25,1,29
514,24,4,0,861.8,1,23
515,24,6,0,877.3,1,23
516,24,8,0,801.35,1,21
517,24,9,0,1019.9,1,27
518,24,10,0,286.75,1,8
519,24,11,0,1021.45,1,27
520,24,12,0,1137.7,1,30
521,24,14,0,995.1,1,26
522,24,15,0,110.05,1,4
523,24,16,0,951.7,1,25
524,24,17,0,362.7,1,10
525,24,19,0,942.4,1,25
526,24,20,0,641.7,1,17
527,24,21,0,651,1,16
528,24,22,0,643.25,1,17
PATHS,600
Index,Shipment origin,Shipment destination,1st terminal on path,2nd terminal on path,.....,6th terminal on path
0,0,1,0,1
1,0,2,0,1,2
2,0,3,0,1,3
3,0,4,0,1,4
4,0,5,0,1,5
5,0,6,0,1,6
6,0,7,0,1,7
7,0,8,0,1,8
8,0,9,0,1,9
9,0,10,0,1,10
10,0,11,0,1,11
11,0,12,0,1,12
12,0,13,0,1,13
13,0,14,0,1,14
14,0,15,0,1,15
15,0,16,0,1,16
16,0,17,0,1,17
17,0,18,0,1,18
18,0,19,0,1,19
19,0,20,0,1,20
20,0,21,0,1,21
21,0,22,0,1,22
22,0,23,0,1,23
23,0,24,0,1,24
24,1,0,1,0
25,1,2,1,2
26,1,3,1,3
27,1,4,1,4
28,1,5,1,5
29,1,6,1,6
30,1,7,1,7
31,1,8,1,8
32,1,9,1,9
33,1,10,1,10
34,1,11,1,11
35,1,12,1,12
36,1,13,1,13
37,1,14,1,14
38,1,15,1,15
39,1,16,1,16
40,1,17,1,17
41,1,18,1,18
42,1,19,1,19
43,1,20,1,20
44,1,21,1,21
45,1,22,1,22
46,1,23,1,23
47,1,24,1,24
48,2,0,2,1,0
49,2,1,2,1
50,2,3,2,1,3
51,2,4,2,1,4
52,2,5,2,1,5
53,2,6,2,1,6
54,2,8,2,1,8
55,2,7,2,1,7
56,2,9,2,1,9
57,2,10,2,1,10
58,2,11,2,1,11
59,2,12,2,1,12
60,2,13,2,1,13
61,2,14,2,1,14
62,2,15,2,1,15
63,2,16,2,1,16
64,2,17,2,1,17
65,2,18,2,1,18
66,2,19,2,1,19
67,2,20,2,1,20
68,2,21,2,1,21
69,2,22,2,1,22
70,2,23,2,1,23
71,2,24,2,1,24
72,3,0,3,1,0
73,3,1,3,1
74,3,2,3,1,2
75,3,4,3,4
76,3,5,3,1,5
77,3,6,3,1,6
78,3,7,3,1,7
79,3,8,3,8
80,3,9,3,1,9
81,3,10,3,13,10
82,3,11,3,1,11
83,3,12,3,12
84,3,13,3,13
85,3,14,3,14
86,3,15,3,13,15
87,3,16,3,16
88,3,17,3,13,17
89,3,18,3,13,18
90,3,19,3,19
91,3,20,3,1,20
92,3,21,3,21
93,3,22,3,22
94,3,23,3,21,23
95,3,24,3,13,24
96,4,0,4,1,0
97,4,1,4,1
98,4,2,4,1,2
99,4,3,4,3
100,4,5,4,1,5
101,4,6,4,1,6
102,4,7,4,1,7
103,4,8,4,1,8
104,4,9,4,1,9
105,4,10,4,1,10
106,4,11,4,1,11
107,4,12,4,3,12
108,4,13,4,1,13
109,4,14,4,3,14
110,4,15,4,1,15
111,4,16,4,3,16
112,4,17,4,1,17
113,4,18,4,1,18
114,4,19,4,3,19
115,4,20,4,1,20
116,4,21,4,1,21
117,4,22,4,1,22
118,4,23,4,1,23
119,4,24,4,1,24
120,5,0,5,1,0
121,5,1,5,1
122,5,2,5,1,2
123,5,3,5,1,3
124,5,4,5,1,4
125,5,6,5,1,6
126,5,7,5,1,7
127,5,8,5,1,8
128,5,9,5,1,9
129,5,10,5,13,10
130,5,11,5,1,11
131,5,12,5,1,12
132,5,13,5,13
133,5,14,5,1,14
134,5,15,5,13,15
135,5,16,5,1,16
136,5,17,5,13,17
137,5,18,5,13,18
138,5,19,5,13,21,19
139,5,20,5,13,20
140,5,21,5,13,21
141,5,22,5,1,22
142,5,23,5,13,23
143,5,24,5,13,24
144,6,0,6,1,0
145,6,1,6,1
146,6,2,6,1,2
147,6,3,6,1,3
148,6,4,6,1,4
149,6,5,6,1,5
150,6,7,6,1,7
151,6,8,6,1,8
152,6,9,6,1,9
153,6,10,6,1,10
154,6,11,6,1,11
155,6,12,6,1,12
156,6,13,6,1,13
157,6,14,6,1,14
158,6,15,6,1,15
159,6,16,6,1,16
160,6,17,6,1,17
161,6,18,6,1,18
162,6,19,6,1,19
163,6,20,6,1,20
164,6,21,6,1,21
165,6,22,6,1,22
166,6,23,6,1,23
167,6,24,6,1,24
168,7,0,7,1,0
169,7,1,7,1
170,7,2,7,1,2
171,7,3,7,3
172,7,4,7,4
173,7,5,7,1,5
174,7,6,7,3,6
175,7,8,7,3,8
176,7,9,7,1,9
177,7,10,7,1,9
178,7,11,7,3,11
179,7,12,7,4,12
180,7,13,7,4,13
181,7,14,7,4,14
182,7,15,7,4,15
183,7,16,7,4,16
184,7,17,7,1,17
185,7,18,7,1,18
186,7,19,7,1,19
187,7,20,7,1,20
188,7,21,7,1,21
189,7,22,7,1,22
190,7,23,7,1,23
191,7,24,7,1,24
192,8,0,8,1,0
193,8,1,8,1
194,8,2,8,1,2
195,8,3,8,3
196,8,4,8,1,4
197,8,5,8,1,5
198,8,6,8,1,6
199,8,7,8,1,7
200,8,9,8,1,9
201,8,10,8,21,23,10
202,8,11,8,1,11
203,8,12,8,3,12
204,8,13,8,21,13
205,8,14,8,21,14
206,8,15,8,21,13,15
207,8,16,8,3,16
208,8,17,8,21,17
209,8,18,8,21,18
210,8,19,8,21,19
211,8,20,8,1,20
212,8,21,8,21
213,8,22,8,1,22
214,8,23,8,21,23
215,8,24,8,21,13,24
216,9,0,9,1,0
217,9,1,9,1
218,9,2,9,1,2
219,9,3,9,1,3
220,9,4,9,1,4
221,9,5,9,1,5
222,9,6,9,1,6
223,9,7,9,1,7
224,9,8,9,1,8
225,9,10,9,1,10
226,9,11,9,1,11
227,9,12,9,1,12
228,9,13,9,1,13
229,9,14,9,1,14
230,9,15,9,1,15
231,9,16,9,1,16
232,9,17,9,1,17
233,9,18,9,1,18
234,9,19,9,1,19
235,9,20,9,1,20
236,9,21,9,1,21
237,9,22,9,1,22
238,9,23,9,1,23
239,9,24,9,1,24
240,10,0,10,1,0
241,10,1,10,1
242,10,2,10,1,2
243,10,3,10,1,3
244,10,4,10,1,4
245,10,5,10,23,13,5
246,10,6,10,23,13,6
247,10,7,10,1,7
248,10,8,10,23,21,8
249,10,9,10,1,9
250,10,11,10,1,11
251,10,12,10,1,12
252,10,13,10,23,13
253,10,14,10,23,21,14
254,10,15,10,23,15
255,10,16,10,1,16
256,10,17,10,23,17
257,10,18,10,23,18
258,10,19,10,23,21,19
259,10,20,10,23,13,20
260,10,21,10,23,21
261,10,22,10,23,22
262,10,23,10,23
263,10,24,10,23,24
264,11,0,11,1,0
265,11,1,11,1
266,11,2,11,1,2
267,11,3,11,1,3
268,11,4,11,1,4
269,11,5,11,1,5
270,11,6,11,1,6
271,11,7,11,1,7
272,11,8,11,1,8
273,11,9,11,1,9
274,11,10,11,13,10
275,11,12,11,1,12
276,11,13,11,13
277,11,14,11,1,14
278,11,15,11,13,15
279,11,16,11,1,16
280,11,17,11,13,17
281,11,18,11,13,18
282,11,19,11,1,19
283,11,20,11,1,20
284,11,21,11,1,21
285,11,22,11,1,22
286,11,23,11,13,23
287,11,24,11,13,24
288,12,0,12,1,0
289,12,1,12,1
290,12,2,12,1,2
291,12,3,12,3
292,12,4,12,3,4
293,12,5,12,1,5
294,12,6,12,1,6
295,12,7,12,1,7
296,12,8,12,3,8
297,12,9,12,1,9
298,12,10,12,1,10
299,12,11,12,1,11
300,12,13,12,3,13
301,12,14,12,3,14
302,12,15,12,1,15
303,12,16,12,3,16
304,12,17,12,1,17
305,12,18,12,1,18
306,12,19,12,3,19
307,12,20,12,1,20
308,12,21,12,3,21
309,12,22,12,3,22
310,12,23,12,1,23
311,12,24,12,1,24
312,13,0,13,1,0
313,13,1,13,1
314,13,2,13,1,2
315,13,3,13,3
316,13,4,13,4
317,13,5,13,5
318,13,6,13,6
319,13,7,13,1,7
320,13,8,13,21,8
321,13,9,13,1,9
322,13,10,13,10
323,13,11,13,11
324,13,12,13,3,12
325,13,14,13,21,14
326,13,15,13,15
327,13,16,13,1,16
328,13,17,13,17
329,13,18,13,18
330,13,19,13,21,19
331,13,20,13,20
332,13,21,13,21
333,13,22,13,22
334,13,23,13,23
335,13,24,13,24
336,14,0,14,1,0
337,14,1,14,1
338,14,2,14,1,2
339,14,3,14,3
340,14,4,14,3,4
341,14,5,14,1,5
342,14,6,14,1,6
343,14,7,14,1,7
344,14,8,14,3,8
345,14,9,14,1,9
346,14,10,14,21,23,10
347,14,11,14,1,11
348,14,12,14,3,12
349,14,13,14,21,13
350,14,15,14,21,13,15
351,14,16,14,3,16
352,14,17,14,21,17
353,14,18,14,21,18
354,14,19,14,1,19
355,14,20,14,1,20
356,14,21,14,21
357,14,22,14,1,22
358,14,23,14,21,23
359,14,24,14,21,13,24
360,15,0,15,1,0
361,15,1,15,1
362,15,2,15,1,2
363,15,3,15,13,3
364,15,4,15,1,4
365,15,5,15,13,5
366,15,6,15,13,6
367,15,7,15,1,7
368,15,8,15,21,8
369,15,9,15,1,9
370,15,10,15,10
371,15,11,15,1,11
372,15,12,15,1,12
373,15,13,15,13
374,15,14,15,21,14
375,15,16,15,1,16
376,15,17,15,17
377,15,18,15,18
378,15,19,15,21,19
379,15,20,15,13,20
380,15,21,15,21
381,15,22,15,13,22
382,15,23,15,23
383,15,24,15,24
384,16,0,16,1,0
385,16,1,16,1
386,16,2,16,1,2
387,16,3,16,3
388,16,4,16,3,4
389,16,5,16,1,5
390,16,6,16,1,6
391,16,7,16,1,7
392,16,8,16,3,8
393,16,9,16,1,9
394,16,10,16,13,10
395,16,11,16,1,11
396,16,12,16,3,12
397,16,13,16,13
398,16,14,16,3,14
399,16,15,16,13,15
400,16,17,16,13,17
401,16,18,16,13,18
402,16,19,16,3,19
403,16,20,16,1,20
404,16,21,16,21
405,16,22,16,3,22
406,16,23,16,13,23
407,16,24,16,13,24
408,17,0,17,1,0
409,17,1,17,1
410,17,2,17,1,2
411,17,3,17,13,3
412,17,4,17,1,4
413,17,5,17,13,5
414,17,6,17,13,6
415,17,7,17,1,7
416,17,8,17,21,8
417,17,9,17,1,9
418,17,10,17,13,10
419,17,11,17,1,11
420,17,12,17,1,12
421,17,13,17,13
422,17,14,17,21,14
423,17,15,17,13,15
424,17,16,17,1,16
425,17,18,17,18
426,17,19,17,21,19
427,17,20,17,13,20
428,17,21,17,21
429,17,22,17,13,22
430,17,23,17,13,23
431,17,24,17,13,24
432,18,0,18,1,0
433,18,1,18,1
434,18,2,18,1,2
435,18,3,18,13,3
436,18,4,18,1,4
437,18,5,18,13,5
438,18,6,18,13,6
439,18,7,18,1,7
440,18,8,18,21,8
441,18,9,18,13,1,9
442,18,10,18,10
443,18,11,18,1,11
444,18,12,18,1,12
445,18,13,18,13
446,18,14,18,21,14
447,18,15,18,15
448,18,16,18,1,16
449,18,17,18,17
450,18,19,18,21,19
451,18,20,18,13,20
452,18,21,18,21
453,18,22,18,13,22
454,18,23,18,23
455,18,24,18,24
456,19,0,19,1,0
457,19,1,19,1
458,19,2,19,1,2
459,19,3,19,3
460,19,4,19,3,4
461,19,5,19,1,5
462,19,6,19,1,6
463,19,7,19,1,7
464,19,8,19,21,8
465,19,9,19,1,9
466,19,10,19,1,10
467,19,11,19,1,11
468,19,12,19,3,12
469,19,13,19,21,13
470,19,14,19,1,14
471,19,15,19,21,13,15
472,19,16,19,3,16
473,19,17,19,21,17
474,19,18,19,21,18
475,19,20,19,1,20
476,19,21,19,21
477,19,22,19,1,22
478,19,23,19,21,23
479,19,24,19,21,13,24
480,20,0,20,1,0
481,20,1,20,1
482,20,2,20,1,2
483,20,3,20,1,3
484,20,4,20,1,4
485,20,5,20,1,5
486,20,6,20,1,6
487,20,7,20,1,7
488,20,8,20,1,8
489,20,9,20,1,9
490,20,10,20,13,10
491,20,11,20,1,11
492,20,12,20,1,12
493,20,13,20,13
494,20,14,20,1,14
495,20,15,20,13,15
496,20,16,20,1,16
497,20,17,20,13,17
498,20,18,20,13,18
499,20,19,20,1,19
500,20,21,20,1,21
501,20,22,20,13,22
502,20,23,20,13,23
503,20,24,20,13,24
504,21,0,21,1,0
505,21,1,21,1
506,21,2,21,1,2
507,21,3,21,3
508,21,4,21,1,4
509,21,5,21,13,5
510,21,6,21,13,6
511,21,7,21,1,7
512,21,8,21,8
513,21,9,21,1,9
514,21,10,21,23,10
515,21,11,21,1,11
516,21,12,21,3,12
517,21,13,21,13
518,21,14,21,14
519,21,15,21,13,15
520,21,16,21,3,16
521,21,17,21,17
522,21,18,21,18
523,21,19,21,19
524,21,20,21,1,20
525,21,22,21,1,22
526,21,23,21,23
527,21,24,21,13,24
528,22,0,22,1,0
529,22,1,22,1
530,22,2,22,1,2
531,22,3,22,3
532,22,4,22,1,4
533,22,5,22,13,5
534,22,6,22,1,6
535,22,7,22,1,7
536,22,8,22,1,8
537,22,9,22,1,9
538,22,10,22,13,10
539,22,11,22,1,11
540,22,12,22,3,12
541,22,13,22,13
542,22,14,22,1,14
543,22,15,22,13,15
544,22,16,22,1,16
545,22,17,22,13,17
546,22,18,22,13,18
547,22,19,22,1,19
548,22,20,22,13,20
549,22,21,22,1,21
550,22,23,22,13,23
551,22,24,22,13,24
552,23,0,23,1,0
553,23,1,23,1
554,23,2,23,1,2
555,23,3,23,1,3
556,23,4,23,1,4
557,23,5,23,13,5
558,23,6,23,13,6
559,23,7,23,1,7
560,23,8,23,21,8
561,23,9,23,1,9
562,23,10,23,10
563,23,11,23,1,11
564,23,12,23,1,12
565,23,13,23,13
566,23,14,23,21,14
567,23,15,23,15
568,23,16,23,1,16
569,23,17,23,17
570,23,18,23,18
571,23,19,23,21,19
572,23,20,23,13,20
573,23,21,23,21
574,23,22,23,22
575,23,24,23,24
576,24,0,24,1,0
577,24,1,24,1
578,24,2,24,1,2
579,24,3,24,13,3
580,24,4,24,1,4
581,24,5,24,13,5
582,24,6,24,13,6
583,24,7,24,1,7
584,24,8,24,18,21,8
585,24,9,24,13,1,9
586,24,10,24,23,10
587,24,11,24,13,11
588,24,12,24,1,12
589,24,13,24,13
590,24,14,24,18,21,14
591,24,15,24,15
592,24,16,24,1,16
593,24,17,24,13,17
594,24,18,24,18
595,24,19,24,18,21,19
596,24,20,24,13,20
597,24,21,24,18,21
598,24,22,24,13,22
599,24,23,24,23
COMMODITIES,450
Index,Origin,Destination,Demand/Size,Earliest available time,Latest delivery time
0,22,9,0.185381,38,94
1,5,1,0.277896,40,91
2,12,10,0.801789,136,208
3,21,19,0.365247,90,134
4,12,10,0.816092,138,210
5,11,4,0.158273,42,92
6,17,10,0.550369,184,238
7,14,16,0.13686,134,186
8,24,6,0.362622,134,193
9,10,15,0.268659,232,285
10,24,12,0.04027,42,112
11,19,8,0.441839,40,89
12,1,5,0.531085,232,283
13,0,16,0.6898,42,91
14,21,0,0.0884743,88,140
15,1,5,0.612267,230,281
16,19,22,0.348696,88,145
17,5,4,0.194335,38,95
18,20,23,0.0955208,232,283
19,10,15,0.676619,40,93
20,17,20,0.308551,138,186
21,21,20,0.00726914,136,193
22,14,4,0.243614,90,145
23,15,10,0.174518,40,83
24,24,20,0.0321831,184,237
25,13,0,0.604605,42,96
26,1,19,0.892377,232,281
27,0,1,0.0228174,184,225
28,11,4,0.24267,186,236
29,14,9,0.499391,40,104
30,11,12,0.472446,88,142
31,0,4,0.032913,40,87
32,0,24,0.517307,86,151
33,15,17,0.240012,182,230
34,5,17,0.37818,88,140
35,16,6,0.104021,182,235
36,23,5,0.910504,230,285
37,8,4,0.00834427,42,93
38,14,23,0.411547,136,193
39,20,15,0.463727,88,144
40,21,11,0.0557861,138,193
41,14,15,0.85456,88,156
42,24,22,0.663912,232,286
43,5,12,0.0174391,86,147
44,3,0,0.444287,182,231
45,22,4,0.0320878,136,186
46,17,10,0.556104,230,284
47,15,13,0.638502,136,188
48,18,3,0.0611837,136,201
49,20,2,0.234681,182,235
50,23,15,0.801953,86,133
51,3,22,0.713736,88,137
52,8,4,0.0091194,232,283
53,11,16,0.365407,182,234
54,4,13,0.326935,90,146
55,12,15,0.433547,88,158
56,5,4,0.20518,90,147
57,21,11,0.0520817,38,93
58,8,1,0.0648214,138,183
59,22,1,0.650256,184,228
60,11,13,0.124595,42,94
61,0,24,0.544373,186,251
62,23,4,0.343465,134,193
63,12,23,0.0679566,134,198
64,16,20,0.206194,230,284
65,16,1,0.688776,38,82
66,4,16,0.469586,230,279
67,11,16,0.400367,230,282
68,21,11,0.0531764,232,287
69,14,5,0.34786,42,109
70,0,22,0.266148,136,185
71,3,21,0.0678103,230,280
72,3,9,0.571123,86,142
73,8,2,0.0335676,138,190
74,1,18,0.363212,232,286
75,22,6,0.319733,136,189
76,16,10,0.02843,182,247
77,20,18,0.286488,138,187
78,15,17,0.86833,232,280
79,19,11,0.714481,40,97
80,13,1,0.874946,138,187
81,15,14,0.559868,40,106
82,24,2,0.390071,40,107
83,18,1,0.627305,230,283
84,15,1,0.707056,86,146
85,1,8,0.43694,182,227
86,8,15,0.0425879,88,151
87,10,22,0.0705194,42,95
88,8,16,0.0115092,232,282
89,19,1,0.388613,136,185
90,24,15,0.320772,88,128
91,3,9,0.742414,88,144
92,2,20,0.922841,182,235
93,1,14,0.637808,136,188
94,20,1,0.0784772,90,136
95,20,3,0.358815,134,188
96,3,15,0.189198,138,208
97,16,4,0.902352,42,91
98,24,13,0.479036,230,277
99,14,8,0.320158,182,238
100,5,24,0.0659722,136,193
101,17,23,0.844122,232,283
102,8,13,0.320002,88,137
103,22,21,0.463781,134,189
104,1,3,0.165702,86,130
105,23,20,0.0250624,234,285
106,20,16,0.015244,90,144
107,23,19,0.451402,40,97
108,17,10,0.504312,134,188
109,18,8,0.321236,186,238
110,13,1,0.392209,86,135
111,20,4,0.00709483,86,138
112,13,21,0.407209,232,276
113,23,20,0.983925,184,235
114,10,15,0.199415,38,91
115,0,20,0.80481,184,235
116,12,22,0.232348,182,236
117,22,24,0.404649,134,188
118,12,21,0.351761,134,189
119,15,1,0.845051,38,98
120,16,11,0.648793,230,282
121,15,23,0.195136,40,87
122,18,10,0.903989,186,232
123,23,20,0.0294078,38,89
124,10,23,0.944463,38,80
125,18,12,0.449316,134,197
126,21,15,0.0744719,86,144
127,12,18,0.135518,90,154
128,21,15,0.0822261,40,98
129,23,2,0.0849099,186,246
130,24,17,0.70197,230,283
131,3,2,0.821171,182,233
132,12,6,0.138325,134,189
133,18,20,0.0622796,134,183
134,11,10,0.307306,88,152
135,8,5,0.0419672,40,100
136,14,0,0.763132,134,191
137,18,0,0.256523,42,100
138,23,18,0.818352,86,126
139,12,21,0.342841,136,191
140,18,13,0.494965,182,225
141,20,4,0.00786056,230,282
142,1,13,0.211121,86,136
143,20,22,0.240186,136,185
144,23,20,0.034163,86,137
145,15,3,0.401121,134,208
146,21,22,0.0214008,86,141
147,2,1,0.0689275,234,277
148,23,19,0.462775,186,243
149,21,11,0.0486688,136,191
150,6,18,0.033325,42,105
151,16,14,0.0738588,138,190
152,13,21,0.448933,184,228
153,0,20,0.741622,38,89
154,1,8,0.559581,230,275
155,18,12,0.380563,40,103
156,19,13,0.562444,136,188
157,13,21,0.321855,230,274
158,21,22,0.0216205,88,143
159,3,15,0.200353,86,156
160,24,20,0.129817,88,141
161,19,23,0.794613,138,193
162,11,19,0.330144,88,145
163,8,16,0.0112209,136,186
164,24,20,0.109739,86,139
165,12,22,0.19329,234,288
166,10,13,0.803188,184,235
167,10,20,0.0902479,88,145
168,3,20,0.0729088,230,284
169,13,10,0.27665,234,282
170,17,15,0.216562,186,242
171,4,21,0.0124444,232,285
172,16,20,0.225124,232,286
173,3,11,0.331606,42,94
174,0,8,0.409365,42,92
175,1,10,0.393131,184,246
176,2,8,0.515367,136,188
177,0,17,0.209214,182,239
178,24,8,0.0628696,136,195
179,19,24,0.453396,184,247
180,6,1,0.932498,138,183
181,24,11,0.69953,42,106
182,19,24,0.490392,88,151
183,0,3,0.323011,182,231
184,16,15,0.535168,42,109
185,0,19,0.278559,42,96
186,21,23,0.374362,136,183
187,0,3,0.350976,230,279
188,17,22,0.152844,186,235
189,0,9,0.152903,138,191
190,18,12,0.397835,90,153
191,20,23,0.107727,234,285
192,8,17,0.541184,230,279
193,22,21,0.458438,90,145
194,10,16,0.09841,90,157
195,12,20,0.72624,90,146
196,11,14,0.445532,182,242
197,18,19,0.6432,40,95
198,17,11,0.108528,134,192
199,23,14,0.608794,90,149
200,4,14,0.498024,86,141
201,11,10,0.298725,186,250
202,19,18,0.0814478,86,143
203,12,23,0.0673155,42,106
204,15,1,0.436462,136,196
205,18,2,0.432202,38,98
206,1,21,0.118053,86,133
207,15,12,0.897483,38,108
208,12,6,0.154538,184,239
209,23,8,0.832683,38,92
210,17,5,0.245989,38,90
211,16,3,0.217501,136,177
212,15,10,0.619087,232,275
213,5,18,0.604242,136,189
214,23,8,0.82628,184,238
215,1,23,0.251688,184,238
216,1,19,0.743924,234,283
217,2,15,0.391977,134,201
218,3,6,0.989806,234,287
219,12,22,0.229931,38,92
220,0,21,0.398301,134,186
221,16,1,0.904039,40,84
222,15,3,0.396676,40,114
223,5,3,0.640405,38,97
224,17,8,0.190419,230,279
225,0,19,0.250315,234,288
226,17,0,0.00829272,230,285
227,20,15,0.431388,134,190
228,16,19,0.567552,232,284
229,24,15,0.00696351,86,126
230,1,19,0.566288,42,91
231,15,16,0.390132,38,106
232,2,19,0.32856,42,98
233,1,16,0.040539,134,178
234,1,21,0.485761,38,85
235,23,16,0.219267,38,99
236,11,1,0.530011,42,86
237,4,6,0.0655495,186,237
238,14,20,0.102772,38,100
239,24,13,0.755134,86,133
240,24,15,0.394752,182,222
241,15,23,0.0328462,42,89
242,19,18,0.0390654,138,195
243,19,3,0.250192,184,231
244,22,6,0.286397,42,95
245,15,16,0.38453,184,252
246,13,6,0.832951,232,280
247,20,3,0.371275,40,94
248,12,23,0.0705975,138,202
249,1,19,0.822129,40,89
250,24,18,0.932943,186,229
251,24,20,0.0296642,186,239
252,0,8,0.395317,134,184
253,20,14,0.377008,186,248
254,15,6,0.196777,90,154
255,0,22,0.2666,90,139
256,0,23,0.947074,38,97
257,18,14,0.154945,38,95
258,3,13,0.431588,134,190
259,13,23,0.501497,230,275
260,3,0,0.310251,232,281
261,0,6,0.122511,134,184
262,1,16,0.308315,40,84
263,1,8,0.725538,90,135
264,19,17,0.266745,186,238
265,13,22,0.0125906,38,81
266,20,16,0.0137561,134,188
267,13,21,0.338223,40,84
268,11,23,0.663919,88,149
269,10,21,0.0428141,138,193
270,22,24,0.461976,182,236
271,16,1,0.422642,234,278
272,24,2,0.364024,86,153
273,12,2,0.113977,40,93
274,1,20,0.834683,90,136
275,16,11,0.761361,232,284
276,3,1,0.78821,40,84
277,20,14,0.324776,90,152
278,8,24,0.0270822,86,146
279,12,23,0.067995,38,102
280,15,10,0.737315,230,273
281,20,8,0.235879,230,285
282,3,13,0.577121,90,146
283,20,1,0.0627726,230,276
284,0,18,0.859527,134,193
285,21,14,0.00951717,232,278
286,1,12,0.923814,182,228
287,11,13,0.590288,234,286
288,2,3,0.311183,232,283
289,4,15,0.223554,42,108
290,22,12,0.467474,138,191
291,14,4,0.249223,230,285
292,10,2,0.0224987,182,248
293,14,1,0.644207,38,90
294,4,16,0.435009,182,231
295,23,20,0.952404,182,233
296,20,14,0.334205,134,196
297,3,16,0.322266,138,179
298,24,8,0.0611226,40,99
299,12,2,0.110027,234,287
300,2,8,0.506734,86,138
301,4,10,0.0535074,184,252
302,3,2,0.818786,40,91
303,24,0,0.0456849,136,201
304,15,0,0.402947,86,151
305,23,16,0.216055,88,149
306,3,2,0.860891,90,141
307,4,19,0.00875683,88,143
308,19,1,0.442097,234,283
309,20,19,0.430337,136,195
310,17,9,0.299078,88,150
311,20,19,0.477963,90,149
312,4,14,0.490019,134,189
313,14,21,0.801256,232,278
314,11,14,0.462038,138,198
315,0,17,0.219536,136,193
316,11,10,0.304813,42,106
317,22,18,0.740168,90,140
318,8,13,0.297485,90,139
319,4,14,0.470911,186,241
320,13,20,0.547447,40,82
321,3,1,0.57873,88,132
322,19,5,0.446338,42,106
323,13,0,0.675613,234,288
324,19,1,0.0871713,182,231
325,23,4,0.402072,90,149
326,12,3,0.364864,136,177
327,1,16,0.905032,184,228
328,16,8,0.966578,186,236
329,22,9,0.189045,138,194
330,10,22,0.0620713,182,235
331,14,4,0.229394,186,241
332,1,12,0.231904,40,86
333,23,4,0.401386,136,195
334,10,4,0.0151977,134,199
335,5,23,0.859218,186,241
336,18,21,0.445869,234,281
337,4,3,0.827251,138,182
338,3,1,0.464191,232,276
339,4,15,0.248084,38,104
340,21,19,0.381062,88,132
341,16,8,0.971942,138,188
342,13,19,0.40949,38,90
343,12,1,0.655241,42,88
344,15,20,0.0788049,42,100
345,1,10,0.751416,86,148
346,20,22,0.236046,90,139
347,22,6,0.296566,38,91
348,0,24,0.564013,182,247
349,21,3,0.174379,186,235
350,17,24,0.596092,182,235
351,21,0,0.0938423,134,186
352,3,10,0.0966079,90,158
353,18,2,0.427688,184,244
354,14,13,0.953477,230,284
355,11,18,0.806209,136,195
356,17,20,0.263899,38,86
357,24,13,0.979928,182,229
358,4,11,0.252255,86,136
359,15,1,0.724455,134,194
360,17,18,0.200515,90,131
361,15,23,0.842572,86,133
362,1,22,0.171045,186,230
363,8,17,0.455675,42,91
364,20,3,0.425709,182,236
365,0,22,0.265708,134,183
366,11,1,0.558424,138,182
367,0,16,0.763881,138,187
368,0,8,0.40415,40,90
369,23,3,0.952194,182,243
370,24,17,0.824983,182,235
371,19,12,0.0412707,182,234
372,1,23,0.238088,232,286
373,5,1,0.0247301,230,281
374,11,0,0.931913,184,233
375,21,8,0.482414,38,79
376,4,3,0.197592,134,178
377,10,15,0.44054,88,141
378,23,19,0.738598,136,193
379,14,17,0.0770325,88,142
380,10,19,0.40834,86,149
381,14,24,0.0359657,136,201
382,15,5,0.419017,42,104
383,1,16,0.802331,138,182
384,17,0,0.00822779,232,287
385,0,19,0.284896,134,188
386,22,24,0.429933,42,96
387,5,14,0.371144,86,153
388,3,0,0.314832,134,183
389,21,1,0.122422,88,135
390,22,6,0.329581,86,139
391,11,8,0.4069,88,141
392,15,0,0.403501,90,155
393,17,11,0.124732,86,144
394,21,19,0.366629,232,276
395,2,1,0.308364,42,85
396,23,18,0.554218,234,274
397,20,17,0.465112,136,184
398,14,0,0.850245,186,243
399,4,10,0.0544163,182,250
400,15,23,0.536908,38,85
401,10,22,0.0602896,88,141
402,22,24,0.430104,40,94
403,2,23,0.0936208,40,101
404,10,18,0.39966,232,278
405,18,22,0.0538294,182,232
406,14,24,0.0382558,90,155
407,17,1,0.146331,134,184
408,4,3,0.288464,186,230
409,18,19,0.63163,38,93
410,1,22,0.635006,138,182
411,1,19,0.0161913,182,231
412,22,12,0.452579,88,141
413,0,9,0.145481,230,283
414,11,17,0.344265,38,96
415,8,17,0.485532,40,89
416,23,14,0.405208,42,101
417,13,1,0.578534,38,87
418,10,23,0.652712,42,84
419,15,18,0.8145,90,136
420,24,22,0.797258,40,94
421,3,1,0.060606,182,226
422,20,1,0.0102763,138,184
423,17,14,0.00731286,182,236
424,18,14,0.229337,138,195
425,14,17,0.0910354,136,190
426,1,15,0.688789,86,146
427,21,17,0.400934,186,230
428,22,2,0.645785,40,91
429,22,24,0.412952,234,288
430,10,11,0.0477882,186,253
431,13,2,0.325444,232,288
432,6,1,0.212911,182,227
433,4,21,0.0136191,234,287
434,23,1,0.334033,88,141
435,0,16,0.758563,88,137
436,12,11,0.202884,138,192
437,19,23,0.886013,182,237
438,17,1,0.647477,40,90
439,5,22,0.315979,182,241
440,18,10,0.943285,88,134
441,14,11,0.809041,182,242
442,18,14,0.22404,182,239
443,9,12,0.00454545,88,146
444,22,13,0.689426,90,133
445,15,18,0.860448,136,182
446,19,3,0.0242596,40,87
447,13,4,0.0737441,230,278
448,6,4,0.0166422,138,189
449,16,0,0.719231,184,233
