NODES,25
INDEX,Name,X-coordinate,Y-coordinate
0,0,-,-
1,1,-,-
2,2,-,-
3,3,-,-
4,4,-,-
5,5,-,-
6,6,-,-
7,7,-,-
8,8,-,-
9,9,-,-
10,10,-,-
11,11,-,-
12,12,-,-
13,13,-,-
14,14,-,-
15,15,-,-
16,16,-,-
17,17,-,-
18,18,-,-
19,19,-,-
20,20,-,-
21,21,-,-
22,22,-,-
23,23,-,-
24,24,-,-
ARCS,529
Index,Origin,Destination,Variable Cost,Fixed Cost,Capacity,Travel time
0,0,1,0,117.8,1,5
1,1,0,0,117.8,1,5
2,1,2,0,234.05,1,7
3,1,3,0,260.4,1,8
4,1,4,0,175.15,1,6
5,1,5,0,486.7,1,15
6,1,6,0,323.95,1,9
7,1,8,0,323.95,1,9
8,1,9,0,447.95,1,12
9,1,10,0,883.5,1,26
10,1,11,0,255.75,1,8
11,1,12,0,387.5,1,10
12,1,13,0,489.8,1,14
13,1,14,0,525.45,1,16
14,1,15,0,1002.85,1,24
15,1,16,0,252.65,1,8
16,1,17,0,545.6,1,16
17,1,18,0,680.45,1,18
18,1,19,0,503.75,1,13
19,1,20,0,358.05,1,10
20,1,21,0,409.2,1,11
21,1,22,0,266.6,1,8
22,1,23,0,699.05,1,18
23,1,24,0,903.65,1,24
24,2,1,0,234.05,1,7
25,3,1,0,260.4,1,8
26,3,4,0,230.95,1,8
27,3,8,0,311.55,1,9
28,3,12,0,144.15,1,5
29,3,13,0,661.85,1,20
30,3,14,0,418.5,1,11
31,3,16,0,151.9,1,5
32,3,19,0,396.8,1,11
33,3,21,0,469.65,1,14
34,3,22,0,429.35,1,13
35,4,1,0,175.15,1,6
36,4,3,0,230.95,1,8
37,5,1,0,486.7,1,15
38,5,13,0,367.35,1,10
39,6,1,0,323.95,1,9
40,6,13,0,430.9,1,11
41,7,1,0,103.85,1,4
42,8,1,0,323.95,1,9
43,8,3,0,311.55,1,9
44,8,13,0,415.4,1,11
45,8,16,0,161.2,1,6
46,8,21,0,158.1,1,5
47,9,1,0,447.95,1,12
48,10,1,0,891.25,1,23
49,10,23,0,192.2,1,6
50,11,1,0,255.75,1,8
51,11,13,0,592.1,1,16
52,12,1,0,387.5,1,10
53,12,3,0,144.15,1,5
54,13,1,0,489.8,1,13
55,13,3,0,669.6,1,22
56,13,5,0,367.35,1,10
57,13,6,0,430.9,1,12
58,13,10,0,483.6,1,12
59,13,11,0,596.75,1,17
60,13,15,0,553.35,1,14
61,13,17,0,176.7,1,6
62,13,18,0,248,1,7
63,13,19,0,573.5,1,16
64,13,20,0,198.4,1,6
65,13,21,0,275.9,1,8
66,13,22,0,232.5,1,7
67,13,23,0,323.95,1,9
68,13,24,0,449.5,1,11
69,14,1,0,525.45,1,16
70,14,3,0,418.5,1,11
71,14,19,0,111.6,1,4
72,14,21,0,384.4,1,10
73,15,1,0,1002.85,1,24
74,15,13,0,553.35,1,16
75,15,18,0,350.3,1,10
76,15,21,0,747.1,1,20
77,15,23,0,412.3,1,11
78,16,1,0,252.65,1,8
79,16,3,0,151.9,1,5
80,16,8,0,161.2,1,6
81,16,13,0,581.25,1,17
82,16,21,0,305.35,1,9
83,17,1,0,544.05,1,14
84,17,13,0,176.7,1,6
85,17,18,0,127.1,1,5
86,17,21,0,292.95,1,8
87,18,1,0,666.5,1,17
88,18,10,0,308.45,1,10
89,18,13,0,248,1,7
90,18,15,0,350.3,1,10
91,18,17,0,127.1,1,5
92,18,19,0,719.2,1,19
93,18,21,0,421.6,1,11
94,18,22,0,421.6,1,13
95,18,23,0,116.25,1,4
96,18,24,0,237.15,1,7
97,19,1,0,503.75,1,13
98,19,3,0,396.8,1,11
99,19,8,0,240.25,1,7
100,19,14,0,111.6,1,4
101,19,21,0,297.6,1,8
102,20,1,0,358.05,1,10
103,20,13,0,198.4,1,6
104,20,23,0,522.35,1,15
105,21,1,0,409.2,1,11
106,21,3,0,458.8,1,13
107,21,8,0,158.1,1,5
108,21,13,0,275.9,1,8
109,21,14,0,384.4,1,10
110,21,15,0,829.25,1,22
111,21,17,0,292.95,1,8
112,21,18,0,420.05,1,13
113,21,19,0,297.6,1,8
114,21,23,0,440.2,1,11
115,22,1,0,266.6,1,8
116,22,3,0,429.35,1,12
117,22,13,0,232.5,1,7
118,23,1,0,699.05,1,17
119,23,10,0,192.2,1,6
120,23,13,0,323.95,1,9
121,23,15,0,412.3,1,11
122,23,17,0,153.45,1,5
123,23,18,0,116.25,1,4
124,23,21,0,446.4,1,13
125,23,24,0,305.35,1,9
126,24,1,0,903.65,1,24
127,24,13,0,449.5,1,11
128,24,18,0,237.15,1,7
129,24,23,0,305.35,1,9
130,0,2,0,161.2,1,6
131,0,3,0,353.4,1,10
132,0,4,0,285.2,1,9
133,0,5,0,474.3,1,13
134,0,6,0,246.45,1,8
135,0,8,0,427.8,1,12
136,0,9,0,379.75,1,11
137,0,10,0,931.55,1,25
138,0,11,0,158.1,1,5
139,0,12,0,401.45,1,11
140,0,14,0,632.4,1,17
141,0,15,0,1063.3,1,28
142,0,16,0,367.35,1,11
143,0,17,0,596.75,1,16
144,0,18,0,717.65,1,19
145,0,19,0,615.35,1,17
146,0,20,0,361.15,1,10
147,0,21,0,444.85,1,13
148,0,22,0,297.6,1,9
149,0,23,0,739.35,1,20
150,0,24,0,957.9,1,25
151,1,7,0,103.85,1,4
152,2,0,0,161.2,1,6
153,2,3,0,480.5,1,13
154,2,4,0,409.2,1,12
155,2,5,0,257.3,1,8
156,2,6,0,110.05,1,4
157,2,8,0,412.3,1,12
158,2,9,0,229.4,1,7
159,2,10,0,872.65,1,23
160,2,11,0,182.9,1,6
161,2,12,0,582.8,1,16
162,2,13,0,390.6,1,11
163,2,14,0,790.5,1,21
164,2,15,0,940.85,1,25
165,2,16,0,475.85,1,13
166,2,17,0,568.85,1,16
167,2,18,0,638.6,1,17
168,2,19,0,643.25,1,17
169,2,20,0,207.7,1,7
170,2,21,0,424.7,1,12
171,2,22,0,308.45,1,9
172,2,23,0,716.1,1,19
173,2,24,0,847.85,1,23
174,3,0,0,353.4,1,10
175,3,2,0,480.5,1,13
176,3,6,0,554.9,1,15
177,3,9,0,685.1,1,18
178,3,10,0,995.1,1,26
179,3,11,0,477.4,1,13
180,3,15,0,1224.5,1,32
181,3,17,0,764.15,1,20
182,3,18,0,833.9,1,22
183,3,20,0,620,1,17
184,3,23,0,888.15,1,23
185,3,24,0,1108.25,1,29
186,4,0,0,285.2,1,9
187,4,2,0,409.2,1,12
188,4,6,0,494.45,1,14
189,4,7,0,75.95,1,3
190,4,8,0,142.6,1,5
191,4,9,0,624.65,1,17
192,4,10,0,838.55,1,22
193,4,11,0,406.1,1,12
194,4,12,0,331.7,1,9
195,4,13,0,427.8,1,12
196,4,14,0,410.75,1,12
197,4,15,0,970.3,1,26
198,4,16,0,147.25,1,5
199,4,17,0,503.75,1,14
200,4,18,0,624.65,1,17
201,4,19,0,390.6,1,11
202,4,20,0,413.85,1,12
203,4,21,0,263.5,1,8
204,4,22,0,204.6,1,7
205,4,23,0,646.35,1,18
206,4,24,0,861.8,1,23
207,5,0,0,474.3,1,13
208,5,2,0,257.3,1,8
209,5,6,0,161.2,1,5
210,5,9,0,198.4,1,6
211,5,11,0,320.85,1,9
212,5,18,0,660.3,1,16
213,5,20,0,178.25,1,6
214,5,23,0,720.75,1,19
215,6,0,0,246.45,1,8
216,6,2,0,110.05,1,4
217,6,3,0,554.9,1,15
218,6,4,0,494.45,1,14
219,6,5,0,161.2,1,5
220,6,8,0,637.05,1,17
221,6,9,0,141.05,1,5
222,6,10,0,939.3,1,25
223,6,11,0,165.85,1,5
224,6,12,0,623.1,1,17
225,6,14,0,840.1,1,22
226,6,15,0,982.7,1,26
227,6,16,0,576.6,1,16
228,6,17,0,615.35,1,17
229,6,18,0,685.1,1,18
230,6,19,0,824.6,1,22
231,6,20,0,243.35,1,7
232,6,21,0,593.65,1,16
233,6,22,0,446.4,1,13
234,6,23,0,761.05,1,20
235,6,24,0,877.3,1,23
236,7,3,0,246.45,1,8
237,7,4,0,75.95,1,3
238,8,0,0,427.8,1,12
239,8,2,0,412.3,1,12
240,8,4,0,142.6,1,5
241,8,6,0,637.05,1,17
242,8,9,0,767.25,1,21
243,8,10,0,714.55,1,19
244,8,11,0,545.6,1,15
245,8,12,0,460.35,1,13
246,8,14,0,328.6,1,10
247,8,15,0,883.5,1,23
248,8,17,0,427.8,1,12
249,8,18,0,542.5,1,15
250,8,19,0,240.25,1,7
251,8,20,0,444.85,1,13
252,8,22,0,203.05,1,7
253,8,23,0,536.3,1,15
254,8,24,0,801.35,1,21
255,9,0,0,379.75,1,11
256,9,2,0,229.4,1,7
257,9,3,0,685.1,1,18
258,9,4,0,624.65,1,17
259,9,5,0,198.4,1,6
260,9,6,0,141.05,1,5
261,9,8,0,767.25,1,21
262,9,10,0,1069.5,1,28
263,9,11,0,297.6,1,8
264,9,12,0,753.3,1,20
265,9,13,0,469.65,1,12
266,9,14,0,652.55,1,18
267,9,15,0,1112.9,1,29
268,9,16,0,706.8,1,19
269,9,17,0,646.35,1,18
270,9,18,0,711.45,1,18
271,9,19,0,954.8,1,25
272,9,20,0,279,1,8
273,9,21,0,723.85,1,19
274,9,22,0,576.6,1,16
275,9,23,0,891.25,1,24
276,9,24,0,1019.9,1,27
277,10,0,0,931.55,1,25
278,10,2,0,872.65,1,23
279,10,3,0,995.1,1,26
280,10,4,0,838.55,1,22
281,10,6,0,939.3,1,25
282,10,8,0,714.55,1,19
283,10,9,0,1069.5,1,28
284,10,11,0,1133.05,1,30
285,10,12,0,1086.55,1,28
286,10,13,0,483.6,1,12
287,10,14,0,970.3,1,26
288,10,15,0,224.75,1,7
289,10,16,0,872.65,1,23
290,10,17,0,334.8,1,9
291,10,18,0,306.9,1,9
292,10,19,0,909.85,1,24
293,10,20,0,714.55,1,19
294,10,21,0,623.1,1,16
295,10,22,0,623.1,1,17
296,10,24,0,286.75,1,8
297,11,0,0,158.1,1,5
298,11,2,0,182.9,1,6
299,11,3,0,477.4,1,13
300,11,4,0,406.1,1,12
301,11,5,0,320.85,1,9
302,11,6,0,165.85,1,5
303,11,8,0,545.6,1,15
304,11,9,0,297.6,1,9
305,11,10,0,1133.05,1,30
306,11,12,0,523.9,1,14
307,11,14,0,770.35,1,21
308,11,15,0,1112.9,1,29
309,11,16,0,488.25,1,14
310,11,17,0,798.25,1,21
311,11,18,0,832.35,1,21
312,11,19,0,748.65,1,20
313,11,20,0,406.1,1,11
314,11,21,0,649.45,1,18
315,11,22,0,499.1,1,14
316,11,23,0,852.5,1,23
317,11,24,0,1021.45,1,27
318,12,0,0,401.45,1,11
319,12,2,0,582.8,1,16
320,12,4,0,331.7,1,10
321,12,6,0,623.1,1,17
322,12,8,0,460.35,1,13
323,12,9,0,753.3,1,20
324,12,10,0,1086.55,1,28
325,12,11,0,523.9,1,14
326,12,13,0,776.55,1,20
327,12,14,0,550.25,1,15
328,12,15,0,1233.8,1,32
329,12,16,0,296.05,1,9
330,12,17,0,776.55,1,21
331,12,18,0,1038.5,1,27
332,12,19,0,523.9,1,14
333,12,20,0,637.05,1,17
334,12,21,0,554.9,1,15
335,12,22,0,556.45,1,15
336,12,23,0,919.15,1,24
337,12,24,0,1137.7,1,30
338,13,2,0,390.6,1,11
339,13,4,0,427.8,1,12
340,13,8,0,415.4,1,11
341,13,9,0,469.65,1,12
342,13,14,0,655.65,1,17
343,13,16,0,530.1,1,14
344,14,0,0,632.4,1,17
345,14,2,0,790.5,1,21
346,14,4,0,410.75,1,12
347,14,6,0,840.1,1,22
348,14,8,0,328.6,1,10
349,14,9,0,652.55,1,18
350,14,10,0,970.3,1,26
351,14,11,0,770.35,1,21
352,14,12,0,550.25,1,15
353,14,13,0,655.65,1,17
354,14,15,0,1106.7,1,28
355,14,16,0,272.8,1,8
356,14,17,0,671.15,1,18
357,14,18,0,798.25,1,20
358,14,20,0,852.5,1,23
359,14,22,0,527,1,15
360,14,23,0,818.4,1,20
361,14,24,0,995.1,1,26
362,15,0,0,1063.3,1,28
363,15,2,0,940.85,1,25
364,15,3,0,1224.5,1,32
365,15,4,0,970.3,1,26
366,15,6,0,982.7,1,26
367,15,8,0,883.5,1,23
368,15,9,0,1112.9,1,29
369,15,10,0,224.75,1,7
370,15,11,0,1112.9,1,29
371,15,12,0,1233.8,1,32
372,15,14,0,1106.7,1,28
373,15,16,0,1027.65,1,27
374,15,17,0,454.15,1,12
375,15,19,0,1023,1,27
376,15,20,0,757.95,1,19
377,15,22,0,733.15,1,19
378,15,24,0,110.05,1,4
379,16,0,0,367.35,1,11
380,16,2,0,475.85,1,13
381,16,4,0,147.25,1,5
382,16,6,0,576.6,1,16
383,16,7,0,155,1,5
384,16,9,0,706.8,1,19
385,16,10,0,872.65,1,23
386,16,11,0,488.25,1,14
387,16,12,0,296.05,1,8
388,16,14,0,272.8,1,8
389,16,15,0,1027.65,1,27
390,16,17,0,570.4,1,16
391,16,18,0,686.65,1,19
392,16,19,0,251.1,1,7
393,16,20,0,525.45,1,15
394,16,22,0,302.25,1,9
395,16,23,0,692.85,1,19
396,16,24,0,951.7,1,25
397,17,0,0,596.75,1,16
398,17,2,0,568.85,1,16
399,17,3,0,764.15,1,20
400,17,4,0,503.75,1,14
401,17,5,0,530.1,1,14
402,17,6,0,615.35,1,17
403,17,8,0,427.8,1,12
404,17,9,0,649.45,1,18
405,17,10,0,334.8,1,10
406,17,11,0,798.25,1,21
407,17,12,0,776.55,1,21
408,17,14,0,671.15,1,17
409,17,15,0,454.15,1,12
410,17,16,0,570.4,1,16
411,17,19,0,581.25,1,16
412,17,20,0,373.55,1,10
413,17,22,0,294.5,1,8
414,17,23,0,153.45,1,5
415,17,24,0,362.7,1,10
416,18,0,0,719.2,1,19
417,18,2,0,638.6,1,17
418,18,3,0,833.9,1,22
419,18,4,0,624.65,1,17
420,18,5,0,660.3,1,16
421,18,6,0,685.1,1,18
422,18,8,0,542.5,1,15
423,18,9,0,711.45,1,18
424,18,11,0,832.35,1,21
425,18,12,0,1038.5,1,27
426,18,14,0,798.25,1,21
427,18,16,0,686.65,1,19
428,18,20,0,438.65,1,12
429,19,0,0,615.35,1,17
430,19,2,0,643.25,1,17
431,19,4,0,390.6,1,11
432,19,6,0,824.6,1,22
433,19,9,0,954.8,1,25
434,19,10,0,909.85,1,24
435,19,11,0,748.65,1,20
436,19,12,0,523.9,1,14
437,19,13,0,565.75,1,14
438,19,15,0,1023,1,27
439,19,16,0,251.1,1,7
440,19,17,0,581.25,1,16
441,19,18,0,709.9,1,18
442,19,20,0,764.15,1,20
443,19,22,0,437.1,1,12
444,19,23,0,728.5,1,18
445,19,24,0,942.4,1,25
446,20,0,0,361.15,1,10
447,20,2,0,207.7,1,7
448,20,3,0,620,1,17
449,20,4,0,413.85,1,12
450,20,5,0,178.25,1,6
451,20,6,0,243.35,1,7
452,20,8,0,444.85,1,13
453,20,9,0,279,1,8
454,20,10,0,714.55,1,19
455,20,11,0,406.1,1,11
456,20,12,0,637.05,1,17
457,20,14,0,878.85,1,23
458,20,15,0,757.95,1,19
459,20,16,0,525.45,1,15
460,20,17,0,373.55,1,11
461,20,18,0,438.65,1,12
462,20,19,0,764.15,1,20
463,20,21,0,466.55,1,13
464,20,22,0,272.8,1,8
465,20,24,0,641.7,1,17
466,21,0,0,444.85,1,13
467,21,2,0,424.7,1,12
468,21,4,0,263.5,1,8
469,21,6,0,593.65,1,16
470,21,9,0,723.85,1,19
471,21,10,0,623.1,1,16
472,21,11,0,646.35,1,18
473,21,12,0,554.9,1,15
474,21,16,0,305.35,1,9
475,21,20,0,466.55,1,13
476,21,22,0,142.6,1,5
477,21,24,0,651,1,18
478,22,0,0,297.6,1,9
479,22,2,0,308.45,1,10
480,22,4,0,204.6,1,7
481,22,6,0,446.4,1,13
482,22,8,0,203.05,1,6
483,22,9,0,576.6,1,16
484,22,10,0,623.1,1,17
485,22,11,0,499.1,1,14
486,22,12,0,556.45,1,15
487,22,14,0,527,1,15
488,22,15,0,733.15,1,19
489,22,16,0,302.25,1,9
490,22,17,0,294.5,1,8
491,22,18,0,404.55,1,10
492,22,19,0,437.1,1,12
493,22,20,0,272.8,1,9
494,22,21,0,142.6,1,5
495,22,23,0,432.45,1,11
496,22,24,0,643.25,1,17
497,23,0,0,739.35,1,20
498,23,2,0,716.1,1,19
499,23,3,0,888.15,1,23
500,23,4,0,646.35,1,18
501,23,6,0,761.05,1,20
502,23,8,0,536.3,1,15
503,23,9,0,891.25,1,24
504,23,11,0,852.5,1,23
505,23,12,0,919.15,1,24
506,23,14,0,818.4,1,20
507,23,16,0,692.85,1,19
508,23,19,0,728.5,1,18
509,23,20,0,522.35,1,14
510,23,22,0,432.45,1,11
511,24,0,0,957.9,1,25
512,24,2,0,847.85,1,23
513,24,3,0,1108.25,1,29
514,24,4,0,861.8,1,23
515,24,6,0,877.3,1,23
516,24,8,0,801.35,1,21
517,24,9,0,1019.9,1,27
518,24,10,0,286.75,1,8
519,24,11,0,1021.45,1,27
520,24,12,0,1137.7,1,30
521,24,14,0,995.1,1,26
522,24,15,0,110.05,1,4
523,24,16,0,951.7,1,25
524,24,17,0,362.7,1,10
525,24,19,0,942.4,1,25
526,24,20,0,641.7,1,17
527,24,21,0,651,1,16
528,24,22,0,643.25,1,17
PATHS,600
Index,Shipment origin,Shipment destination,1st terminal on path,2nd terminal on path,.....,6th terminal on path
0,0,1,0,1
1,0,2,0,1,2
2,0,3,0,1,3
3,0,4,0,1,4
4,0,5,0,1,5
5,0,6,0,1,6
6,0,7,0,1,7
7,0,8,0,1,8
8,0,9,0,1,9
9,0,10,0,1,10
10,0,11,0,1,11
11,0,12,0,1,12
12,0,13,0,1,13
13,0,14,0,1,14
14,0,15,0,1,15
15,0,16,0,1,16
16,0,17,0,1,17
17,0,18,0,1,18
18,0,19,0,1,19
19,0,20,0,1,20
20,0,21,0,1,21
21,0,22,0,1,22
22,0,23,0,1,23
23,0,24,0,1,24
24,1,0,1,0
25,1,2,1,2
26,1,3,1,3
27,1,4,1,4
28,1,5,1,5
29,1,6,1,6
30,1,7,1,7
31,1,8,1,8
32,1,9,1,9
33,1,10,1,10
34,1,11,1,11
35,1,12,1,12
36,1,13,1,13
37,1,14,1,14
38,1,15,1,15
39,1,16,1,16
40,1,17,1,17
41,1,18,1,18
42,1,19,1,19
43,1,20,1,20
44,1,21,1,21
45,1,22,1,22
46,1,23,1,23
47,1,24,1,24
48,2,0,2,1,0
49,2,1,2,1
50,2,3,2,1,3
51,2,4,2,1,4
52,2,5,2,1,5
53,2,6,2,1,6
54,2,8,2,1,8
55,2,7,2,1,7
56,2,9,2,1,9
57,2,10,2,1,10
58,2,11,2,1,11
59,2,12,2,1,12
60,2,13,2,1,13
61,2,14,2,1,14
62,2,15,2,1,15
63,2,16,2,1,16
64,2,17,2,1,17
65,2,18,2,1,18
66,2,19,2,1,19
67,2,20,2,1,20
68,2,21,2,1,21
69,2,22,2,1,22
70,2,23,2,1,23
71,2,24,2,1,24
72,3,0,3,1,0
73,3,1,3,1
74,3,2,3,1,2
75,3,4,3,4
76,3,5,3,1,5
77,3,6,3,1,6
78,3,7,3,1,7
79,3,8,3,8
80,3,9,3,1,9
81,3,10,3,13,10
82,3,11,3,1,11
83,3,12,3,12
84,3,13,3,13
85,3,14,3,14
86,3,15,3,13,15
87,3,16,3,16
88,3,17,3,13,17
89,3,18,3,13,18
90,3,19,3,19
91,3,20,3,1,20
92,3,21,3,21
93,3,22,3,22
94,3,23,3,21,23
95,3,24,3,13,24
96,4,0,4,1,0
97,4,1,4,1
98,4,2,4,1,2
99,4,3,4,3
100,4,5,4,1,5
101,4,6,4,1,6
102,4,7,4,1,7
103,4,8,4,1,8
104,4,9,4,1,9
105,4,10,4,1,10
106,4,11,4,1,11
107,4,12,4,3,12
108,4,13,4,1,13
109,4,14,4,3,14
110,4,15,4,1,15
111,4,16,4,3,16
112,4,17,4,1,17
113,4,18,4,1,18
114,4,19,4,3,19
115,4,20,4,1,20
116,4,21,4,1,21
117,4,22,4,1,22
118,4,23,4,1,23
119,4,24,4,1,24
120,5,0,5,1,0
121,5,1,5,1
122,5,2,5,1,2
123,5,3,5,1,3
124,5,4,5,1,4
125,5,6,5,1,6
126,5,7,5,1,7
127,5,8,5,1,8
128,5,9,5,1,9
129,5,10,5,13,10
130,5,11,5,1,11
131,5,12,5,1,12
132,5,13,5,13
133,5,14,5,1,14
134,5,15,5,13,15
135,5,16,5,1,16
136,5,17,5,13,17
137,5,18,5,13,18
138,5,19,5,13,21,19
139,5,20,5,13,20
140,5,21,5,13,21
141,5,22,5,1,22
142,5,23,5,13,23
143,5,24,5,13,24
144,6,0,6,1,0
145,6,1,6,1
146,6,2,6,1,2
147,6,3,6,1,3
148,6,4,6,1,4
149,6,5,6,1,5
150,6,7,6,1,7
151,6,8,6,1,8
152,6,9,6,1,9
153,6,10,6,1,10
154,6,11,6,1,11
155,6,12,6,1,12
156,6,13,6,1,13
157,6,14,6,1,14
158,6,15,6,1,15
159,6,16,6,1,16
160,6,17,6,1,17
161,6,18,6,1,18
162,6,19,6,1,19
163,6,20,6,1,20
164,6,21,6,1,21
165,6,22,6,1,22
166,6,23,6,1,23
167,6,24,6,1,24
168,7,0,7,1,0
169,7,1,7,1
170,7,2,7,1,2
171,7,3,7,3
172,7,4,7,4
173,7,5,7,1,5
174,7,6,7,3,6
175,7,8,7,3,8
176,7,9,7,1,9
177,7,10,7,1,9
178,7,11,7,3,11
179,7,12,7,4,12
180,7,13,7,4,13
181,7,14,7,4,14
182,7,15,7,4,15
183,7,16,7,4,16
184,7,17,7,1,17
185,7,18,7,1,18
186,7,19,7,1,19
187,7,20,7,1,20
188,7,21,7,1,21
189,7,22,7,1,22
190,7,23,7,1,23
191,7,24,7,1,24
192,8,0,8,1,0
193,8,1,8,1
194,8,2,8,1,2
195,8,3,8,3
196,8,4,8,1,4
197,8,5,8,1,5
198,8,6,8,1,6
199,8,7,8,1,7
200,8,9,8,1,9
201,8,10,8,21,23,10
202,8,11,8,1,11
203,8,12,8,3,12
204,8,13,8,21,13
205,8,14,8,21,14
206,8,15,8,21,13,15
207,8,16,8,3,16
208,8,17,8,21,17
209,8,18,8,21,18
210,8,19,8,21,19
211,8,20,8,1,20
212,8,21,8,21
213,8,22,8,1,22
214,8,23,8,21,23
215,8,24,8,21,13,24
216,9,0,9,1,0
217,9,1,9,1
218,9,2,9,1,2
219,9,3,9,1,3
220,9,4,9,1,4
221,9,5,9,1,5
222,9,6,9,1,6
223,9,7,9,1,7
224,9,8,9,1,8
225,9,10,9,1,10
226,9,11,9,1,11
227,9,12,9,1,12
228,9,13,9,1,13
229,9,14,9,1,14
230,9,15,9,1,15
231,9,16,9,1,16
232,9,17,9,1,17
233,9,18,9,1,18
234,9,19,9,1,19
235,9,20,9,1,20
236,9,21,9,1,21
237,9,22,9,1,22
238,9,23,9,1,23
239,9,24,9,1,24
240,10,0,10,1,0
241,10,1,10,1
242,10,2,10,1,2
243,10,3,10,1,3
244,10,4,10,1,4
245,10,5,10,23,13,5
246,10,6,10,23,13,6
247,10,7,10,1,7
248,10,8,10,23,21,8
249,10,9,10,1,9
250,10,11,10,1,11
251,10,12,10,1,12
252,10,13,10,23,13
253,10,14,10,23,21,14
254,10,15,10,23,15
255,10,16,10,1,16
256,10,17,10,23,17
257,10,18,10,23,18
258,10,19,10,23,21,19
259,10,20,10,23,13,20
260,10,21,10,23,21
261,10,22,10,23,22
262,10,23,10,23
263,10,24,10,23,24
264,11,0,11,1,0
265,11,1,11,1
266,11,2,11,1,2
267,11,3,11,1,3
268,11,4,11,1,4
269,11,5,11,1,5
270,11,6,11,1,6
271,11,7,11,1,7
272,11,8,11,1,8
273,11,9,11,1,9
274,11,10,11,13,10
275,11,12,11,1,12
276,11,13,11,13
277,11,14,11,1,14
278,11,15,11,13,15
279,11,16,11,1,16
280,11,17,11,13,17
281,11,18,11,13,18
282,11,19,11,1,19
283,11,20,11,1,20
284,11,21,11,1,21
285,11,22,11,1,22
286,11,23,11,13,23
287,11,24,11,13,24
288,12,0,12,1,0
289,12,1,12,1
290,12,2,12,1,2
291,12,3,12,3
292,12,4,12,3,4
293,12,5,12,1,5
294,12,6,12,1,6
295,12,7,12,1,7
296,12,8,12,3,8
297,12,9,12,1,9
298,12,10,12,1,10
299,12,11,12,1,11
300,12,13,12,3,13
301,12,14,12,3,14
302,12,15,12,1,15
303,12,16,12,3,16
304,12,17,12,1,17
305,12,18,12,1,18
306,12,19,12,3,19
307,12,20,12,1,20
308,12,21,12,3,21
309,12,22,12,3,22
310,12,23,12,1,23
311,12,24,12,1,24
312,13,0,13,1,0
313,13,1,13,1
314,13,2,13,1,2
315,13,3,13,3
316,13,4,13,4
317,13,5,13,5
318,13,6,13,6
319,13,7,13,1,7
320,13,8,13,21,8
321,13,9,13,1,9
322,13,10,13,10
323,13,11,13,11
324,13,12,13,3,12
325,13,14,13,21,14
326,13,15,13,15
327,13,16,13,1,16
328,13,17,13,17
329,13,18,13,18
330,13,19,13,21,19
331,13,20,13,20
332,13,21,13,21
333,13,22,13,22
334,13,23,13,23
335,13,24,13,24
336,14,0,14,1,0
337,14,1,14,1
338,14,2,14,1,2
339,14,3,14,3
340,14,4,14,3,4
341,14,5,14,1,5
342,14,6,14,1,6
343,14,7,14,1,7
344,14,8,14,3,8
345,14,9,14,1,9
346,14,10,14,21,23,10
347,14,11,14,1,11
348,14,12,14,3,12
349,14,13,14,21,13
350,14,15,14,21,13,15
351,14,16,14,3,16
352,14,17,14,21,17
353,14,18,14,21,18
354,14,19,14,1,19
355,14,20,14,1,20
356,14,21,14,21
357,14,22,14,1,22
358,14,23,14,21,23
359,14,24,14,21,13,24
360,15,0,15,1,0
361,15,1,15,1
362,15,2,15,1,2
363,15,3,15,13,3
364,15,4,15,1,4
365,15,5,15,13,5
366,15,6,15,13,6
367,15,7,15,1,7
368,15,8,15,21,8
369,15,9,15,1,9
370,15,10,15,10
371,15,11,15,1,11
372,15,12,15,1,12
373,15,13,15,13
374,15,14,15,21,14
375,15,16,15,1,16
376,15,17,15,17
377,15,18,15,18
378,15,19,15,21,19
379,15,20,15,13,20
380,15,21,15,21
381,15,22,15,13,22
382,15,23,15,23
383,15,24,15,24
384,16,0,16,1,0
385,16,1,16,1
386,16,2,16,1,2
387,16,3,16,3
388,16,4,16,3,4
389,16,5,16,1,5
390,16,6,16,1,6
391,16,7,16,1,7
392,16,8,16,3,8
393,16,9,16,1,9
394,16,10,16,13,10
395,16,11,16,1,11
396,16,12,16,3,12
397,16,13,16,13
398,16,14,16,3,14
399,16,15,16,13,15
400,16,17,16,13,17
401,16,18,16,13,18
402,16,19,16,3,19
403,16,20,16,1,20
404,16,21,16,21
405,16,22,16,3,22
406,16,23,16,13,23
407,16,24,16,13,24
408,17,0,17,1,0
409,17,1,17,1
410,17,2,17,1,2
411,17,3,17,13,3
412,17,4,17,1,4
413,17,5,17,13,5
414,17,6,17,13,6
415,17,7,17,1,7
416,17,8,17,21,8
417,17,9,17,1,9
418,17,10,17,13,10
419,17,11,17,1,11
420,17,12,17,1,12
421,17,13,17,13
422,17,14,17,21,14
423,17,15,17,13,15
424,17,16,17,1,16
425,17,18,17,18
426,17,19,17,21,19
427,17,20,17,13,20
428,17,21,17,21
429,17,22,17,13,22
430,17,23,17,13,23
431,17,24,17,13,24
432,18,0,18,1,0
433,18,1,18,1
434,18,2,18,1,2
435,18,3,18,13,3
436,18,4,18,1,4
437,18,5,18,13,5
438,18,6,18,13,6
439,18,7,18,1,7
440,18,8,18,21,8
441,18,9,18,13,1,9
442,18,10,18,10
443,18,11,18,1,11
444,18,12,18,1,12
445,18,13,18,13
446,18,14,18,21,14
447,18,15,18,15
448,18,16,18,1,16
449,18,17,18,17
450,18,19,18,21,19
451,18,20,18,13,20
452,18,21,18,21
453,18,22,18,13,22
454,18,23,18,23
455,18,24,18,24
456,19,0,19,1,0
457,19,1,19,1
458,19,2,19,1,2
459,19,3,19,3
460,19,4,19,3,4
461,19,5,19,1,5
462,19,6,19,1,6
463,19,7,19,1,7
464,19,8,19,21,8
465,19,9,19,1,9
466,19,10,19,1,10
467,19,11,19,1,11
468,19,12,19,3,12
469,19,13,19,21,13
470,19,14,19,1,14
471,19,15,19,21,13,15
472,19,16,19,3,16
473,19,17,19,21,17
474,19,18,19,21,18
475,19,20,19,1,20
476,19,21,19,21
477,19,22,19,1,22
478,19,23,19,21,23
479,19,24,19,21,13,24
480,20,0,20,1,0
481,20,1,20,1
482,20,2,20,1,2
483,20,3,20,1,3
484,20,4,20,1,4
485,20,5,20,1,5
486,20,6,20,1,6
487,20,7,20,1,7
488,20,8,20,1,8
489,20,9,20,1,9
490,20,10,20,13,10
491,20,11,20,1,11
492,20,12,20,1,12
493,20,13,20,13
494,20,14,20,1,14
495,20,15,20,13,15
496,20,16,20,1,16
497,20,17,20,13,17
498,20,18,20,13,18
499,20,19,20,1,19
500,20,21,20,1,21
501,20,22,20,13,22
502,20,23,20,13,23
503,20,24,20,13,24
504,21,0,21,1,0
505,21,1,21,1
506,21,2,21,1,2
507,21,3,21,3
508,21,4,21,1,4
509,21,5,21,13,5
510,21,6,21,13,6
511,21,7,21,1,7
512,21,8,21,8
513,21,9,21,1,9
514,21,10,21,23,10
515,21,11,21,1,11
516,21,12,21,3,12
517,21,13,21,13
518,21,14,21,14
519,21,15,21,13,15
520,21,16,21,3,16
521,21,17,21,17
522,21,18,21,18
523,21,19,21,19
524,21,20,21,1,20
525,21,22,21,1,22
526,21,23,21,23
527,21,24,21,13,24
528,22,0,22,1,0
529,22,1,22,1
530,22,2,22,1,2
531,22,3,22,3
532,22,4,22,1,4
533,22,5,22,13,5
534,22,6,22,1,6
535,22,7,22,1,7
536,22,8,22,1,8
537,22,9,22,1,9
538,22,10,22,13,10
539,22,11,22,1,11
540,22,12,22,3,12
541,22,13,22,13
542,22,14,22,1,14
543,22,15,22,13,15
544,22,16,22,1,16
545,22,17,22,13,17
546,22,18,22,13,18
547,22,19,22,1,19
548,22,20,22,13,20
549,22,21,22,1,21
550,22,23,22,13,23
551,22,24,22,13,24
552,23,0,23,1,0
553,23,1,23,1
554,23,2,23,1,2
555,23,3,23,1,3
556,23,4,23,1,4
557,23,5,23,13,5
558,23,6,23,13,6
559,23,7,23,1,7
560,23,8,23,21,8
561,23,9,23,1,9
562,23,10,23,10
563,23,11,23,1,11
564,23,12,23,1,12
565,23,13,23,13
566,23,14,23,21,14
567,23,15,23,15
568,23,16,23,1,16
569,23,17,23,17
570,23,18,23,18
571,23,19,23,21,19
572,23,20,23,13,20
573,23,21,23,21
574,23,22,23,22
575,23,24,23,24
576,24,0,24,1,0
577,24,1,24,1
578,24,2,24,1,2
579,24,3,24,13,3
580,24,4,24,1,4
581,24,5,24,13,5
582,24,6,24,13,6
583,24,7,24,1,7
584,24,8,24,18,21,8
585,24,9,24,13,1,9
586,24,10,24,23,10
587,24,11,24,13,11
588,24,12,24,1,12
589,24,13,24,13
590,24,14,24,18,21,14
591,24,15,24,15
592,24,16,24,1,16
593,24,17,24,13,17
594,24,18,24,18
595,24,19,24,18,21,19
596,24,20,24,13,20
597,24,21,24,18,21
598,24,22,24,13,22
599,24,23,24,23
COMMODITIES,500
Index,Origin,Destination,Demand/Size,Earliest available time,Latest delivery time
0,13,11,0.246988,136,249
1,22,19,0.127524,42,159
2,24,11,0.674526,38,162
3,3,8,0.273395,136,241
4,16,1,0.33687,86,190
5,24,10,0.17334,86,197
6,0,14,0.282044,88,205
7,1,4,0.943922,182,284
8,4,18,0.389373,90,210
9,11,1,0.482556,138,242
10,0,24,0.584478,138,263
11,24,22,0.530545,136,250
12,2,22,0.194121,136,247
13,12,6,0.142267,136,251
14,0,24,0.590299,42,167
15,16,8,0.182978,138,248
16,11,0,0.913739,90,199
17,19,11,0.651288,42,159
18,24,12,0.0373285,40,170
19,11,18,0.637945,134,253
20,1,0,0.285792,40,141
21,21,14,0.00888049,88,194
22,0,17,0.210383,136,253
23,14,11,0.688209,42,162
24,14,12,0.167094,138,250
25,21,5,0.00454545,138,252
26,2,23,0.0888998,138,259
27,19,13,0.492949,138,250
28,3,18,0.538133,42,165
29,14,13,0.927413,90,204
30,4,17,0.00565671,90,208
31,13,19,0.623437,40,152
32,0,1,0.805847,186,287
33,13,14,0.082324,138,252
34,10,22,0.0643776,86,199
35,5,1,0.23188,88,199
36,13,21,0.256049,138,242
37,19,3,0.952231,40,147
38,3,1,0.534319,184,288
39,10,8,0.278825,40,160
40,13,6,0.932736,136,244
41,8,9,0.244438,86,203
42,14,1,0.128482,90,202
43,18,23,0.829409,134,234
44,18,5,0.995465,38,151
45,6,22,0.0248214,86,199
46,11,22,0.835963,90,202
47,3,17,0.133421,136,258
48,1,4,0.41857,40,142
49,0,21,0.45805,42,154
50,20,13,0.215284,134,236
51,22,16,0.12317,90,202
52,10,21,0.0408635,38,153
53,4,13,0.376137,38,154
54,3,6,0.996306,38,151
55,11,17,0.327301,86,204
56,0,3,0.329117,86,195
57,20,18,0.269779,40,149
58,15,18,0.231806,134,240
59,13,2,0.313311,138,254
60,3,11,0.41974,136,248
61,16,2,0.324835,88,199
62,10,18,0.396458,136,242
63,1,2,0.157792,136,239
64,13,22,0.124823,86,189
65,22,15,0.13084,138,255
66,23,16,0.188424,88,209
67,24,19,0.726246,138,260
68,23,4,0.404556,86,205
69,1,8,0.706213,136,241
70,21,23,0.353346,134,241
71,2,15,0.43074,136,263
72,13,22,0.948724,38,141
73,23,5,0.831196,136,251
74,22,6,0.28212,86,199
75,20,0,0.0643304,134,245
76,20,13,0.405509,138,240
77,12,19,0.0479771,38,150
78,1,8,0.0506263,134,239
79,15,23,0.186816,38,145
80,19,22,0.385985,40,157
81,13,6,0.828118,38,146
82,13,5,0.350988,88,194
83,3,8,0.919601,88,193
84,4,0,0.135181,42,149
85,24,20,0.131769,42,155
86,18,15,0.849694,136,242
87,18,1,0.0509571,136,249
88,13,18,0.615747,138,241
89,1,24,0.148443,42,162
90,1,0,0.153638,182,283
91,4,13,0.355251,88,204
92,3,16,0.200475,40,141
93,8,12,0.222426,42,152
94,5,19,0.136133,134,256
95,5,20,0.339757,134,246
96,24,14,0.172401,88,212
97,18,23,0.595649,138,238
98,10,4,0.0148947,138,263
99,20,17,0.447748,88,196
100,19,4,0.0633724,90,205
101,16,5,0.164079,136,255
102,16,5,0.162861,86,205
103,3,11,0.579797,86,198
104,16,22,0.187947,40,154
105,3,5,0.799114,38,157
106,21,1,0.397412,90,197
107,17,10,0.558213,136,250
108,1,5,0.0921747,38,149
109,21,23,0.342166,42,149
110,13,17,0.84097,138,240
111,20,4,0.00789032,42,154
112,12,9,0.245363,138,256
113,4,14,0.493085,38,153
114,16,2,0.302203,138,249
115,0,19,0.265545,134,248
116,0,22,0.267484,134,243
117,4,23,0.991634,86,206
118,4,1,0.37542,40,142
119,15,8,0.0988212,86,207
120,4,14,0.435276,136,251
121,2,23,0.0894938,86,207
122,13,2,0.2782,40,156
123,1,4,0.787912,90,192
124,16,11,0.6665,86,198
125,20,18,0.275473,134,243
126,18,1,0.860782,42,155
127,18,8,0.413974,40,152
128,17,16,0.0765081,40,158
129,23,11,0.310279,40,161
130,13,22,0.278343,138,241
131,17,24,0.600808,86,199
132,18,3,0.130597,86,211
133,1,10,0.228793,136,258
134,11,18,0.619013,42,161
135,20,4,0.0067762,90,202
136,5,8,0.0506868,42,162
137,5,1,0.140627,90,201
138,22,6,0.336773,40,153
139,23,3,0.988905,134,255
140,1,19,0.638647,134,243
141,1,18,0.527353,90,204
142,3,9,0.775218,40,156
143,19,20,0.33051,138,257
144,13,21,0.405962,182,286
145,1,21,0.916942,86,193
146,19,20,0.320886,86,205
147,17,18,0.445451,136,237
148,13,12,0.141551,86,209
149,18,6,0.878241,136,251
150,17,13,0.484772,90,192
151,13,3,0.0604001,88,206
152,10,12,0.0753298,42,171
153,15,19,0.519271,88,212
154,13,21,0.160496,90,194
155,11,0,0.91127,40,149
156,23,24,0.250591,90,195
157,4,11,0.268126,42,152
158,15,4,0.220484,40,166
159,2,22,0.19471,88,199
160,18,13,0.553001,138,241
161,9,12,0.00454545,38,156
162,23,12,0.349076,40,163
163,1,18,0.884388,134,248
164,11,0,0.812994,86,195
165,4,19,0.00788009,134,249
166,23,0,0.68039,136,254
167,16,11,0.770042,138,250
168,12,10,0.736186,134,266
169,14,24,0.0390627,134,259
170,21,0,0.0980631,136,248
171,13,16,0.0766245,88,205
172,1,11,0.803756,184,288
173,16,23,0.0842867,134,256
174,17,2,0.039452,88,205
175,21,1,0.146082,42,149
176,21,11,0.0574864,88,203
177,22,10,0.0689656,38,153
178,6,16,0.422842,38,151
179,8,5,0.0369431,136,256
180,18,23,0.565674,186,286
181,1,0,0.174046,136,237
182,16,6,0.110249,86,199
183,23,19,0.532303,86,203
184,23,1,0.690869,42,155
185,19,24,0.48614,134,257
186,1,3,0.813028,90,194
187,1,4,0.863687,38,140
188,19,24,0.488419,38,161
189,10,13,0.76751,90,201
190,13,2,0.268238,90,206
191,2,15,0.452516,40,167
192,18,8,0.731026,88,200
193,14,0,0.583173,40,157
194,6,18,0.0324099,88,211
195,24,15,0.423649,88,188
196,17,20,0.290726,40,148
197,21,13,0.855867,42,146
198,14,22,0.664902,40,160
199,19,13,0.566854,40,152
200,5,19,0.12198,86,208
201,2,19,0.322625,86,202
202,3,23,0.554942,88,209
203,2,4,0.922196,38,147
204,4,14,0.427559,86,201
205,12,19,0.0449071,88,200
206,10,23,0.410063,86,188
207,1,11,0.81468,42,146
208,21,12,0.0147182,138,252
209,15,16,0.376876,42,170
210,14,21,0.863151,88,194
211,8,3,0.508344,40,145
212,14,23,0.450836,138,255
213,15,10,0.419468,86,189
214,10,23,0.502236,184,286
215,16,19,0.645626,138,250
216,0,20,0.774495,40,151
217,23,15,0.882039,88,195
218,0,24,0.49409,40,165
219,11,21,0.335203,134,249
220,19,8,0.39842,88,197
221,1,14,0.426833,40,152
222,22,17,0.328626,38,147
223,20,12,0.018234,136,252
224,8,4,0.00905535,86,197
225,17,14,0.00680385,134,248
226,10,5,0.0264094,40,161
227,17,23,0.333776,136,247
228,13,19,0.661051,90,202
229,1,13,0.386398,38,148
230,12,11,0.187922,136,250
231,14,8,0.459819,136,252
232,22,12,0.472649,86,199
233,19,8,0.395405,134,243
234,22,14,0.236985,38,158
235,1,12,0.376028,38,144
236,4,23,0.0864773,138,258
237,3,8,0.902904,90,195
238,12,14,0.0358926,88,200
239,13,22,0.311048,182,285
240,8,18,0.174352,138,252
241,23,18,0.058847,42,142
242,13,3,0.344447,134,252
243,13,8,0.803079,90,199
244,1,24,0.363348,88,208
245,19,13,0.571988,134,246
246,19,4,0.0620772,134,249
247,16,8,0.922182,136,246
248,14,5,0.389137,138,265
249,14,23,0.419249,136,253
250,10,12,0.0707515,38,167
251,15,0,0.410944,86,211
252,18,16,0.498117,38,159
253,23,3,0.914323,88,209
254,15,4,0.222357,136,262
255,5,1,0.381476,134,245
256,19,15,0.485488,138,264
257,16,6,0.100438,136,249
258,17,24,0.612905,138,251
259,8,18,0.191858,86,200
260,6,4,0.0160882,90,201
261,1,11,0.246047,138,242
262,8,9,0.287093,40,157
263,1,0,0.782059,134,235
264,23,6,0.663261,90,207
265,24,12,0.0372541,136,266
266,13,2,0.309452,42,158
267,15,20,0.0189476,42,160
268,24,6,0.397826,38,157
269,24,22,0.550622,40,154
270,24,5,0.0358423,86,203
271,3,14,0.555952,90,197
272,4,0,0.137486,86,193
273,17,18,0.343372,134,235
274,13,17,0.37159,182,284
275,15,24,0.628486,42,142
276,23,18,0.931416,38,138
277,16,20,0.198935,86,200
278,4,23,0.0379322,136,256
279,10,4,0.0156203,90,215
280,1,4,0.984477,184,286
281,16,4,0.887889,88,197
282,13,16,0.0856584,42,159
283,18,13,0.886959,134,237
284,23,5,0.936146,138,253
285,14,11,0.744234,40,160
286,18,17,0.0110723,186,287
287,0,17,0.218964,86,203
288,14,0,0.633869,88,205
289,23,21,0.963811,40,149
290,0,6,0.124266,42,152
291,14,10,0.189581,90,213
292,2,21,0.00491666,40,154
293,18,4,0.730728,138,257
294,24,22,0.640618,138,252
295,17,23,0.523813,88,199
296,11,1,0.17134,40,144
297,3,8,0.895415,38,143
298,3,0,0.474196,90,199
299,18,11,0.034617,138,259
300,11,15,0.423013,88,214
301,14,13,0.778126,40,154
302,12,10,0.742729,90,222
303,4,1,0.322375,88,190
304,8,18,0.17852,88,202
305,22,11,0.427689,42,154
306,15,19,0.580672,136,260
307,24,6,0.389164,42,161
308,6,16,0.36182,86,199
309,4,15,0.237338,86,212
310,14,16,0.986687,42,154
311,15,18,0.262283,136,242
312,22,8,0.229201,134,247
313,6,16,0.385348,40,153
314,19,13,0.519625,88,200
315,19,12,0.035808,42,154
316,1,6,0.382355,90,195
317,12,13,0.174674,40,161
318,14,6,0.163811,40,161
319,24,16,0.0214746,42,170
320,1,21,0.104999,136,243
321,22,17,0.341128,138,247
322,12,13,0.201693,42,163
323,19,20,0.352198,38,157
324,11,16,0.407348,136,248
325,4,21,0.0124302,138,251
326,3,12,0.979886,90,191
327,17,23,0.382648,134,245
328,6,14,0.0165359,40,161
329,16,4,0.872383,40,149
330,2,3,0.350273,134,245
331,24,16,0.0222103,38,166
332,3,19,0.679896,38,145
333,11,17,0.343361,90,208
334,13,16,0.076272,38,155
335,13,15,0.970237,134,244
336,14,2,0.0878782,134,253
337,12,3,0.377231,186,287
338,2,4,0.0282276,88,197
339,11,19,0.314369,42,159
340,10,1,0.21666,38,157
341,0,5,0.179739,136,252
342,21,19,0.400088,182,286
343,13,22,0.95129,42,145
344,15,19,0.47113,38,162
345,12,17,0.00602257,86,208
346,22,19,0.125131,40,157
347,8,17,0.509244,40,149
348,11,19,0.34274,38,155
349,16,2,0.335779,86,197
350,21,15,0.0824584,86,204
351,3,20,0.0679337,38,152
352,5,3,0.626693,42,161
353,11,0,0.85229,38,147
354,3,17,0.138261,38,160
355,21,18,0.191934,86,195
356,19,12,0.0424579,86,198
357,19,2,0.0189018,42,158
358,15,14,0.523027,90,216
359,12,21,0.361184,134,249
360,24,11,0.747486,90,214
361,15,18,0.783114,88,194
362,11,4,0.0519787,38,148
363,20,23,0.101819,38,149
364,14,9,0.547748,86,210
365,22,15,0.113321,90,207
366,2,8,0.50052,136,248
367,22,0,0.197796,90,199
368,5,1,0.523781,42,153
369,16,19,0.658475,134,246
370,11,14,0.460086,136,256
371,8,17,0.595736,90,199
372,3,19,0.454557,40,147
373,16,9,0.256184,42,158
374,12,10,0.79892,40,172
375,3,24,0.0500735,88,215
376,21,0,0.0943754,88,200
377,17,20,0.261801,136,244
378,5,1,0.078219,86,197
379,21,19,0.402654,138,242
380,19,4,0.067074,88,203
381,23,10,0.565289,134,236
382,20,15,0.434766,42,158
383,14,20,0.0933606,138,260
384,23,4,0.363342,88,207
385,9,12,0.00454545,86,204
386,6,16,0.355989,138,251
387,14,12,0.182783,38,150
388,2,22,0.202737,40,151
389,16,11,0.681677,38,150
390,8,19,0.0843246,90,199
391,3,5,0.885826,40,159
392,14,5,0.393102,88,215
393,17,10,0.585797,90,204
394,16,11,0.711031,90,202
395,11,17,0.357263,134,252
396,14,21,0.789257,136,242
397,24,18,0.0254461,138,241
398,10,18,0.466745,42,148
399,6,17,0.0511412,88,209
400,5,18,0.576222,136,249
401,14,9,0.504712,90,214
402,5,24,0.0608315,90,207
403,10,1,0.0318708,86,205
404,14,3,0.299986,138,245
405,18,23,0.308736,88,188
406,9,12,0.00454545,88,206
407,5,18,0.560342,42,155
408,18,17,0.161457,42,143
409,0,14,0.283176,136,253
410,0,22,0.254464,138,247
411,9,1,0.659389,40,148
412,22,17,0.298924,90,199
413,14,16,0.11083,38,150
414,6,4,0.0164377,86,197
415,23,21,0.790448,86,195
416,24,18,0.0194703,134,237
417,12,13,0.201512,38,159
418,18,19,0.887234,86,201
419,5,20,0.326811,136,248
420,14,11,0.745524,138,258
421,18,2,0.448039,136,256
422,20,17,0.443699,136,244
423,19,13,0.559347,136,248
424,23,16,0.19814,138,259
425,17,13,0.293831,86,188
426,10,13,0.0297651,40,151
427,3,16,0.647102,38,139
428,18,6,0.829633,40,155
429,14,12,0.158101,86,198
430,21,13,0.795383,90,194
431,16,11,0.713034,40,152
432,0,10,0.440057,138,265
433,2,17,0.11072,42,161
434,13,16,0.0844073,40,157
435,1,17,0.328241,42,154
436,23,5,0.859126,90,205
437,17,1,0.300603,138,248
438,24,15,0.940507,90,190
439,1,18,0.408084,88,202
440,16,22,0.287479,86,200
441,17,23,0.728291,138,249
442,0,6,0.121788,40,150
443,8,24,0.0295792,90,210
444,15,24,0.977877,184,284
445,6,16,0.365602,136,249
446,2,23,0.101236,88,209
447,16,6,0.104503,88,201
448,5,4,0.185597,86,203
449,15,17,0.344597,136,244
450,16,9,0.24257,134,250
451,23,3,0.807779,38,159
452,13,18,0.818411,38,141
453,22,15,0.109283,134,251
454,9,12,0.00454545,40,158
455,15,3,0.4078,90,224
456,19,3,0.90693,134,241
457,18,17,0.351851,88,189
458,0,16,0.776375,90,199
459,1,4,0.93777,88,190
460,22,19,0.121645,136,253
461,11,19,0.305344,136,253
462,2,23,0.0914914,134,255
463,15,20,0.163207,136,254
464,22,2,0.63198,90,201
465,8,15,0.0422237,134,257
466,19,21,0.671655,42,146
467,20,0,0.0609228,136,247
468,3,17,0.143181,40,162
469,15,24,0.435643,88,188
470,17,11,0.121264,86,204
471,12,17,0.00589411,134,256
472,16,19,0.581921,88,200
473,13,2,0.297394,38,154
474,22,3,0.220337,138,246
475,1,15,0.172702,136,256
476,1,19,0.989498,86,195
477,3,8,0.230939,134,239
478,16,4,0.863898,136,245
479,14,13,0.817922,138,252
480,2,8,0.451562,86,198
481,0,8,0.352964,138,248
482,20,13,0.865527,90,192
483,19,20,0.363398,134,253
484,16,13,0.899891,136,249
485,12,15,0.462897,88,218
486,0,16,0.702631,88,197
487,22,2,0.615244,88,199
488,13,21,0.220901,88,192
489,15,0,0.454352,134,259
490,17,0,0.00908558,136,251
491,15,14,0.422994,40,166
492,1,24,0.773679,38,158
493,2,4,0.0693072,136,245
494,0,9,0.145264,86,199
495,0,24,0.501121,86,211
496,4,1,0.228171,134,236
497,2,15,0.275806,88,215
498,23,16,0.214784,134,255
499,19,20,0.306241,136,255
