NODES,25
INDEX,Name,X-coordinate,Y-coordinate
0,0,-,-
1,1,-,-
2,2,-,-
3,3,-,-
4,4,-,-
5,5,-,-
6,6,-,-
7,7,-,-
8,8,-,-
9,9,-,-
10,10,-,-
11,11,-,-
12,12,-,-
13,13,-,-
14,14,-,-
15,15,-,-
16,16,-,-
17,17,-,-
18,18,-,-
19,19,-,-
20,20,-,-
21,21,-,-
22,22,-,-
23,23,-,-
24,24,-,-
ARCS,529
Index,Origin,Destination,Variable Cost,Fixed Cost,Capacity,Travel time
0,0,1,0,117.8,1,5
1,1,0,0,117.8,1,5
2,1,2,0,234.05,1,7
3,1,3,0,260.4,1,8
4,1,4,0,175.15,1,6
5,1,5,0,486.7,1,15
6,1,6,0,323.95,1,9
7,1,8,0,323.95,1,9
8,1,9,0,447.95,1,12
9,1,10,0,883.5,1,26
10,1,11,0,255.75,1,8
11,1,12,0,387.5,1,10
12,1,13,0,489.8,1,14
13,1,14,0,525.45,1,16
14,1,15,0,1002.85,1,24
15,1,16,0,252.65,1,8
16,1,17,0,545.6,1,16
17,1,18,0,680.45,1,18
18,1,19,0,503.75,1,13
19,1,20,0,358.05,1,10
20,1,21,0,409.2,1,11
21,1,22,0,266.6,1,8
22,1,23,0,699.05,1,18
23,1,24,0,903.65,1,24
24,2,1,0,234.05,1,7
25,3,1,0,260.4,1,8
26,3,4,0,230.95,1,8
27,3,8,0,311.55,1,9
28,3,12,0,144.15,1,5
29,3,13,0,661.85,1,20
30,3,14,0,418.5,1,11
31,3,16,0,151.9,1,5
32,3,19,0,396.8,1,11
33,3,21,0,469.65,1,14
34,3,22,0,429.35,1,13
35,4,1,0,175.15,1,6
36,4,3,0,230.95,1,8
37,5,1,0,486.7,1,15
38,5,13,0,367.35,1,10
39,6,1,0,323.95,1,9
40,6,13,0,430.9,1,11
41,7,1,0,103.85,1,4
42,8,1,0,323.95,1,9
43,8,3,0,311.55,1,9
44,8,13,0,415.4,1,11
45,8,16,0,161.2,1,6
46,8,21,0,158.1,1,5
47,9,1,0,447.95,1,12
48,10,1,0,891.25,1,23
49,10,23,0,192.2,1,6
50,11,1,0,255.75,1,8
51,11,13,0,592.1,1,16
52,12,1,0,387.5,1,10
53,12,3,0,144.15,1,5
54,13,1,0,489.8,1,13
55,13,3,0,669.6,1,22
56,13,5,0,367.35,1,10
57,13,6,0,430.9,1,12
58,13,10,0,483.6,1,12
59,13,11,0,596.75,1,17
60,13,15,0,553.35,1,14
61,13,17,0,176.7,1,6
62,13,18,0,248,1,7
63,13,19,0,573.5,1,16
64,13,20,0,198.4,1,6
65,13,21,0,275.9,1,8
66,13,22,0,232.5,1,7
67,13,23,0,323.95,1,9
68,13,24,0,449.5,1,11
69,14,1,0,525.45,1,16
70,14,3,0,418.5,1,11
71,14,19,0,111.6,1,4
72,14,21,0,384.4,1,10
73,15,1,0,1002.85,1,24
74,15,13,0,553.35,1,16
75,15,18,0,350.3,1,10
76,15,21,0,747.1,1,20
77,15,23,0,412.3,1,11
78,16,1,0,252.65,1,8
79,16,3,0,151.9,1,5
80,16,8,0,161.2,1,6
81,16,13,0,581.25,1,17
82,16,21,0,305.35,1,9
83,17,1,0,544.05,1,14
84,17,13,0,176.7,1,6
85,17,18,0,127.1,1,5
86,17,21,0,292.95,1,8
87,18,1,0,666.5,1,17
88,18,10,0,308.45,1,10
89,18,13,0,248,1,7
90,18,15,0,350.3,1,10
91,18,17,0,127.1,1,5
92,18,19,0,719.2,1,19
93,18,21,0,421.6,1,11
94,18,22,0,421.6,1,13
95,18,23,0,116.25,1,4
96,18,24,0,237.15,1,7
97,19,1,0,503.75,1,13
98,19,3,0,396.8,1,11
99,19,8,0,240.25,1,7
100,19,14,0,111.6,1,4
101,19,21,0,297.6,1,8
102,20,1,0,358.05,1,10
103,20,13,0,198.4,1,6
104,20,23,0,522.35,1,15
105,21,1,0,409.2,1,11
106,21,3,0,458.8,1,13
107,21,8,0,158.1,1,5
108,21,13,0,275.9,1,8
109,21,14,0,384.4,1,10
110,21,15,0,829.25,1,22
111,21,17,0,292.95,1,8
112,21,18,0,420.05,1,13
113,21,19,0,297.6,1,8
114,21,23,0,440.2,1,11
115,22,1,0,266.6,1,8
116,22,3,0,429.35,1,12
117,22,13,0,232.5,1,7
118,23,1,0,699.05,1,17
119,23,10,0,192.2,1,6
120,23,13,0,323.95,1,9
121,23,15,0,412.3,1,11
122,23,17,0,153.45,1,5
123,23,18,0,116.25,1,4
124,23,21,0,446.4,1,13
125,23,24,0,305.35,1,9
126,24,1,0,903.65,1,24
127,24,13,0,449.5,1,11
128,24,18,0,237.15,1,7
129,24,23,0,305.35,1,9
130,0,2,0,161.2,1,6
131,0,3,0,353.4,1,10
132,0,4,0,285.2,1,9
133,0,5,0,474.3,1,13
134,0,6,0,246.45,1,8
135,0,8,0,427.8,1,12
136,0,9,0,379.75,1,11
137,0,10,0,931.55,1,25
138,0,11,0,158.1,1,5
139,0,12,0,401.45,1,11
140,0,14,0,632.4,1,17
141,0,15,0,1063.3,1,28
142,0,16,0,367.35,1,11
143,0,17,0,596.75,1,16
144,0,18,0,717.65,1,19
145,0,19,0,615.35,1,17
146,0,20,0,361.15,1,10
147,0,21,0,444.85,1,13
148,0,22,0,297.6,1,9
149,0,23,0,739.35,1,20
150,0,24,0,957.9,1,25
151,1,7,0,103.85,1,4
152,2,0,0,161.2,1,6
153,2,3,0,480.5,1,13
154,2,4,0,409.2,1,12
155,2,5,0,257.3,1,8
156,2,6,0,110.05,1,4
157,2,8,0,412.3,1,12
158,2,9,0,229.4,1,7
159,2,10,0,872.65,1,23
160,2,11,0,182.9,1,6
161,2,12,0,582.8,1,16
162,2,13,0,390.6,1,11
163,2,14,0,790.5,1,21
164,2,15,0,940.85,1,25
165,2,16,0,475.85,1,13
166,2,17,0,568.85,1,16
167,2,18,0,638.6,1,17
168,2,19,0,643.25,1,17
169,2,20,0,207.7,1,7
170,2,21,0,424.7,1,12
171,2,22,0,308.45,1,9
172,2,23,0,716.1,1,19
173,2,24,0,847.85,1,23
174,3,0,0,353.4,1,10
175,3,2,0,480.5,1,13
176,3,6,0,554.9,1,15
177,3,9,0,685.1,1,18
178,3,10,0,995.1,1,26
179,3,11,0,477.4,1,13
180,3,15,0,1224.5,1,32
181,3,17,0,764.15,1,20
182,3,18,0,833.9,1,22
183,3,20,0,620,1,17
184,3,23,0,888.15,1,23
185,3,24,0,1108.25,1,29
186,4,0,0,285.2,1,9
187,4,2,0,409.2,1,12
188,4,6,0,494.45,1,14
189,4,7,0,75.95,1,3
190,4,8,0,142.6,1,5
191,4,9,0,624.65,1,17
192,4,10,0,838.55,1,22
193,4,11,0,406.1,1,12
194,4,12,0,331.7,1,9
195,4,13,0,427.8,1,12
196,4,14,0,410.75,1,12
197,4,15,0,970.3,1,26
198,4,16,0,147.25,1,5
199,4,17,0,503.75,1,14
200,4,18,0,624.65,1,17
201,4,19,0,390.6,1,11
202,4,20,0,413.85,1,12
203,4,21,0,263.5,1,8
204,4,22,0,204.6,1,7
205,4,23,0,646.35,1,18
206,4,24,0,861.8,1,23
207,5,0,0,474.3,1,13
208,5,2,0,257.3,1,8
209,5,6,0,161.2,1,5
210,5,9,0,198.4,1,6
211,5,11,0,320.85,1,9
212,5,18,0,660.3,1,16
213,5,20,0,178.25,1,6
214,5,23,0,720.75,1,19
215,6,0,0,246.45,1,8
216,6,2,0,110.05,1,4
217,6,3,0,554.9,1,15
218,6,4,0,494.45,1,14
219,6,5,0,161.2,1,5
220,6,8,0,637.05,1,17
221,6,9,0,141.05,1,5
222,6,10,0,939.3,1,25
223,6,11,0,165.85,1,5
224,6,12,0,623.1,1,17
225,6,14,0,840.1,1,22
226,6,15,0,982.7,1,26
227,6,16,0,576.6,1,16
228,6,17,0,615.35,1,17
229,6,18,0,685.1,1,18
230,6,19,0,824.6,1,22
231,6,20,0,243.35,1,7
232,6,21,0,593.65,1,16
233,6,22,0,446.4,1,13
234,6,23,0,761.05,1,20
235,6,24,0,877.3,1,23
236,7,3,0,246.45,1,8
237,7,4,0,75.95,1,3
238,8,0,0,427.8,1,12
239,8,2,0,412.3,1,12
240,8,4,0,142.6,1,5
241,8,6,0,637.05,1,17
242,8,9,0,767.25,1,21
243,8,10,0,714.55,1,19
244,8,11,0,545.6,1,15
245,8,12,0,460.35,1,13
246,8,14,0,328.6,1,10
247,8,15,0,883.5,1,23
248,8,17,0,427.8,1,12
249,8,18,0,542.5,1,15
250,8,19,0,240.25,1,7
251,8,20,0,444.85,1,13
252,8,22,0,203.05,1,7
253,8,23,0,536.3,1,15
254,8,24,0,801.35,1,21
255,9,0,0,379.75,1,11
256,9,2,0,229.4,1,7
257,9,3,0,685.1,1,18
258,9,4,0,624.65,1,17
259,9,5,0,198.4,1,6
260,9,6,0,141.05,1,5
261,9,8,0,767.25,1,21
262,9,10,0,1069.5,1,28
263,9,11,0,297.6,1,8
264,9,12,0,753.3,1,20
265,9,13,0,469.65,1,12
266,9,14,0,652.55,1,18
267,9,15,0,1112.9,1,29
268,9,16,0,706.8,1,19
269,9,17,0,646.35,1,18
270,9,18,0,711.45,1,18
271,9,19,0,954.8,1,25
272,9,20,0,279,1,8
273,9,21,0,723.85,1,19
274,9,22,0,576.6,1,16
275,9,23,0,891.25,1,24
276,9,24,0,1019.9,1,27
277,10,0,0,931.55,1,25
278,10,2,0,872.65,1,23
279,10,3,0,995.1,1,26
280,10,4,0,838.55,1,22
281,10,6,0,939.3,1,25
282,10,8,0,714.55,1,19
283,10,9,0,1069.5,1,28
284,10,11,0,1133.05,1,30
285,10,12,0,1086.55,1,28
286,10,13,0,483.6,1,12
287,10,14,0,970.3,1,26
288,10,15,0,224.75,1,7
289,10,16,0,872.65,1,23
290,10,17,0,334.8,1,9
291,10,18,0,306.9,1,9
292,10,19,0,909.85,1,24
293,10,20,0,714.55,1,19
294,10,21,0,623.1,1,16
295,10,22,0,623.1,1,17
296,10,24,0,286.75,1,8
297,11,0,0,158.1,1,5
298,11,2,0,182.9,1,6
299,11,3,0,477.4,1,13
300,11,4,0,406.1,1,12
301,11,5,0,320.85,1,9
302,11,6,0,165.85,1,5
303,11,8,0,545.6,1,15
304,11,9,0,297.6,1,9
305,11,10,0,1133.05,1,30
306,11,12,0,523.9,1,14
307,11,14,0,770.35,1,21
308,11,15,0,1112.9,1,29
309,11,16,0,488.25,1,14
310,11,17,0,798.25,1,21
311,11,18,0,832.35,1,21
312,11,19,0,748.65,1,20
313,11,20,0,406.1,1,11
314,11,21,0,649.45,1,18
315,11,22,0,499.1,1,14
316,11,23,0,852.5,1,23
317,11,24,0,1021.45,1,27
318,12,0,0,401.45,1,11
319,12,2,0,582.8,1,16
320,12,4,0,331.7,1,10
321,12,6,0,623.1,1,17
322,12,8,0,460.35,1,13
323,12,9,0,753.3,1,20
324,12,10,0,1086.55,1,28
325,12,11,0,523.9,1,14
326,12,13,0,776.55,1,20
327,12,14,0,550.25,1,15
328,12,15,0,1233.8,1,32
329,12,16,0,296.05,1,9
330,12,17,0,776.55,1,21
331,12,18,0,1038.5,1,27
332,12,19,0,523.9,1,14
333,12,20,0,637.05,1,17
334,12,21,0,554.9,1,15
335,12,22,0,556.45,1,15
336,12,23,0,919.15,1,24
337,12,24,0,1137.7,1,30
338,13,2,0,390.6,1,11
339,13,4,0,427.8,1,12
340,13,8,0,415.4,1,11
341,13,9,0,469.65,1,12
342,13,14,0,655.65,1,17
343,13,16,0,530.1,1,14
344,14,0,0,632.4,1,17
345,14,2,0,790.5,1,21
346,14,4,0,410.75,1,12
347,14,6,0,840.1,1,22
348,14,8,0,328.6,1,10
349,14,9,0,652.55,1,18
350,14,10,0,970.3,1,26
351,14,11,0,770.35,1,21
352,14,12,0,550.25,1,15
353,14,13,0,655.65,1,17
354,14,15,0,1106.7,1,28
355,14,16,0,272.8,1,8
356,14,17,0,671.15,1,18
357,14,18,0,798.25,1,20
358,14,20,0,852.5,1,23
359,14,22,0,527,1,15
360,14,23,0,818.4,1,20
361,14,24,0,995.1,1,26
362,15,0,0,1063.3,1,28
363,15,2,0,940.85,1,25
364,15,3,0,1224.5,1,32
365,15,4,0,970.3,1,26
366,15,6,0,982.7,1,26
367,15,8,0,883.5,1,23
368,15,9,0,1112.9,1,29
369,15,10,0,224.75,1,7
370,15,11,0,1112.9,1,29
371,15,12,0,1233.8,1,32
372,15,14,0,1106.7,1,28
373,15,16,0,1027.65,1,27
374,15,17,0,454.15,1,12
375,15,19,0,1023,1,27
376,15,20,0,757.95,1,19
377,15,22,0,733.15,1,19
378,15,24,0,110.05,1,4
379,16,0,0,367.35,1,11
380,16,2,0,475.85,1,13
381,16,4,0,147.25,1,5
382,16,6,0,576.6,1,16
383,16,7,0,155,1,5
384,16,9,0,706.8,1,19
385,16,10,0,872.65,1,23
386,16,11,0,488.25,1,14
387,16,12,0,296.05,1,8
388,16,14,0,272.8,1,8
389,16,15,0,1027.65,1,27
390,16,17,0,570.4,1,16
391,16,18,0,686.65,1,19
392,16,19,0,251.1,1,7
393,16,20,0,525.45,1,15
394,16,22,0,302.25,1,9
395,16,23,0,692.85,1,19
396,16,24,0,951.7,1,25
397,17,0,0,596.75,1,16
398,17,2,0,568.85,1,16
399,17,3,0,764.15,1,20
400,17,4,0,503.75,1,14
401,17,5,0,530.1,1,14
402,17,6,0,615.35,1,17
403,17,8,0,427.8,1,12
404,17,9,0,649.45,1,18
405,17,10,0,334.8,1,10
406,17,11,0,798.25,1,21
407,17,12,0,776.55,1,21
408,17,14,0,671.15,1,17
409,17,15,0,454.15,1,12
410,17,16,0,570.4,1,16
411,17,19,0,581.25,1,16
412,17,20,0,373.55,1,10
413,17,22,0,294.5,1,8
414,17,23,0,153.45,1,5
415,17,24,0,362.7,1,10
416,18,0,0,719.2,1,19
417,18,2,0,638.6,1,17
418,18,3,0,833.9,1,22
419,18,4,0,624.65,1,17
420,18,5,0,660.3,1,16
421,18,6,0,685.1,1,18
422,18,8,0,542.5,1,15
423,18,9,0,711.45,1,18
424,18,11,0,832.35,1,21
425,18,12,0,1038.5,1,27
426,18,14,0,798.25,1,21
427,18,16,0,686.65,1,19
428,18,20,0,438.65,1,12
429,19,0,0,615.35,1,17
430,19,2,0,643.25,1,17
431,19,4,0,390.6,1,11
432,19,6,0,824.6,1,22
433,19,9,0,954.8,1,25
434,19,10,0,909.85,1,24
435,19,11,0,748.65,1,20
436,19,12,0,523.9,1,14
437,19,13,0,565.75,1,14
438,19,15,0,1023,1,27
439,19,16,0,251.1,1,7
440,19,17,0,581.25,1,16
441,19,18,0,709.9,1,18
442,19,20,0,764.15,1,20
443,19,22,0,437.1,1,12
444,19,23,0,728.5,1,18
445,19,24,0,942.4,1,25
446,20,0,0,361.15,1,10
447,20,2,0,207.7,1,7
448,20,3,0,620,1,17
449,20,4,0,413.85,1,12
450,20,5,0,178.25,1,6
451,20,6,0,243.35,1,7
452,20,8,0,444.85,1,13
453,20,9,0,279,1,8
454,20,10,0,714.55,1,19
455,20,11,0,406.1,1,11
456,20,12,0,637.05,1,17
457,20,14,0,878.85,1,23
458,20,15,0,757.95,1,19
459,20,16,0,525.45,1,15
460,20,17,0,373.55,1,11
461,20,18,0,438.65,1,12
462,20,19,0,764.15,1,20
463,20,21,0,466.55,1,13
464,20,22,0,272.8,1,8
465,20,24,0,641.7,1,17
466,21,0,0,444.85,1,13
467,21,2,0,424.7,1,12
468,21,4,0,263.5,1,8
469,21,6,0,593.65,1,16
470,21,9,0,723.85,1,19
471,21,10,0,623.1,1,16
472,21,11,0,646.35,1,18
473,21,12,0,554.9,1,15
474,21,16,0,305.35,1,9
475,21,20,0,466.55,1,13
476,21,22,0,142.6,1,5
477,21,24,0,651,1,18
478,22,0,0,297.6,1,9
479,22,2,0,308.45,1,10
480,22,4,0,204.6,1,7
481,22,6,0,446.4,1,13
482,22,8,0,203.05,1,6
483,22,9,0,576.6,1,16
484,22,10,0,623.1,1,17
485,22,11,0,499.1,1,14
486,22,12,0,556.45,1,15
487,22,14,0,527,1,15
488,22,15,0,733.15,1,19
489,22,16,0,302.25,1,9
490,22,17,0,294.5,1,8
491,22,18,0,404.55,1,10
492,22,19,0,437.1,1,12
493,22,20,0,272.8,1,9
494,22,21,0,142.6,1,5
495,22,23,0,432.45,1,11
496,22,24,0,643.25,1,17
497,23,0,0,739.35,1,20
498,23,2,0,716.1,1,19
499,23,3,0,888.15,1,23
500,23,4,0,646.35,1,18
501,23,6,0,761.05,1,20
502,23,8,0,536.3,1,15
503,23,9,0,891.25,1,24
504,23,11,0,852.5,1,23
505,23,12,0,919.15,1,24
506,23,14,0,818.4,1,20
507,23,16,0,692.85,1,19
508,23,19,0,728.5,1,18
509,23,20,0,522.35,1,14
510,23,22,0,432.45,1,11
511,24,0,0,957.9,1,25
512,24,2,0,847.85,1,23
513,24,3,0,1108.25,1,29
514,24,4,0,861.8,1,23
515,24,6,0,877.3,1,23
516,24,8,0,801.35,1,21
517,24,9,0,1019.9,1,27
518,24,10,0,286.75,1,8
519,24,11,0,1021.45,1,27
520,24,12,0,1137.7,1,30
521,24,14,0,995.1,1,26
522,24,15,0,110.05,1,4
523,24,16,0,951.7,1,25
524,24,17,0,362.7,1,10
525,24,19,0,942.4,1,25
526,24,20,0,641.7,1,17
527,24,21,0,651,1,16
528,24,22,0,643.25,1,17
PATHS,600
Index,Shipment origin,Shipment destination,1st terminal on path,2nd terminal on path,.....,6th terminal on path
0,0,1,0,1
1,0,2,0,1,2
2,0,3,0,1,3
3,0,4,0,1,4
4,0,5,0,1,5
5,0,6,0,1,6
6,0,7,0,1,7
7,0,8,0,1,8
8,0,9,0,1,9
9,0,10,0,1,10
10,0,11,0,1,11
11,0,12,0,1,12
12,0,13,0,1,13
13,0,14,0,1,14
14,0,15,0,1,15
15,0,16,0,1,16
16,0,17,0,1,17
17,0,18,0,1,18
18,0,19,0,1,19
19,0,20,0,1,20
20,0,21,0,1,21
21,0,22,0,1,22
22,0,23,0,1,23
23,0,24,0,1,24
24,1,0,1,0
25,1,2,1,2
26,1,3,1,3
27,1,4,1,4
28,1,5,1,5
29,1,6,1,6
30,1,7,1,7
31,1,8,1,8
32,1,9,1,9
33,1,10,1,10
34,1,11,1,11
35,1,12,1,12
36,1,13,1,13
37,1,14,1,14
38,1,15,1,15
39,1,16,1,16
40,1,17,1,17
41,1,18,1,18
42,1,19,1,19
43,1,20,1,20
44,1,21,1,21
45,1,22,1,22
46,1,23,1,23
47,1,24,1,24
48,2,0,2,1,0
49,2,1,2,1
50,2,3,2,1,3
51,2,4,2,1,4
52,2,5,2,1,5
53,2,6,2,1,6
54,2,8,2,1,8
55,2,7,2,1,7
56,2,9,2,1,9
57,2,10,2,1,10
58,2,11,2,1,11
59,2,12,2,1,12
60,2,13,2,1,13
61,2,14,2,1,14
62,2,15,2,1,15
63,2,16,2,1,16
64,2,17,2,1,17
65,2,18,2,1,18
66,2,19,2,1,19
67,2,20,2,1,20
68,2,21,2,1,21
69,2,22,2,1,22
70,2,23,2,1,23
71,2,24,2,1,24
72,3,0,3,1,0
73,3,1,3,1
74,3,2,3,1,2
75,3,4,3,4
76,3,5,3,1,5
77,3,6,3,1,6
78,3,7,3,1,7
79,3,8,3,8
80,3,9,3,1,9
81,3,10,3,13,10
82,3,11,3,1,11
83,3,12,3,12
84,3,13,3,13
85,3,14,3,14
86,3,15,3,13,15
87,3,16,3,16
88,3,17,3,13,17
89,3,18,3,13,18
90,3,19,3,19
91,3,20,3,1,20
92,3,21,3,21
93,3,22,3,22
94,3,23,3,21,23
95,3,24,3,13,24
96,4,0,4,1,0
97,4,1,4,1
98,4,2,4,1,2
99,4,3,4,3
100,4,5,4,1,5
101,4,6,4,1,6
102,4,7,4,1,7
103,4,8,4,1,8
104,4,9,4,1,9
105,4,10,4,1,10
106,4,11,4,1,11
107,4,12,4,3,12
108,4,13,4,1,13
109,4,14,4,3,14
110,4,15,4,1,15
111,4,16,4,3,16
112,4,17,4,1,17
113,4,18,4,1,18
114,4,19,4,3,19
115,4,20,4,1,20
116,4,21,4,1,21
117,4,22,4,1,22
118,4,23,4,1,23
119,4,24,4,1,24
120,5,0,5,1,0
121,5,1,5,1
122,5,2,5,1,2
123,5,3,5,1,3
124,5,4,5,1,4
125,5,6,5,1,6
126,5,7,5,1,7
127,5,8,5,1,8
128,5,9,5,1,9
129,5,10,5,13,10
130,5,11,5,1,11
131,5,12,5,1,12
132,5,13,5,13
133,5,14,5,1,14
134,5,15,5,13,15
135,5,16,5,1,16
136,5,17,5,13,17
137,5,18,5,13,18
138,5,19,5,13,21,19
139,5,20,5,13,20
140,5,21,5,13,21
141,5,22,5,1,22
142,5,23,5,13,23
143,5,24,5,13,24
144,6,0,6,1,0
145,6,1,6,1
146,6,2,6,1,2
147,6,3,6,1,3
148,6,4,6,1,4
149,6,5,6,1,5
150,6,7,6,1,7
151,6,8,6,1,8
152,6,9,6,1,9
153,6,10,6,1,10
154,6,11,6,1,11
155,6,12,6,1,12
156,6,13,6,1,13
157,6,14,6,1,14
158,6,15,6,1,15
159,6,16,6,1,16
160,6,17,6,1,17
161,6,18,6,1,18
162,6,19,6,1,19
163,6,20,6,1,20
164,6,21,6,1,21
165,6,22,6,1,22
166,6,23,6,1,23
167,6,24,6,1,24
168,7,0,7,1,0
169,7,1,7,1
170,7,2,7,1,2
171,7,3,7,3
172,7,4,7,4
173,7,5,7,1,5
174,7,6,7,3,6
175,7,8,7,3,8
176,7,9,7,1,9
177,7,10,7,1,9
178,7,11,7,3,11
179,7,12,7,4,12
180,7,13,7,4,13
181,7,14,7,4,14
182,7,15,7,4,15
183,7,16,7,4,16
184,7,17,7,1,17
185,7,18,7,1,18
186,7,19,7,1,19
187,7,20,7,1,20
188,7,21,7,1,21
189,7,22,7,1,22
190,7,23,7,1,23
191,7,24,7,1,24
192,8,0,8,1,0
193,8,1,8,1
194,8,2,8,1,2
195,8,3,8,3
196,8,4,8,1,4
197,8,5,8,1,5
198,8,6,8,1,6
199,8,7,8,1,7
200,8,9,8,1,9
201,8,10,8,21,23,10
202,8,11,8,1,11
203,8,12,8,3,12
204,8,13,8,21,13
205,8,14,8,21,14
206,8,15,8,21,13,15
207,8,16,8,3,16
208,8,17,8,21,17
209,8,18,8,21,18
210,8,19,8,21,19
211,8,20,8,1,20
212,8,21,8,21
213,8,22,8,1,22
214,8,23,8,21,23
215,8,24,8,21,13,24
216,9,0,9,1,0
217,9,1,9,1
218,9,2,9,1,2
219,9,3,9,1,3
220,9,4,9,1,4
221,9,5,9,1,5
222,9,6,9,1,6
223,9,7,9,1,7
224,9,8,9,1,8
225,9,10,9,1,10
226,9,11,9,1,11
227,9,12,9,1,12
228,9,13,9,1,13
229,9,14,9,1,14
230,9,15,9,1,15
231,9,16,9,1,16
232,9,17,9,1,17
233,9,18,9,1,18
234,9,19,9,1,19
235,9,20,9,1,20
236,9,21,9,1,21
237,9,22,9,1,22
238,9,23,9,1,23
239,9,24,9,1,24
240,10,0,10,1,0
241,10,1,10,1
242,10,2,10,1,2
243,10,3,10,1,3
244,10,4,10,1,4
245,10,5,10,23,13,5
246,10,6,10,23,13,6
247,10,7,10,1,7
248,10,8,10,23,21,8
249,10,9,10,1,9
250,10,11,10,1,11
251,10,12,10,1,12
252,10,13,10,23,13
253,10,14,10,23,21,14
254,10,15,10,23,15
255,10,16,10,1,16
256,10,17,10,23,17
257,10,18,10,23,18
258,10,19,10,23,21,19
259,10,20,10,23,13,20
260,10,21,10,23,21
261,10,22,10,23,22
262,10,23,10,23
263,10,24,10,23,24
264,11,0,11,1,0
265,11,1,11,1
266,11,2,11,1,2
267,11,3,11,1,3
268,11,4,11,1,4
269,11,5,11,1,5
270,11,6,11,1,6
271,11,7,11,1,7
272,11,8,11,1,8
273,11,9,11,1,9
274,11,10,11,13,10
275,11,12,11,1,12
276,11,13,11,13
277,11,14,11,1,14
278,11,15,11,13,15
279,11,16,11,1,16
280,11,17,11,13,17
281,11,18,11,13,18
282,11,19,11,1,19
283,11,20,11,1,20
284,11,21,11,1,21
285,11,22,11,1,22
286,11,23,11,13,23
287,11,24,11,13,24
288,12,0,12,1,0
289,12,1,12,1
290,12,2,12,1,2
291,12,3,12,3
292,12,4,12,3,4
293,12,5,12,1,5
294,12,6,12,1,6
295,12,7,12,1,7
296,12,8,12,3,8
297,12,9,12,1,9
298,12,10,12,1,10
299,12,11,12,1,11
300,12,13,12,3,13
301,12,14,12,3,14
302,12,15,12,1,15
303,12,16,12,3,16
304,12,17,12,1,17
305,12,18,12,1,18
306,12,19,12,3,19
307,12,20,12,1,20
308,12,21,12,3,21
309,12,22,12,3,22
310,12,23,12,1,23
311,12,24,12,1,24
312,13,0,13,1,0
313,13,1,13,1
314,13,2,13,1,2
315,13,3,13,3
316,13,4,13,4
317,13,5,13,5
318,13,6,13,6
319,13,7,13,1,7
320,13,8,13,21,8
321,13,9,13,1,9
322,13,10,13,10
323,13,11,13,11
324,13,12,13,3,12
325,13,14,13,21,14
326,13,15,13,15
327,13,16,13,1,16
328,13,17,13,17
329,13,18,13,18
330,13,19,13,21,19
331,13,20,13,20
332,13,21,13,21
333,13,22,13,22
334,13,23,13,23
335,13,24,13,24
336,14,0,14,1,0
337,14,1,14,1
338,14,2,14,1,2
339,14,3,14,3
340,14,4,14,3,4
341,14,5,14,1,5
342,14,6,14,1,6
343,14,7,14,1,7
344,14,8,14,3,8
345,14,9,14,1,9
346,14,10,14,21,23,10
347,14,11,14,1,11
348,14,12,14,3,12
349,14,13,14,21,13
350,14,15,14,21,13,15
351,14,16,14,3,16
352,14,17,14,21,17
353,14,18,14,21,18
354,14,19,14,1,19
355,14,20,14,1,20
356,14,21,14,21
357,14,22,14,1,22
358,14,23,14,21,23
359,14,24,14,21,13,24
360,15,0,15,1,0
361,15,1,15,1
362,15,2,15,1,2
363,15,3,15,13,3
364,15,4,15,1,4
365,15,5,15,13,5
366,15,6,15,13,6
367,15,7,15,1,7
368,15,8,15,21,8
369,15,9,15,1,9
370,15,10,15,10
371,15,11,15,1,11
372,15,12,15,1,12
373,15,13,15,13
374,15,14,15,21,14
375,15,16,15,1,16
376,15,17,15,17
377,15,18,15,18
378,15,19,15,21,19
379,15,20,15,13,20
380,15,21,15,21
381,15,22,15,13,22
382,15,23,15,23
383,15,24,15,24
384,16,0,16,1,0
385,16,1,16,1
386,16,2,16,1,2
387,16,3,16,3
388,16,4,16,3,4
389,16,5,16,1,5
390,16,6,16,1,6
391,16,7,16,1,7
392,16,8,16,3,8
393,16,9,16,1,9
394,16,10,16,13,10
395,16,11,16,1,11
396,16,12,16,3,12
397,16,13,16,13
398,16,14,16,3,14
399,16,15,16,13,15
400,16,17,16,13,17
401,16,18,16,13,18
402,16,19,16,3,19
403,16,20,16,1,20
404,16,21,16,21
405,16,22,16,3,22
406,16,23,16,13,23
407,16,24,16,13,24
408,17,0,17,1,0
409,17,1,17,1
410,17,2,17,1,2
411,17,3,17,13,3
412,17,4,17,1,4
413,17,5,17,13,5
414,17,6,17,13,6
415,17,7,17,1,7
416,17,8,17,21,8
417,17,9,17,1,9
418,17,10,17,13,10
419,17,11,17,1,11
420,17,12,17,1,12
421,17,13,17,13
422,17,14,17,21,14
423,17,15,17,13,15
424,17,16,17,1,16
425,17,18,17,18
426,17,19,17,21,19
427,17,20,17,13,20
428,17,21,17,21
429,17,22,17,13,22
430,17,23,17,13,23
431,17,24,17,13,24
432,18,0,18,1,0
433,18,1,18,1
434,18,2,18,1,2
435,18,3,18,13,3
436,18,4,18,1,4
437,18,5,18,13,5
438,18,6,18,13,6
439,18,7,18,1,7
440,18,8,18,21,8
441,18,9,18,13,1,9
442,18,10,18,10
443,18,11,18,1,11
444,18,12,18,1,12
445,18,13,18,13
446,18,14,18,21,14
447,18,15,18,15
448,18,16,18,1,16
449,18,17,18,17
450,18,19,18,21,19
451,18,20,18,13,20
452,18,21,18,21
453,18,22,18,13,22
454,18,23,18,23
455,18,24,18,24
456,19,0,19,1,0
457,19,1,19,1
458,19,2,19,1,2
459,19,3,19,3
460,19,4,19,3,4
461,19,5,19,1,5
462,19,6,19,1,6
463,19,7,19,1,7
464,19,8,19,21,8
465,19,9,19,1,9
466,19,10,19,1,10
467,19,11,19,1,11
468,19,12,19,3,12
469,19,13,19,21,13
470,19,14,19,1,14
471,19,15,19,21,13,15
472,19,16,19,3,16
473,19,17,19,21,17
474,19,18,19,21,18
475,19,20,19,1,20
476,19,21,19,21
477,19,22,19,1,22
478,19,23,19,21,23
479,19,24,19,21,13,24
480,20,0,20,1,0
481,20,1,20,1
482,20,2,20,1,2
483,20,3,20,1,3
484,20,4,20,1,4
485,20,5,20,1,5
486,20,6,20,1,6
487,20,7,20,1,7
488,20,8,20,1,8
489,20,9,20,1,9
490,20,10,20,13,10
491,20,11,20,1,11
492,20,12,20,1,12
493,20,13,20,13
494,20,14,20,1,14
495,20,15,20,13,15
496,20,16,20,1,16
497,20,17,20,13,17
498,20,18,20,13,18
499,20,19,20,1,19
500,20,21,20,1,21
501,20,22,20,13,22
502,20,23,20,13,23
503,20,24,20,13,24
504,21,0,21,1,0
505,21,1,21,1
506,21,2,21,1,2
507,21,3,21,3
508,21,4,21,1,4
509,21,5,21,13,5
510,21,6,21,13,6
511,21,7,21,1,7
512,21,8,21,8
513,21,9,21,1,9
514,21,10,21,23,10
515,21,11,21,1,11
516,21,12,21,3,12
517,21,13,21,13
518,21,14,21,14
519,21,15,21,13,15
520,21,16,21,3,16
521,21,17,21,17
522,21,18,21,18
523,21,19,21,19
524,21,20,21,1,20
525,21,22,21,1,22
526,21,23,21,23
527,21,24,21,13,24
528,22,0,22,1,0
529,22,1,22,1
530,22,2,22,1,2
531,22,3,22,3
532,22,4,22,1,4
533,22,5,22,13,5
534,22,6,22,1,6
535,22,7,22,1,7
536,22,8,22,1,8
537,22,9,22,1,9
538,22,10,22,13,10
539,22,11,22,1,11
540,22,12,22,3,12
541,22,13,22,13
542,22,14,22,1,14
543,22,15,22,13,15
544,22,16,22,1,16
545,22,17,22,13,17
546,22,18,22,13,18
547,22,19,22,1,19
548,22,20,22,13,20
549,22,21,22,1,21
550,22,23,22,13,23
551,22,24,22,13,24
552,23,0,23,1,0
553,23,1,23,1
554,23,2,23,1,2
555,23,3,23,1,3
556,23,4,23,1,4
557,23,5,23,13,5
558,23,6,23,13,6
559,23,7,23,1,7
560,23,8,23,21,8
561,23,9,23,1,9
562,23,10,23,10
563,23,11,23,1,11
564,23,12,23,1,12
565,23,13,23,13
566,23,14,23,21,14
567,23,15,23,15
568,23,16,23,1,16
569,23,17,23,17
570,23,18,23,18
571,23,19,23,21,19
572,23,20,23,13,20
573,23,21,23,21
574,23,22,23,22
575,23,24,23,24
576,24,0,24,1,0
577,24,1,24,1
578,24,2,24,1,2
579,24,3,24,13,3
580,24,4,24,1,4
581,24,5,24,13,5
582,24,6,24,13,6
583,24,7,24,1,7
584,24,8,24,18,21,8
585,24,9,24,13,1,9
586,24,10,24,23,10
587,24,11,24,13,11
588,24,12,24,1,12
589,24,13,24,13
590,24,14,24,18,21,14
591,24,15,24,15
592,24,16,24,1,16
593,24,17,24,13,17
594,24,18,24,18
595,24,19,24,18,21,19
596,24,20,24,13,20
597,24,21,24,18,21
598,24,22,24,13,22
599,24,23,24,23
COMMODITIES,600
Index,Origin,Destination,Demand/Size,Earliest available time,Latest delivery time
0,20,12,0.0188807,184,228
1,0,19,0.254813,88,130
2,8,5,0.0426464,184,232
3,15,1,0.868862,136,184
4,13,16,0.0890845,136,181
5,13,12,0.138429,234,285
6,13,16,0.0885287,38,83
7,11,10,0.267622,136,188
8,10,21,0.0404627,184,227
9,6,16,0.375039,134,175
10,24,18,0.847979,38,69
11,21,3,0.23577,232,269
12,21,22,0.0229367,90,133
13,12,13,0.198317,234,283
14,3,21,0.139361,232,270
15,23,12,0.322576,86,137
16,1,12,0.0752251,234,268
17,1,11,0.0337893,40,72
18,1,13,0.0457566,86,124
19,8,19,0.0881182,230,267
20,8,19,0.0822587,184,221
21,24,21,0.118878,232,274
22,18,1,0.687305,232,273
23,20,15,0.481362,42,86
24,19,23,0.749407,88,131
25,8,24,0.027446,134,182
26,15,5,0.494568,230,280
27,2,12,0.0521608,90,131
28,8,1,0.13954,42,75
29,1,9,0.520659,90,126
30,0,4,0.0340837,184,219
31,21,1,0.147026,230,265
32,23,18,0.43242,136,164
33,1,0,0.236023,88,117
34,19,13,0.541813,138,178
35,12,17,0.0069466,138,188
36,20,22,0.253212,86,123
37,18,16,0.524971,232,281
38,1,24,0.354883,230,278
39,20,14,0.372627,90,140
40,20,12,0.0190114,230,274
41,0,9,0.152171,232,273
42,0,18,0.776296,86,133
43,17,13,0.528695,232,262
44,16,13,0.926156,134,175
45,1,0,0.11141,86,115
46,24,15,0.0404151,136,164
47,12,19,0.041023,184,224
48,12,20,0.656007,230,274
49,24,0,0.0491491,38,91
50,11,22,0.807896,134,174
51,4,24,0.337042,136,190
52,22,8,0.302337,186,227
53,12,22,0.220673,184,226
54,20,15,0.438227,234,278
55,22,0,0.18573,232,269
56,1,6,0.157778,232,265
57,20,14,0.375884,40,90
58,0,2,0.109819,86,122
59,10,20,0.100176,90,135
60,10,20,0.0893704,86,131
61,6,18,0.0313281,134,185
62,23,18,0.719028,40,68
63,21,22,0.020127,88,131
64,4,15,0.225585,88,142
65,21,0,0.0910016,90,130
66,20,13,0.373894,42,72
67,0,21,0.433787,42,82
68,18,16,0.503282,40,89
69,14,6,0.148621,86,135
70,24,3,0.0162261,40,97
71,17,22,0.155478,136,173
72,4,1,0.0917158,138,168
73,13,21,0.442741,232,264
74,1,18,0.103366,90,132
75,4,1,0.906591,40,70
76,0,4,0.0314906,134,169
77,17,20,0.261322,134,170
78,16,4,0.791762,38,75
79,1,12,0.692208,182,216
80,11,0,0.906345,88,125
81,24,0,0.0489921,40,93
82,12,13,0.170765,136,185
83,18,14,0.358362,234,279
84,21,18,0.20223,186,223
85,13,16,0.0845228,42,87
86,16,19,0.633811,134,174
87,22,16,0.129642,88,128
88,23,19,0.680018,230,275
89,15,18,0.631872,184,218
90,17,20,0.294604,40,76
91,11,23,0.801713,186,235
92,9,3,0.488773,234,278
93,17,2,0.0420371,90,135
94,2,12,0.0553461,184,225
95,23,24,0.332216,90,123
96,15,0,0.447556,86,139
97,1,23,0.507601,186,228
98,1,12,0.240809,38,72
99,12,18,0.121717,186,238
100,8,3,0.48026,182,215
101,15,24,0.870826,40,68
102,20,18,0.280608,232,269
103,11,12,0.30235,88,130
104,15,23,0.977867,38,73
105,18,14,0.145621,134,179
106,9,1,0.114608,40,76
107,23,2,0.0840309,134,182
108,5,4,0.218459,134,179
109,13,8,0.941055,182,219
110,12,20,0.730274,232,276
111,13,11,0.162273,136,177
112,16,2,0.303473,134,173
113,5,12,0.0144448,136,185
114,0,14,0.274729,134,179
115,13,23,0.861659,182,215
116,20,2,0.232192,40,81
117,1,5,0.104551,184,223
118,14,12,0.166058,38,78
119,3,1,0.773977,184,216
120,20,22,0.250867,232,269
121,17,22,0.140678,88,125
122,1,10,0.410424,86,136
123,5,19,0.132628,86,136
124,16,2,0.325179,182,221
125,10,16,0.1016,186,241
126,17,20,0.291907,232,268
127,10,8,0.289216,86,134
128,24,6,0.384521,186,233
129,9,1,0.137741,88,124
130,20,4,0.00798705,232,272
131,24,13,0.295226,138,173
132,3,5,0.943705,186,233
133,17,21,0.299845,232,264
134,11,18,0.906206,232,279
135,8,24,0.0260041,138,186
136,19,13,0.478094,184,224
137,3,14,0.274432,234,269
138,1,12,0.455555,42,76
139,8,23,0.251553,184,224
140,5,1,0.0977902,90,129
141,8,2,0.0332453,186,226
142,5,19,0.124348,186,236
143,20,23,0.0950363,88,127
144,18,8,0.367145,182,222
145,20,0,0.0614461,182,221
146,12,19,0.0423681,38,78
147,21,23,0.327933,88,123
148,19,13,0.572825,40,80
149,2,12,0.0534458,230,271
150,19,2,0.0190342,230,274
151,17,14,0.00730453,234,276
152,19,15,0.528314,182,236
153,0,12,0.256188,88,127
154,13,16,0.0767499,134,179
155,11,16,0.347541,182,222
156,11,10,0.277926,134,186
157,11,22,0.836315,232,272
158,8,19,0.095738,42,79
159,3,14,0.0871876,186,221
160,12,9,0.219017,42,88
161,2,18,0.0387492,38,87
162,18,11,0.965523,86,135
163,6,16,0.363806,40,81
164,8,3,0.459922,38,71
165,23,18,0.0148839,184,212
166,24,23,0.0249845,86,119
167,20,18,0.320485,38,75
168,13,21,0.382557,186,218
169,22,20,0.519303,38,75
170,15,17,0.233121,184,220
171,4,1,0.75707,134,164
172,11,23,0.141038,38,87
173,18,20,0.786028,230,267
174,0,22,0.236764,88,125
175,23,4,0.393703,138,185
176,21,0,0.0878509,88,128
177,14,11,0.763188,134,182
178,21,9,0.193342,184,231
179,13,0,0.621299,230,272
180,15,20,0.114606,88,134
181,13,16,0.0861692,40,85
182,13,6,0.966493,184,220
183,13,19,0.526045,136,176
184,23,22,0.225361,184,219
185,8,24,0.0246019,234,282
186,15,17,0.616383,38,74
187,14,24,0.0364009,138,191
188,18,13,0.779604,42,73
189,23,2,0.0943494,232,280
190,12,17,0.00580328,230,280
191,13,23,0.915659,230,263
192,18,2,0.465402,90,138
193,13,8,0.887158,232,269
194,24,6,0.404554,230,277
195,14,11,0.74077,186,234
196,16,15,0.569961,232,287
197,15,1,0.0458892,88,136
198,11,12,0.534085,186,228
199,13,0,0.663471,42,84
200,3,21,0.290976,40,78
201,20,22,0.264139,138,175
202,21,14,0.00925697,182,216
203,19,22,0.545817,232,277
204,15,22,0.692203,186,233
205,21,17,0.359457,136,168
206,0,10,0.455696,40,95
207,13,3,0.53167,88,134
208,22,4,0.0316738,86,124
209,15,10,0.844959,42,73
210,20,4,0.00722789,42,82
211,19,23,0.630804,136,179
212,13,15,0.622037,134,172
213,8,23,0.298504,230,270
214,23,21,0.810921,138,175
215,2,21,0.00552611,40,82
216,1,21,0.885981,230,265
217,13,1,0.257181,88,125
218,11,16,0.341067,184,224
219,18,14,0.202531,232,277
220,12,18,0.146641,234,286
221,0,19,0.278916,234,276
222,15,16,0.395054,40,96
223,17,19,0.761801,88,128
224,10,15,0.7804,40,81
225,1,16,0.254232,88,120
226,1,3,0.082057,86,118
227,5,19,0.130233,136,186
228,6,3,0.253239,138,179
229,15,13,0.335254,138,178
230,15,12,0.922764,138,196
231,1,19,0.199048,230,267
232,15,17,0.993526,234,270
233,21,17,0.373816,86,118
234,20,4,0.00704435,38,78
235,20,2,0.246842,134,175
236,17,13,0.671651,186,216
237,8,1,0.953519,232,265
238,14,16,0.0200317,136,176
239,18,3,0.113147,42,95
240,10,17,0.166108,134,169
241,8,13,0.313027,40,77
242,23,20,0.876438,38,77
243,15,10,0.0329166,90,121
244,23,12,0.369514,90,141
245,3,22,0.103898,230,267
246,5,22,0.312119,184,231
247,5,16,0.39352,138,185
248,13,19,0.426408,38,78
249,21,1,0.175505,40,75
250,2,0,0.0514275,90,126
251,23,19,0.643704,134,179
252,20,22,0.243292,134,171
253,10,19,0.440951,42,93
254,10,8,0.265407,184,232
255,12,13,0.1703,86,135
256,11,0,0.952388,86,123
257,18,11,0.0283408,88,137
258,20,17,0.407107,86,122
259,3,21,0.966021,230,268
260,3,13,0.194617,232,276
261,19,15,0.482397,232,286
262,21,18,0.219989,90,127
263,13,21,0.282716,90,122
264,22,15,0.11947,86,131
265,1,18,0.286406,42,84
266,15,10,0.294496,184,215
267,17,9,0.356625,138,188
268,18,3,0.957132,38,91
269,23,9,0.701437,186,239
270,16,0,0.715,38,75
271,13,6,0.944771,134,170
272,14,12,0.159371,234,274
273,4,0,0.143025,42,77
274,5,18,0.614441,134,175
275,22,10,0.0722205,40,83
276,16,4,0.875902,138,175
277,8,12,0.235443,186,224
278,17,24,0.588289,40,81
279,24,18,0.0754369,40,71
280,11,19,0.34193,90,135
281,16,2,0.283015,90,129
282,0,3,0.350635,230,267
283,12,15,0.4284,184,242
284,12,9,0.239275,134,180
285,18,21,0.617766,38,73
286,16,4,0.844197,134,171
287,8,12,0.239296,136,174
288,6,14,0.0183046,230,279
289,23,4,0.337323,184,231
290,23,3,0.862828,232,281
291,12,18,0.143668,86,138
292,1,12,0.785339,138,172
293,20,13,0.538595,184,214
294,5,8,0.0507375,232,280
295,3,1,0.848995,230,262
296,17,14,0.00797522,38,80
297,22,23,0.550133,232,272
298,24,18,0.0211258,230,261
299,3,16,0.347401,90,119
300,23,21,0.857156,234,271
301,11,12,0.282958,138,180
302,16,11,0.655515,42,82
303,20,13,0.926864,232,262
304,0,16,0.723725,230,267
305,15,16,0.427149,88,144
306,10,21,0.0472821,88,131
307,10,2,0.0229073,186,240
308,20,19,0.453868,136,183
309,3,14,0.795154,136,171
310,13,20,0.586907,184,214
311,16,11,0.699801,90,130
312,1,3,0.162428,40,72
313,17,5,0.213775,42,82
314,5,23,0.829492,182,225
315,15,16,0.36214,186,242
316,3,5,0.873287,86,133
317,1,19,0.368099,234,271
318,8,5,0.0374798,134,182
319,3,21,0.988893,138,176
320,21,22,0.0225887,234,277
321,11,17,0.319783,88,134
322,4,19,0.00897843,134,177
323,18,3,0.966542,86,139
324,22,13,0.742481,182,213
325,18,5,0.0872275,230,271
326,12,3,0.386864,230,259
327,17,10,0.589909,136,178
328,3,2,0.981127,42,81
329,1,24,0.542435,134,182
330,18,1,0.884927,138,179
331,2,14,0.70325,182,229
332,21,17,0.361435,232,264
333,18,20,0.805224,90,127
334,12,15,0.418551,186,244
335,24,12,0.0392575,186,244
336,8,14,0.0185428,234,273
337,16,4,0.865787,86,123
338,10,17,0.168204,88,123
339,1,16,0.882398,234,266
340,12,18,0.137242,184,236
341,21,1,0.0469711,232,267
342,24,10,0.102185,234,273
343,15,20,0.0875697,184,230
344,16,9,0.263609,138,182
345,14,2,0.0853742,38,85
346,17,19,0.738144,230,270
347,11,16,0.393492,138,178
348,23,18,0.721526,230,258
349,4,14,0.468597,86,129
350,1,3,0.541063,184,216
351,17,21,0.324981,136,168
352,17,13,0.124884,230,260
353,1,19,0.375988,136,173
354,1,18,0.506695,38,80
355,0,3,0.353681,184,221
356,18,3,0.886126,182,235
357,24,6,0.430163,232,279
358,16,19,0.6741,230,270
359,23,9,0.690691,184,237
360,13,0,0.559752,38,80
361,20,2,0.226712,136,177
362,11,16,0.37833,38,78
363,0,8,0.398367,42,80
364,5,3,0.593411,234,281
365,5,18,0.513059,88,129
366,0,10,0.499858,38,93
367,23,21,0.638456,184,221
368,5,4,0.21157,232,277
369,5,12,0.0150459,40,89
370,22,10,0.0668789,38,81
371,14,2,0.0873217,230,277
372,3,9,0.57107,88,132
373,18,15,0.516011,136,170
374,3,23,0.317146,38,87
375,4,3,0.359484,86,118
376,3,23,0.428811,230,279
377,15,6,0.204519,38,90
378,12,23,0.0763426,230,282
379,0,16,0.730345,136,173
380,13,3,0.132997,186,232
381,2,22,0.183828,134,173
382,11,0,0.83494,234,271
383,8,13,0.318878,186,223
384,22,23,0.603587,186,226
385,5,17,0.381183,232,272
386,17,10,0.550097,234,276
387,1,4,0.808896,184,214
388,22,12,0.523577,88,129
389,1,3,0.249513,136,168
390,23,19,0.450153,182,227
391,2,22,0.179773,86,125
392,8,1,0.602262,90,123
393,3,9,0.641891,134,178
394,24,6,0.366219,182,229
395,15,2,0.0132745,136,191
396,4,6,0.0694575,38,77
397,21,0,0.0851623,40,80
398,21,18,0.211132,42,79
399,21,12,0.0125256,42,84
400,14,17,0.0826171,42,84
401,15,18,0.211238,186,220
402,21,24,0.303741,234,277
403,0,11,0.0786026,42,79
404,1,10,0.102492,42,92
405,22,6,0.320051,234,275
406,1,11,0.50016,186,218
407,3,23,0.396069,90,139
408,20,15,0.47428,40,84
409,23,20,0.960589,40,79
410,24,11,0.706418,136,188
411,22,23,0.550159,42,82
412,24,17,0.729715,136,177
413,13,16,0.0777433,184,229
414,1,10,0.567006,136,186
415,24,10,0.106351,136,175
416,4,21,0.0118347,186,227
417,15,6,0.186571,230,282
418,16,10,0.0327575,42,95
419,5,23,0.753108,40,83
420,4,21,0.0121976,42,83
421,2,23,0.0932804,186,235
422,17,18,0.34686,230,259
423,8,23,0.282832,40,80
424,19,1,0.236269,136,173
425,18,8,0.758838,184,224
426,0,9,0.147307,134,175
427,0,19,0.238118,86,128
428,11,13,0.404879,90,130
429,16,4,0.893723,234,271
430,4,21,0.0127555,182,223
431,3,0,0.37873,136,173
432,18,16,0.442521,42,91
433,13,20,0.32347,234,264
434,24,0,0.0496743,86,139
435,3,2,0.880013,234,273
436,2,18,0.0340775,138,187
437,23,11,0.340848,234,283
438,6,16,0.404371,234,275
439,21,15,0.0781342,38,84
440,10,16,0.114558,86,141
441,18,24,0.382564,230,261
442,20,14,0.347878,86,136
443,24,17,0.695443,138,179
444,16,4,0.8307,40,77
445,11,21,0.323254,42,85
446,11,16,0.363668,230,270
447,11,22,0.905196,90,130
448,13,21,0.131613,184,216
449,19,22,0.29809,134,179
450,22,14,0.220157,42,90
451,0,9,0.15385,230,271
452,23,19,0.682341,42,87
453,24,0,0.0516454,232,285
454,0,3,0.350228,186,223
455,9,1,0.666391,38,74
456,10,5,0.0249916,232,281
457,18,13,0.435365,88,119
458,2,3,0.34279,232,271
459,2,8,0.437807,86,126
460,22,24,0.436532,138,180
461,21,23,0.325647,182,217
462,20,19,0.410391,138,185
463,6,16,0.417992,186,227
464,5,4,0.19788,88,133
465,8,24,0.0252189,186,234
466,10,24,0.920638,186,225
467,15,13,0.979037,42,82
468,2,23,0.0969065,90,139
469,12,20,0.665137,42,86
470,15,23,0.148037,138,173
471,3,12,0.926262,38,67
472,6,18,0.0301019,40,91
473,1,13,0.429868,134,172
474,3,23,0.481572,234,283
475,4,19,0.0080978,40,83
476,22,4,0.0376121,232,270
477,0,4,0.0335067,42,77
478,15,4,0.220928,38,92
479,3,12,0.867211,138,167
480,22,16,0.112669,182,222
481,24,6,0.421054,40,87
482,16,20,0.232061,184,226
483,16,11,0.660325,136,176
484,12,11,0.182865,186,228
485,15,18,0.843838,134,168
486,0,16,0.740804,42,79
487,11,1,0.770682,42,74
488,19,18,0.113625,184,229
489,0,4,0.0344408,88,123
490,8,19,0.0889556,38,75
491,17,11,0.10911,186,232
492,22,15,0.119518,230,275
493,20,4,0.00760304,186,226
494,3,18,0.497373,138,189
495,0,20,0.781797,182,221
496,18,3,0.8632,234,287
497,3,24,0.934914,232,287
498,2,18,0.0325149,86,135
499,22,10,0.0662087,182,225
500,22,1,0.129574,230,262
501,23,21,0.0904023,38,75
502,8,14,0.0167357,232,271
503,13,12,0.138867,184,235
504,18,19,0.670875,230,273
505,21,8,0.451174,86,115
506,22,18,0.836566,90,128
507,12,21,0.332945,230,273
508,8,2,0.0347676,138,178
509,0,2,0.0968595,186,222
510,14,6,0.136971,38,87
511,18,8,0.801871,42,82
512,12,15,0.403761,86,144
513,14,2,0.0939613,184,231
514,18,11,0.930212,186,235
515,8,12,0.216318,88,126
516,18,14,0.233676,230,275
517,22,9,0.202346,90,134
518,21,11,0.0544173,136,179
519,18,5,0.108198,234,275
520,20,18,0.300868,40,77
521,16,5,0.149235,230,277
522,6,18,0.0320524,184,235
523,6,14,0.0176854,138,187
524,4,24,0.336968,234,288
525,11,10,0.28677,182,234
526,21,12,0.013623,232,274
527,20,17,0.430425,138,174
528,10,18,0.403104,138,172
529,19,9,0.207133,90,139
530,3,13,0.330677,182,226
531,12,11,0.202455,88,130
532,13,0,0.556922,40,82
533,13,0,0.57274,90,132
534,1,14,0.965395,38,78
535,11,15,0.960889,38,92
536,23,20,0.792491,136,175
537,2,12,0.0560575,186,227
538,5,8,0.0511444,136,184
539,8,23,0.266596,182,222
540,0,20,0.823895,88,127
541,20,18,0.272023,90,127
542,13,11,0.154454,230,271
543,6,4,0.0168034,186,225
544,8,2,0.0318309,232,272
545,12,16,0.641838,88,122
546,11,24,0.171622,88,139
547,17,13,0.723918,90,120
548,1,19,0.214117,138,175
549,15,12,0.803251,182,240
550,23,21,0.655545,90,127
551,19,5,0.44416,136,188
552,16,21,0.624674,40,73
553,9,1,0.870663,42,78
554,16,2,0.322482,186,225
555,22,6,0.291469,88,129
556,8,5,0.0400143,232,280
557,5,19,0.118222,40,90
558,12,6,0.159703,42,85
559,8,18,0.17039,184,226
560,18,12,0.389025,232,283
561,14,2,0.0940122,88,135
562,3,17,0.140619,182,232
563,3,22,0.132666,184,221
564,21,24,0.259311,182,225
565,20,10,0.471216,186,228
566,1,4,0.20544,86,116
567,0,5,0.194,186,230
568,19,12,0.0364404,88,128
569,20,13,0.540015,186,216
570,10,11,0.0428748,182,237
571,17,16,0.0733922,88,134
572,20,14,0.342624,136,186
573,2,14,0.658027,134,181
574,13,21,0.542038,38,70
575,17,20,0.268572,186,222
576,23,2,0.0840176,40,88
577,16,0,0.676806,88,125
578,8,23,0.275717,134,174
579,18,22,0.94941,42,80
580,5,19,0.136618,42,92
581,18,4,0.710388,134,181
582,1,11,0.715186,90,122
583,9,3,0.634643,40,84
584,12,1,0.371216,134,168
585,5,13,0.406987,186,220
586,3,15,0.367129,86,144
587,11,14,0.425644,136,184
588,20,0,0.0584802,184,223
589,16,4,0.81703,136,173
590,16,5,0.165435,136,183
591,14,24,0.0372909,186,239
592,16,23,0.0795124,38,88
593,20,14,0.350765,234,284
594,5,22,0.337491,40,87
595,1,17,0.58173,86,126
596,18,20,0.985411,184,221
597,0,15,0.492117,234,287
598,21,18,0.208383,230,267
599,15,20,0.165161,90,136
