NODES,25
INDEX,Name,X-coordinate,Y-coordinate
0,0,-,-
1,1,-,-
2,2,-,-
3,3,-,-
4,4,-,-
5,5,-,-
6,6,-,-
7,7,-,-
8,8,-,-
9,9,-,-
10,10,-,-
11,11,-,-
12,12,-,-
13,13,-,-
14,14,-,-
15,15,-,-
16,16,-,-
17,17,-,-
18,18,-,-
19,19,-,-
20,20,-,-
21,21,-,-
22,22,-,-
23,23,-,-
24,24,-,-
ARCS,529
Index,Origin,Destination,Variable Cost,Fixed Cost,Capacity,Travel time
0,0,1,0,117.8,1,5
1,1,0,0,117.8,1,5
2,1,2,0,234.05,1,7
3,1,3,0,260.4,1,8
4,1,4,0,175.15,1,6
5,1,5,0,486.7,1,15
6,1,6,0,323.95,1,9
7,1,8,0,323.95,1,9
8,1,9,0,447.95,1,12
9,1,10,0,883.5,1,26
10,1,11,0,255.75,1,8
11,1,12,0,387.5,1,10
12,1,13,0,489.8,1,14
13,1,14,0,525.45,1,16
14,1,15,0,1002.85,1,24
15,1,16,0,252.65,1,8
16,1,17,0,545.6,1,16
17,1,18,0,680.45,1,18
18,1,19,0,503.75,1,13
19,1,20,0,358.05,1,10
20,1,21,0,409.2,1,11
21,1,22,0,266.6,1,8
22,1,23,0,699.05,1,18
23,1,24,0,903.65,1,24
24,2,1,0,234.05,1,7
25,3,1,0,260.4,1,8
26,3,4,0,230.95,1,8
27,3,8,0,311.55,1,9
28,3,12,0,144.15,1,5
29,3,13,0,661.85,1,20
30,3,14,0,418.5,1,11
31,3,16,0,151.9,1,5
32,3,19,0,396.8,1,11
33,3,21,0,469.65,1,14
34,3,22,0,429.35,1,13
35,4,1,0,175.15,1,6
36,4,3,0,230.95,1,8
37,5,1,0,486.7,1,15
38,5,13,0,367.35,1,10
39,6,1,0,323.95,1,9
40,6,13,0,430.9,1,11
41,7,1,0,103.85,1,4
42,8,1,0,323.95,1,9
43,8,3,0,311.55,1,9
44,8,13,0,415.4,1,11
45,8,16,0,161.2,1,6
46,8,21,0,158.1,1,5
47,9,1,0,447.95,1,12
48,10,1,0,891.25,1,23
49,10,23,0,192.2,1,6
50,11,1,0,255.75,1,8
51,11,13,0,592.1,1,16
52,12,1,0,387.5,1,10
53,12,3,0,144.15,1,5
54,13,1,0,489.8,1,13
55,13,3,0,669.6,1,22
56,13,5,0,367.35,1,10
57,13,6,0,430.9,1,12
58,13,10,0,483.6,1,12
59,13,11,0,596.75,1,17
60,13,15,0,553.35,1,14
61,13,17,0,176.7,1,6
62,13,18,0,248,1,7
63,13,19,0,573.5,1,16
64,13,20,0,198.4,1,6
65,13,21,0,275.9,1,8
66,13,22,0,232.5,1,7
67,13,23,0,323.95,1,9
68,13,24,0,449.5,1,11
69,14,1,0,525.45,1,16
70,14,3,0,418.5,1,11
71,14,19,0,111.6,1,4
72,14,21,0,384.4,1,10
73,15,1,0,1002.85,1,24
74,15,13,0,553.35,1,16
75,15,18,0,350.3,1,10
76,15,21,0,747.1,1,20
77,15,23,0,412.3,1,11
78,16,1,0,252.65,1,8
79,16,3,0,151.9,1,5
80,16,8,0,161.2,1,6
81,16,13,0,581.25,1,17
82,16,21,0,305.35,1,9
83,17,1,0,544.05,1,14
84,17,13,0,176.7,1,6
85,17,18,0,127.1,1,5
86,17,21,0,292.95,1,8
87,18,1,0,666.5,1,17
88,18,10,0,308.45,1,10
89,18,13,0,248,1,7
90,18,15,0,350.3,1,10
91,18,17,0,127.1,1,5
92,18,19,0,719.2,1,19
93,18,21,0,421.6,1,11
94,18,22,0,421.6,1,13
95,18,23,0,116.25,1,4
96,18,24,0,237.15,1,7
97,19,1,0,503.75,1,13
98,19,3,0,396.8,1,11
99,19,8,0,240.25,1,7
100,19,14,0,111.6,1,4
101,19,21,0,297.6,1,8
102,20,1,0,358.05,1,10
103,20,13,0,198.4,1,6
104,20,23,0,522.35,1,15
105,21,1,0,409.2,1,11
106,21,3,0,458.8,1,13
107,21,8,0,158.1,1,5
108,21,13,0,275.9,1,8
109,21,14,0,384.4,1,10
110,21,15,0,829.25,1,22
111,21,17,0,292.95,1,8
112,21,18,0,420.05,1,13
113,21,19,0,297.6,1,8
114,21,23,0,440.2,1,11
115,22,1,0,266.6,1,8
116,22,3,0,429.35,1,12
117,22,13,0,232.5,1,7
118,23,1,0,699.05,1,17
119,23,10,0,192.2,1,6
120,23,13,0,323.95,1,9
121,23,15,0,412.3,1,11
122,23,17,0,153.45,1,5
123,23,18,0,116.25,1,4
124,23,21,0,446.4,1,13
125,23,24,0,305.35,1,9
126,24,1,0,903.65,1,24
127,24,13,0,449.5,1,11
128,24,18,0,237.15,1,7
129,24,23,0,305.35,1,9
130,0,2,0,161.2,1,6
131,0,3,0,353.4,1,10
132,0,4,0,285.2,1,9
133,0,5,0,474.3,1,13
134,0,6,0,246.45,1,8
135,0,8,0,427.8,1,12
136,0,9,0,379.75,1,11
137,0,10,0,931.55,1,25
138,0,11,0,158.1,1,5
139,0,12,0,401.45,1,11
140,0,14,0,632.4,1,17
141,0,15,0,1063.3,1,28
142,0,16,0,367.35,1,11
143,0,17,0,596.75,1,16
144,0,18,0,717.65,1,19
145,0,19,0,615.35,1,17
146,0,20,0,361.15,1,10
147,0,21,0,444.85,1,13
148,0,22,0,297.6,1,9
149,0,23,0,739.35,1,20
150,0,24,0,957.9,1,25
151,1,7,0,103.85,1,4
152,2,0,0,161.2,1,6
153,2,3,0,480.5,1,13
154,2,4,0,409.2,1,12
155,2,5,0,257.3,1,8
156,2,6,0,110.05,1,4
157,2,8,0,412.3,1,12
158,2,9,0,229.4,1,7
159,2,10,0,872.65,1,23
160,2,11,0,182.9,1,6
161,2,12,0,582.8,1,16
162,2,13,0,390.6,1,11
163,2,14,0,790.5,1,21
164,2,15,0,940.85,1,25
165,2,16,0,475.85,1,13
166,2,17,0,568.85,1,16
167,2,18,0,638.6,1,17
168,2,19,0,643.25,1,17
169,2,20,0,207.7,1,7
170,2,21,0,424.7,1,12
171,2,22,0,308.45,1,9
172,2,23,0,716.1,1,19
173,2,24,0,847.85,1,23
174,3,0,0,353.4,1,10
175,3,2,0,480.5,1,13
176,3,6,0,554.9,1,15
177,3,9,0,685.1,1,18
178,3,10,0,995.1,1,26
179,3,11,0,477.4,1,13
180,3,15,0,1224.5,1,32
181,3,17,0,764.15,1,20
182,3,18,0,833.9,1,22
183,3,20,0,620,1,17
184,3,23,0,888.15,1,23
185,3,24,0,1108.25,1,29
186,4,0,0,285.2,1,9
187,4,2,0,409.2,1,12
188,4,6,0,494.45,1,14
189,4,7,0,75.95,1,3
190,4,8,0,142.6,1,5
191,4,9,0,624.65,1,17
192,4,10,0,838.55,1,22
193,4,11,0,406.1,1,12
194,4,12,0,331.7,1,9
195,4,13,0,427.8,1,12
196,4,14,0,410.75,1,12
197,4,15,0,970.3,1,26
198,4,16,0,147.25,1,5
199,4,17,0,503.75,1,14
200,4,18,0,624.65,1,17
201,4,19,0,390.6,1,11
202,4,20,0,413.85,1,12
203,4,21,0,263.5,1,8
204,4,22,0,204.6,1,7
205,4,23,0,646.35,1,18
206,4,24,0,861.8,1,23
207,5,0,0,474.3,1,13
208,5,2,0,257.3,1,8
209,5,6,0,161.2,1,5
210,5,9,0,198.4,1,6
211,5,11,0,320.85,1,9
212,5,18,0,660.3,1,16
213,5,20,0,178.25,1,6
214,5,23,0,720.75,1,19
215,6,0,0,246.45,1,8
216,6,2,0,110.05,1,4
217,6,3,0,554.9,1,15
218,6,4,0,494.45,1,14
219,6,5,0,161.2,1,5
220,6,8,0,637.05,1,17
221,6,9,0,141.05,1,5
222,6,10,0,939.3,1,25
223,6,11,0,165.85,1,5
224,6,12,0,623.1,1,17
225,6,14,0,840.1,1,22
226,6,15,0,982.7,1,26
227,6,16,0,576.6,1,16
228,6,17,0,615.35,1,17
229,6,18,0,685.1,1,18
230,6,19,0,824.6,1,22
231,6,20,0,243.35,1,7
232,6,21,0,593.65,1,16
233,6,22,0,446.4,1,13
234,6,23,0,761.05,1,20
235,6,24,0,877.3,1,23
236,7,3,0,246.45,1,8
237,7,4,0,75.95,1,3
238,8,0,0,427.8,1,12
239,8,2,0,412.3,1,12
240,8,4,0,142.6,1,5
241,8,6,0,637.05,1,17
242,8,9,0,767.25,1,21
243,8,10,0,714.55,1,19
244,8,11,0,545.6,1,15
245,8,12,0,460.35,1,13
246,8,14,0,328.6,1,10
247,8,15,0,883.5,1,23
248,8,17,0,427.8,1,12
249,8,18,0,542.5,1,15
250,8,19,0,240.25,1,7
251,8,20,0,444.85,1,13
252,8,22,0,203.05,1,7
253,8,23,0,536.3,1,15
254,8,24,0,801.35,1,21
255,9,0,0,379.75,1,11
256,9,2,0,229.4,1,7
257,9,3,0,685.1,1,18
258,9,4,0,624.65,1,17
259,9,5,0,198.4,1,6
260,9,6,0,141.05,1,5
261,9,8,0,767.25,1,21
262,9,10,0,1069.5,1,28
263,9,11,0,297.6,1,8
264,9,12,0,753.3,1,20
265,9,13,0,469.65,1,12
266,9,14,0,652.55,1,18
267,9,15,0,1112.9,1,29
268,9,16,0,706.8,1,19
269,9,17,0,646.35,1,18
270,9,18,0,711.45,1,18
271,9,19,0,954.8,1,25
272,9,20,0,279,1,8
273,9,21,0,723.85,1,19
274,9,22,0,576.6,1,16
275,9,23,0,891.25,1,24
276,9,24,0,1019.9,1,27
277,10,0,0,931.55,1,25
278,10,2,0,872.65,1,23
279,10,3,0,995.1,1,26
280,10,4,0,838.55,1,22
281,10,6,0,939.3,1,25
282,10,8,0,714.55,1,19
283,10,9,0,1069.5,1,28
284,10,11,0,1133.05,1,30
285,10,12,0,1086.55,1,28
286,10,13,0,483.6,1,12
287,10,14,0,970.3,1,26
288,10,15,0,224.75,1,7
289,10,16,0,872.65,1,23
290,10,17,0,334.8,1,9
291,10,18,0,306.9,1,9
292,10,19,0,909.85,1,24
293,10,20,0,714.55,1,19
294,10,21,0,623.1,1,16
295,10,22,0,623.1,1,17
296,10,24,0,286.75,1,8
297,11,0,0,158.1,1,5
298,11,2,0,182.9,1,6
299,11,3,0,477.4,1,13
300,11,4,0,406.1,1,12
301,11,5,0,320.85,1,9
302,11,6,0,165.85,1,5
303,11,8,0,545.6,1,15
304,11,9,0,297.6,1,9
305,11,10,0,1133.05,1,30
306,11,12,0,523.9,1,14
307,11,14,0,770.35,1,21
308,11,15,0,1112.9,1,29
309,11,16,0,488.25,1,14
310,11,17,0,798.25,1,21
311,11,18,0,832.35,1,21
312,11,19,0,748.65,1,20
313,11,20,0,406.1,1,11
314,11,21,0,649.45,1,18
315,11,22,0,499.1,1,14
316,11,23,0,852.5,1,23
317,11,24,0,1021.45,1,27
318,12,0,0,401.45,1,11
319,12,2,0,582.8,1,16
320,12,4,0,331.7,1,10
321,12,6,0,623.1,1,17
322,12,8,0,460.35,1,13
323,12,9,0,753.3,1,20
324,12,10,0,1086.55,1,28
325,12,11,0,523.9,1,14
326,12,13,0,776.55,1,20
327,12,14,0,550.25,1,15
328,12,15,0,1233.8,1,32
329,12,16,0,296.05,1,9
330,12,17,0,776.55,1,21
331,12,18,0,1038.5,1,27
332,12,19,0,523.9,1,14
333,12,20,0,637.05,1,17
334,12,21,0,554.9,1,15
335,12,22,0,556.45,1,15
336,12,23,0,919.15,1,24
337,12,24,0,1137.7,1,30
338,13,2,0,390.6,1,11
339,13,4,0,427.8,1,12
340,13,8,0,415.4,1,11
341,13,9,0,469.65,1,12
342,13,14,0,655.65,1,17
343,13,16,0,530.1,1,14
344,14,0,0,632.4,1,17
345,14,2,0,790.5,1,21
346,14,4,0,410.75,1,12
347,14,6,0,840.1,1,22
348,14,8,0,328.6,1,10
349,14,9,0,652.55,1,18
350,14,10,0,970.3,1,26
351,14,11,0,770.35,1,21
352,14,12,0,550.25,1,15
353,14,13,0,655.65,1,17
354,14,15,0,1106.7,1,28
355,14,16,0,272.8,1,8
356,14,17,0,671.15,1,18
357,14,18,0,798.25,1,20
358,14,20,0,852.5,1,23
359,14,22,0,527,1,15
360,14,23,0,818.4,1,20
361,14,24,0,995.1,1,26
362,15,0,0,1063.3,1,28
363,15,2,0,940.85,1,25
364,15,3,0,1224.5,1,32
365,15,4,0,970.3,1,26
366,15,6,0,982.7,1,26
367,15,8,0,883.5,1,23
368,15,9,0,1112.9,1,29
369,15,10,0,224.75,1,7
370,15,11,0,1112.9,1,29
371,15,12,0,1233.8,1,32
372,15,14,0,1106.7,1,28
373,15,16,0,1027.65,1,27
374,15,17,0,454.15,1,12
375,15,19,0,1023,1,27
376,15,20,0,757.95,1,19
377,15,22,0,733.15,1,19
378,15,24,0,110.05,1,4
379,16,0,0,367.35,1,11
380,16,2,0,475.85,1,13
381,16,4,0,147.25,1,5
382,16,6,0,576.6,1,16
383,16,7,0,155,1,5
384,16,9,0,706.8,1,19
385,16,10,0,872.65,1,23
386,16,11,0,488.25,1,14
387,16,12,0,296.05,1,8
388,16,14,0,272.8,1,8
389,16,15,0,1027.65,1,27
390,16,17,0,570.4,1,16
391,16,18,0,686.65,1,19
392,16,19,0,251.1,1,7
393,16,20,0,525.45,1,15
394,16,22,0,302.25,1,9
395,16,23,0,692.85,1,19
396,16,24,0,951.7,1,25
397,17,0,0,596.75,1,16
398,17,2,0,568.85,1,16
399,17,3,0,764.15,1,20
400,17,4,0,503.75,1,14
401,17,5,0,530.1,1,14
402,17,6,0,615.35,1,17
403,17,8,0,427.8,1,12
404,17,9,0,649.45,1,18
405,17,10,0,334.8,1,10
406,17,11,0,798.25,1,21
407,17,12,0,776.55,1,21
408,17,14,0,671.15,1,17
409,17,15,0,454.15,1,12
410,17,16,0,570.4,1,16
411,17,19,0,581.25,1,16
412,17,20,0,373.55,1,10
413,17,22,0,294.5,1,8
414,17,23,0,153.45,1,5
415,17,24,0,362.7,1,10
416,18,0,0,719.2,1,19
417,18,2,0,638.6,1,17
418,18,3,0,833.9,1,22
419,18,4,0,624.65,1,17
420,18,5,0,660.3,1,16
421,18,6,0,685.1,1,18
422,18,8,0,542.5,1,15
423,18,9,0,711.45,1,18
424,18,11,0,832.35,1,21
425,18,12,0,1038.5,1,27
426,18,14,0,798.25,1,21
427,18,16,0,686.65,1,19
428,18,20,0,438.65,1,12
429,19,0,0,615.35,1,17
430,19,2,0,643.25,1,17
431,19,4,0,390.6,1,11
432,19,6,0,824.6,1,22
433,19,9,0,954.8,1,25
434,19,10,0,909.85,1,24
435,19,11,0,748.65,1,20
436,19,12,0,523.9,1,14
437,19,13,0,565.75,1,14
438,19,15,0,1023,1,27
439,19,16,0,251.1,1,7
440,19,17,0,581.25,1,16
441,19,18,0,709.9,1,18
442,19,20,0,764.15,1,20
443,19,22,0,437.1,1,12
444,19,23,0,728.5,1,18
445,19,24,0,942.4,1,25
446,20,0,0,361.15,1,10
447,20,2,0,207.7,1,7
448,20,3,0,620,1,17
449,20,4,0,413.85,1,12
450,20,5,0,178.25,1,6
451,20,6,0,243.35,1,7
452,20,8,0,444.85,1,13
453,20,9,0,279,1,8
454,20,10,0,714.55,1,19
455,20,11,0,406.1,1,11
456,20,12,0,637.05,1,17
457,20,14,0,878.85,1,23
458,20,15,0,757.95,1,19
459,20,16,0,525.45,1,15
460,20,17,0,373.55,1,11
461,20,18,0,438.65,1,12
462,20,19,0,764.15,1,20
463,20,21,0,466.55,1,13
464,20,22,0,272.8,1,8
465,20,24,0,641.7,1,17
466,21,0,0,444.85,1,13
467,21,2,0,424.7,1,12
468,21,4,0,263.5,1,8
469,21,6,0,593.65,1,16
470,21,9,0,723.85,1,19
471,21,10,0,623.1,1,16
472,21,11,0,646.35,1,18
473,21,12,0,554.9,1,15
474,21,16,0,305.35,1,9
475,21,20,0,466.55,1,13
476,21,22,0,142.6,1,5
477,21,24,0,651,1,18
478,22,0,0,297.6,1,9
479,22,2,0,308.45,1,10
480,22,4,0,204.6,1,7
481,22,6,0,446.4,1,13
482,22,8,0,203.05,1,6
483,22,9,0,576.6,1,16
484,22,10,0,623.1,1,17
485,22,11,0,499.1,1,14
486,22,12,0,556.45,1,15
487,22,14,0,527,1,15
488,22,15,0,733.15,1,19
489,22,16,0,302.25,1,9
490,22,17,0,294.5,1,8
491,22,18,0,404.55,1,10
492,22,19,0,437.1,1,12
493,22,20,0,272.8,1,9
494,22,21,0,142.6,1,5
495,22,23,0,432.45,1,11
496,22,24,0,643.25,1,17
497,23,0,0,739.35,1,20
498,23,2,0,716.1,1,19
499,23,3,0,888.15,1,23
500,23,4,0,646.35,1,18
501,23,6,0,761.05,1,20
502,23,8,0,536.3,1,15
503,23,9,0,891.25,1,24
504,23,11,0,852.5,1,23
505,23,12,0,919.15,1,24
506,23,14,0,818.4,1,20
507,23,16,0,692.85,1,19
508,23,19,0,728.5,1,18
509,23,20,0,522.35,1,14
510,23,22,0,432.45,1,11
511,24,0,0,957.9,1,25
512,24,2,0,847.85,1,23
513,24,3,0,1108.25,1,29
514,24,4,0,861.8,1,23
515,24,6,0,877.3,1,23
516,24,8,0,801.35,1,21
517,24,9,0,1019.9,1,27
518,24,10,0,286.75,1,8
519,24,11,0,1021.45,1,27
520,24,12,0,1137.7,1,30
521,24,14,0,995.1,1,26
522,24,15,0,110.05,1,4
523,24,16,0,951.7,1,25
524,24,17,0,362.7,1,10
525,24,19,0,942.4,1,25
526,24,20,0,641.7,1,17
527,24,21,0,651,1,16
528,24,22,0,643.25,1,17
PATHS,600
Index,Shipment origin,Shipment destination,1st terminal on path,2nd terminal on path,.....,6th terminal on path
0,0,1,0,1
1,0,2,0,1,2
2,0,3,0,1,3
3,0,4,0,1,4
4,0,5,0,1,5
5,0,6,0,1,6
6,0,7,0,1,7
7,0,8,0,1,8
8,0,9,0,1,9
9,0,10,0,1,10
10,0,11,0,1,11
11,0,12,0,1,12
12,0,13,0,1,13
13,0,14,0,1,14
14,0,15,0,1,15
15,0,16,0,1,16
16,0,17,0,1,17
17,0,18,0,1,18
18,0,19,0,1,19
19,0,20,0,1,20
20,0,21,0,1,21
21,0,22,0,1,22
22,0,23,0,1,23
23,0,24,0,1,24
24,1,0,1,0
25,1,2,1,2
26,1,3,1,3
27,1,4,1,4
28,1,5,1,5
29,1,6,1,6
30,1,7,1,7
31,1,8,1,8
32,1,9,1,9
33,1,10,1,10
34,1,11,1,11
35,1,12,1,12
36,1,13,1,13
37,1,14,1,14
38,1,15,1,15
39,1,16,1,16
40,1,17,1,17
41,1,18,1,18
42,1,19,1,19
43,1,20,1,20
44,1,21,1,21
45,1,22,1,22
46,1,23,1,23
47,1,24,1,24
48,2,0,2,1,0
49,2,1,2,1
50,2,3,2,1,3
51,2,4,2,1,4
52,2,5,2,1,5
53,2,6,2,1,6
54,2,8,2,1,8
55,2,7,2,1,7
56,2,9,2,1,9
57,2,10,2,1,10
58,2,11,2,1,11
59,2,12,2,1,12
60,2,13,2,1,13
61,2,14,2,1,14
62,2,15,2,1,15
63,2,16,2,1,16
64,2,17,2,1,17
65,2,18,2,1,18
66,2,19,2,1,19
67,2,20,2,1,20
68,2,21,2,1,21
69,2,22,2,1,22
70,2,23,2,1,23
71,2,24,2,1,24
72,3,0,3,1,0
73,3,1,3,1
74,3,2,3,1,2
75,3,4,3,4
76,3,5,3,1,5
77,3,6,3,1,6
78,3,7,3,1,7
79,3,8,3,8
80,3,9,3,1,9
81,3,10,3,13,10
82,3,11,3,1,11
83,3,12,3,12
84,3,13,3,13
85,3,14,3,14
86,3,15,3,13,15
87,3,16,3,16
88,3,17,3,13,17
89,3,18,3,13,18
90,3,19,3,19
91,3,20,3,1,20
92,3,21,3,21
93,3,22,3,22
94,3,23,3,21,23
95,3,24,3,13,24
96,4,0,4,1,0
97,4,1,4,1
98,4,2,4,1,2
99,4,3,4,3
100,4,5,4,1,5
101,4,6,4,1,6
102,4,7,4,1,7
103,4,8,4,1,8
104,4,9,4,1,9
105,4,10,4,1,10
106,4,11,4,1,11
107,4,12,4,3,12
108,4,13,4,1,13
109,4,14,4,3,14
110,4,15,4,1,15
111,4,16,4,3,16
112,4,17,4,1,17
113,4,18,4,1,18
114,4,19,4,3,19
115,4,20,4,1,20
116,4,21,4,1,21
117,4,22,4,1,22
118,4,23,4,1,23
119,4,24,4,1,24
120,5,0,5,1,0
121,5,1,5,1
122,5,2,5,1,2
123,5,3,5,1,3
124,5,4,5,1,4
125,5,6,5,1,6
126,5,7,5,1,7
127,5,8,5,1,8
128,5,9,5,1,9
129,5,10,5,13,10
130,5,11,5,1,11
131,5,12,5,1,12
132,5,13,5,13
133,5,14,5,1,14
134,5,15,5,13,15
135,5,16,5,1,16
136,5,17,5,13,17
137,5,18,5,13,18
138,5,19,5,13,21,19
139,5,20,5,13,20
140,5,21,5,13,21
141,5,22,5,1,22
142,5,23,5,13,23
143,5,24,5,13,24
144,6,0,6,1,0
145,6,1,6,1
146,6,2,6,1,2
147,6,3,6,1,3
148,6,4,6,1,4
149,6,5,6,1,5
150,6,7,6,1,7
151,6,8,6,1,8
152,6,9,6,1,9
153,6,10,6,1,10
154,6,11,6,1,11
155,6,12,6,1,12
156,6,13,6,1,13
157,6,14,6,1,14
158,6,15,6,1,15
159,6,16,6,1,16
160,6,17,6,1,17
161,6,18,6,1,18
162,6,19,6,1,19
163,6,20,6,1,20
164,6,21,6,1,21
165,6,22,6,1,22
166,6,23,6,1,23
167,6,24,6,1,24
168,7,0,7,1,0
169,7,1,7,1
170,7,2,7,1,2
171,7,3,7,3
172,7,4,7,4
173,7,5,7,1,5
174,7,6,7,3,6
175,7,8,7,3,8
176,7,9,7,1,9
177,7,10,7,1,9
178,7,11,7,3,11
179,7,12,7,4,12
180,7,13,7,4,13
181,7,14,7,4,14
182,7,15,7,4,15
183,7,16,7,4,16
184,7,17,7,1,17
185,7,18,7,1,18
186,7,19,7,1,19
187,7,20,7,1,20
188,7,21,7,1,21
189,7,22,7,1,22
190,7,23,7,1,23
191,7,24,7,1,24
192,8,0,8,1,0
193,8,1,8,1
194,8,2,8,1,2
195,8,3,8,3
196,8,4,8,1,4
197,8,5,8,1,5
198,8,6,8,1,6
199,8,7,8,1,7
200,8,9,8,1,9
201,8,10,8,21,23,10
202,8,11,8,1,11
203,8,12,8,3,12
204,8,13,8,21,13
205,8,14,8,21,14
206,8,15,8,21,13,15
207,8,16,8,3,16
208,8,17,8,21,17
209,8,18,8,21,18
210,8,19,8,21,19
211,8,20,8,1,20
212,8,21,8,21
213,8,22,8,1,22
214,8,23,8,21,23
215,8,24,8,21,13,24
216,9,0,9,1,0
217,9,1,9,1
218,9,2,9,1,2
219,9,3,9,1,3
220,9,4,9,1,4
221,9,5,9,1,5
222,9,6,9,1,6
223,9,7,9,1,7
224,9,8,9,1,8
225,9,10,9,1,10
226,9,11,9,1,11
227,9,12,9,1,12
228,9,13,9,1,13
229,9,14,9,1,14
230,9,15,9,1,15
231,9,16,9,1,16
232,9,17,9,1,17
233,9,18,9,1,18
234,9,19,9,1,19
235,9,20,9,1,20
236,9,21,9,1,21
237,9,22,9,1,22
238,9,23,9,1,23
239,9,24,9,1,24
240,10,0,10,1,0
241,10,1,10,1
242,10,2,10,1,2
243,10,3,10,1,3
244,10,4,10,1,4
245,10,5,10,23,13,5
246,10,6,10,23,13,6
247,10,7,10,1,7
248,10,8,10,23,21,8
249,10,9,10,1,9
250,10,11,10,1,11
251,10,12,10,1,12
252,10,13,10,23,13
253,10,14,10,23,21,14
254,10,15,10,23,15
255,10,16,10,1,16
256,10,17,10,23,17
257,10,18,10,23,18
258,10,19,10,23,21,19
259,10,20,10,23,13,20
260,10,21,10,23,21
261,10,22,10,23,22
262,10,23,10,23
263,10,24,10,23,24
264,11,0,11,1,0
265,11,1,11,1
266,11,2,11,1,2
267,11,3,11,1,3
268,11,4,11,1,4
269,11,5,11,1,5
270,11,6,11,1,6
271,11,7,11,1,7
272,11,8,11,1,8
273,11,9,11,1,9
274,11,10,11,13,10
275,11,12,11,1,12
276,11,13,11,13
277,11,14,11,1,14
278,11,15,11,13,15
279,11,16,11,1,16
280,11,17,11,13,17
281,11,18,11,13,18
282,11,19,11,1,19
283,11,20,11,1,20
284,11,21,11,1,21
285,11,22,11,1,22
286,11,23,11,13,23
287,11,24,11,13,24
288,12,0,12,1,0
289,12,1,12,1
290,12,2,12,1,2
291,12,3,12,3
292,12,4,12,3,4
293,12,5,12,1,5
294,12,6,12,1,6
295,12,7,12,1,7
296,12,8,12,3,8
297,12,9,12,1,9
298,12,10,12,1,10
299,12,11,12,1,11
300,12,13,12,3,13
301,12,14,12,3,14
302,12,15,12,1,15
303,12,16,12,3,16
304,12,17,12,1,17
305,12,18,12,1,18
306,12,19,12,3,19
307,12,20,12,1,20
308,12,21,12,3,21
309,12,22,12,3,22
310,12,23,12,1,23
311,12,24,12,1,24
312,13,0,13,1,0
313,13,1,13,1
314,13,2,13,1,2
315,13,3,13,3
316,13,4,13,4
317,13,5,13,5
318,13,6,13,6
319,13,7,13,1,7
320,13,8,13,21,8
321,13,9,13,1,9
322,13,10,13,10
323,13,11,13,11
324,13,12,13,3,12
325,13,14,13,21,14
326,13,15,13,15
327,13,16,13,1,16
328,13,17,13,17
329,13,18,13,18
330,13,19,13,21,19
331,13,20,13,20
332,13,21,13,21
333,13,22,13,22
334,13,23,13,23
335,13,24,13,24
336,14,0,14,1,0
337,14,1,14,1
338,14,2,14,1,2
339,14,3,14,3
340,14,4,14,3,4
341,14,5,14,1,5
342,14,6,14,1,6
343,14,7,14,1,7
344,14,8,14,3,8
345,14,9,14,1,9
346,14,10,14,21,23,10
347,14,11,14,1,11
348,14,12,14,3,12
349,14,13,14,21,13
350,14,15,14,21,13,15
351,14,16,14,3,16
352,14,17,14,21,17
353,14,18,14,21,18
354,14,19,14,1,19
355,14,20,14,1,20
356,14,21,14,21
357,14,22,14,1,22
358,14,23,14,21,23
359,14,24,14,21,13,24
360,15,0,15,1,0
361,15,1,15,1
362,15,2,15,1,2
363,15,3,15,13,3
364,15,4,15,1,4
365,15,5,15,13,5
366,15,6,15,13,6
367,15,7,15,1,7
368,15,8,15,21,8
369,15,9,15,1,9
370,15,10,15,10
371,15,11,15,1,11
372,15,12,15,1,12
373,15,13,15,13
374,15,14,15,21,14
375,15,16,15,1,16
376,15,17,15,17
377,15,18,15,18
378,15,19,15,21,19
379,15,20,15,13,20
380,15,21,15,21
381,15,22,15,13,22
382,15,23,15,23
383,15,24,15,24
384,16,0,16,1,0
385,16,1,16,1
386,16,2,16,1,2
387,16,3,16,3
388,16,4,16,3,4
389,16,5,16,1,5
390,16,6,16,1,6
391,16,7,16,1,7
392,16,8,16,3,8
393,16,9,16,1,9
394,16,10,16,13,10
395,16,11,16,1,11
396,16,12,16,3,12
397,16,13,16,13
398,16,14,16,3,14
399,16,15,16,13,15
400,16,17,16,13,17
401,16,18,16,13,18
402,16,19,16,3,19
403,16,20,16,1,20
404,16,21,16,21
405,16,22,16,3,22
406,16,23,16,13,23
407,16,24,16,13,24
408,17,0,17,1,0
409,17,1,17,1
410,17,2,17,1,2
411,17,3,17,13,3
412,17,4,17,1,4
413,17,5,17,13,5
414,17,6,17,13,6
415,17,7,17,1,7
416,17,8,17,21,8
417,17,9,17,1,9
418,17,10,17,13,10
419,17,11,17,1,11
420,17,12,17,1,12
421,17,13,17,13
422,17,14,17,21,14
423,17,15,17,13,15
424,17,16,17,1,16
425,17,18,17,18
426,17,19,17,21,19
427,17,20,17,13,20
428,17,21,17,21
429,17,22,17,13,22
430,17,23,17,13,23
431,17,24,17,13,24
432,18,0,18,1,0
433,18,1,18,1
434,18,2,18,1,2
435,18,3,18,13,3
436,18,4,18,1,4
437,18,5,18,13,5
438,18,6,18,13,6
439,18,7,18,1,7
440,18,8,18,21,8
441,18,9,18,13,1,9
442,18,10,18,10
443,18,11,18,1,11
444,18,12,18,1,12
445,18,13,18,13
446,18,14,18,21,14
447,18,15,18,15
448,18,16,18,1,16
449,18,17,18,17
450,18,19,18,21,19
451,18,20,18,13,20
452,18,21,18,21
453,18,22,18,13,22
454,18,23,18,23
455,18,24,18,24
456,19,0,19,1,0
457,19,1,19,1
458,19,2,19,1,2
459,19,3,19,3
460,19,4,19,3,4
461,19,5,19,1,5
462,19,6,19,1,6
463,19,7,19,1,7
464,19,8,19,21,8
465,19,9,19,1,9
466,19,10,19,1,10
467,19,11,19,1,11
468,19,12,19,3,12
469,19,13,19,21,13
470,19,14,19,1,14
471,19,15,19,21,13,15
472,19,16,19,3,16
473,19,17,19,21,17
474,19,18,19,21,18
475,19,20,19,1,20
476,19,21,19,21
477,19,22,19,1,22
478,19,23,19,21,23
479,19,24,19,21,13,24
480,20,0,20,1,0
481,20,1,20,1
482,20,2,20,1,2
483,20,3,20,1,3
484,20,4,20,1,4
485,20,5,20,1,5
486,20,6,20,1,6
487,20,7,20,1,7
488,20,8,20,1,8
489,20,9,20,1,9
490,20,10,20,13,10
491,20,11,20,1,11
492,20,12,20,1,12
493,20,13,20,13
494,20,14,20,1,14
495,20,15,20,13,15
496,20,16,20,1,16
497,20,17,20,13,17
498,20,18,20,13,18
499,20,19,20,1,19
500,20,21,20,1,21
501,20,22,20,13,22
502,20,23,20,13,23
503,20,24,20,13,24
504,21,0,21,1,0
505,21,1,21,1
506,21,2,21,1,2
507,21,3,21,3
508,21,4,21,1,4
509,21,5,21,13,5
510,21,6,21,13,6
511,21,7,21,1,7
512,21,8,21,8
513,21,9,21,1,9
514,21,10,21,23,10
515,21,11,21,1,11
516,21,12,21,3,12
517,21,13,21,13
518,21,14,21,14
519,21,15,21,13,15
520,21,16,21,3,16
521,21,17,21,17
522,21,18,21,18
523,21,19,21,19
524,21,20,21,1,20
525,21,22,21,1,22
526,21,23,21,23
527,21,24,21,13,24
528,22,0,22,1,0
529,22,1,22,1
530,22,2,22,1,2
531,22,3,22,3
532,22,4,22,1,4
533,22,5,22,13,5
534,22,6,22,1,6
535,22,7,22,1,7
536,22,8,22,1,8
537,22,9,22,1,9
538,22,10,22,13,10
539,22,11,22,1,11
540,22,12,22,3,12
541,22,13,22,13
542,22,14,22,1,14
543,22,15,22,13,15
544,22,16,22,1,16
545,22,17,22,13,17
546,22,18,22,13,18
547,22,19,22,1,19
548,22,20,22,13,20
549,22,21,22,1,21
550,22,23,22,13,23
551,22,24,22,13,24
552,23,0,23,1,0
553,23,1,23,1
554,23,2,23,1,2
555,23,3,23,1,3
556,23,4,23,1,4
557,23,5,23,13,5
558,23,6,23,13,6
559,23,7,23,1,7
560,23,8,23,21,8
561,23,9,23,1,9
562,23,10,23,10
563,23,11,23,1,11
564,23,12,23,1,12
565,23,13,23,13
566,23,14,23,21,14
567,23,15,23,15
568,23,16,23,1,16
569,23,17,23,17
570,23,18,23,18
571,23,19,23,21,19
572,23,20,23,13,20
573,23,21,23,21
574,23,22,23,22
575,23,24,23,24
576,24,0,24,1,0
577,24,1,24,1
578,24,2,24,1,2
579,24,3,24,13,3
580,24,4,24,1,4
581,24,5,24,13,5
582,24,6,24,13,6
583,24,7,24,1,7
584,24,8,24,18,21,8
585,24,9,24,13,1,9
586,24,10,24,23,10
587,24,11,24,13,11
588,24,12,24,1,12
589,24,13,24,13
590,24,14,24,18,21,14
591,24,15,24,15
592,24,16,24,1,16
593,24,17,24,13,17
594,24,18,24,18
595,24,19,24,18,21,19
596,24,20,24,13,20
597,24,21,24,18,21
598,24,22,24,13,22
599,24,23,24,23
COMMODITIES,750
Index,Origin,Destination,Demand/Size,Earliest available time,Latest delivery time
0,0,11,0.0751208,136,197
1,11,19,0.363733,136,205
2,20,16,0.0146926,184,250
3,21,13,0.797671,90,146
4,3,13,0.566628,186,254
5,0,14,0.307323,42,111
6,12,3,0.884444,40,93
7,3,5,0.81883,38,109
8,23,6,0.7178,38,107
9,11,8,0.415908,38,103
10,14,3,0.319481,88,147
11,0,6,0.129816,134,196
12,12,11,0.205678,186,252
13,9,12,0.00454545,38,108
14,5,12,0.0161348,186,259
15,5,13,0.47094,40,98
16,2,15,0.228233,88,167
17,19,4,0.0685573,184,251
18,1,14,0.664391,134,198
19,21,17,0.397783,230,286
20,14,8,0.499401,40,108
21,12,16,0.71996,38,96
22,10,23,0.908595,88,142
23,22,6,0.28794,184,249
24,18,22,0.100935,138,200
25,23,9,0.605051,88,165
26,17,5,0.220827,138,202
27,11,12,0.353207,184,250
28,17,15,0.307552,186,254
29,2,0,0.0508937,182,242
30,11,15,0.465977,138,216
31,2,13,0.104064,186,255
32,18,8,0.629895,186,250
33,0,8,0.399761,184,246
34,3,10,0.0962944,38,118
35,12,14,0.0407148,38,102
36,15,14,0.288078,38,116
37,2,14,0.738498,136,207
38,12,17,0.00601559,134,208
39,3,15,0.369624,86,168
40,20,10,0.494407,136,202
41,22,6,0.319583,88,153
42,6,22,0.0242705,38,103
43,2,21,0.00554344,182,248
44,3,8,0.882732,138,195
45,10,14,0.125631,184,261
46,20,23,0.102043,184,247
47,14,8,0.530359,184,252
48,24,1,0.558847,136,208
49,23,13,0.640553,86,143
50,10,12,0.0653346,40,121
51,22,12,0.482326,186,251
52,4,15,0.266535,184,262
53,1,2,0.318535,186,241
54,12,18,0.126076,134,210
55,10,16,0.118721,182,261
56,11,17,0.36162,182,252
57,14,18,0.830721,136,207
58,22,24,0.449754,86,152
59,17,13,0.951803,186,240
60,17,8,0.190447,138,199
61,12,1,0.655119,134,192
62,18,4,0.745597,86,157
63,21,8,0.470759,88,141
64,5,12,0.0161356,136,209
65,12,16,0.74913,86,144
66,15,5,0.444,40,114
67,12,13,0.168763,182,255
68,16,8,0.027503,134,196
69,1,0,0.235384,234,287
70,11,1,0.177839,186,242
71,15,6,0.214143,40,116
72,13,20,0.496196,182,236
73,17,0,0.0089295,90,157
74,3,17,0.140048,42,116
75,2,17,0.113918,86,157
76,3,11,0.429843,90,154
77,24,22,0.786638,88,154
78,12,3,0.399292,182,235
79,2,0,0.0500931,86,146
80,19,11,0.667789,40,109
81,2,21,0.00504349,134,200
82,14,8,0.390383,38,106
83,3,9,0.681981,38,106
84,15,5,0.415362,88,162
85,18,10,0.346755,90,148
86,21,17,0.359019,232,288
87,0,8,0.38156,186,248
88,3,10,0.0952331,136,216
89,19,21,0.630729,38,94
90,23,19,0.770529,186,255
91,16,4,0.818507,186,247
92,14,10,0.186594,136,211
93,3,15,0.386362,186,268
94,12,14,0.0391347,138,202
95,11,0,0.90613,182,243
96,14,18,0.544964,184,255
97,22,4,0.0333598,186,248
98,1,16,0.880113,182,238
99,24,8,0.0629554,40,111
100,2,12,0.0471804,184,249
101,14,8,0.349728,86,154
102,3,10,0.0893336,90,170
103,8,23,0.272789,182,246
104,12,9,0.23433,138,208
105,3,4,0.340383,40,96
106,18,19,0.64836,90,157
107,4,10,0.0583645,90,170
108,22,21,0.526836,38,105
109,16,2,0.32069,136,199
110,3,19,0.0542642,184,243
111,2,18,0.0383199,182,255
112,3,8,0.903894,90,147
113,15,21,0.153196,88,156
114,12,1,0.677861,86,144
115,9,12,0.00454545,88,158
116,16,4,0.868986,38,99
117,3,18,0.511314,184,259
118,18,12,0.377867,186,261
119,1,5,0.0513419,138,201
120,15,22,0.595681,136,207
121,17,9,0.307074,86,160
122,3,5,0.893697,182,253
123,20,8,0.26562,134,201
124,16,6,0.100688,186,251
125,20,23,0.107578,138,201
126,12,20,0.721291,134,202
127,19,4,0.0715789,42,109
128,23,22,0.0370078,90,149
129,6,3,0.280937,38,103
130,16,20,0.208309,136,202
131,20,16,0.015001,138,204
132,20,12,0.0181617,182,250
133,9,12,0.00454545,136,206
134,18,19,0.121263,138,205
135,17,16,0.0708748,134,204
136,0,15,0.491439,90,167
137,8,2,0.0331915,184,248
138,12,6,0.135193,136,203
139,17,9,0.300191,138,212
140,14,8,0.472935,90,158
141,21,22,0.0217145,184,251
142,2,3,0.356531,184,247
143,18,11,0.944692,40,113
144,21,8,0.531148,138,191
145,1,12,0.83455,230,288
146,8,24,0.0263533,88,160
147,12,18,0.124702,186,262
148,4,24,0.29032,86,164
149,22,2,0.624527,186,249
150,5,16,0.367025,90,161
151,24,3,0.0150682,138,219
152,24,6,0.410726,88,159
153,8,12,0.247552,40,102
154,12,13,0.185127,40,113
155,3,20,0.0640218,138,204
156,20,0,0.0641385,38,101
157,13,1,0.99028,186,247
158,12,6,0.133837,182,249
159,18,8,0.655702,136,200
160,3,8,0.852123,134,191
161,18,19,0.79445,134,201
162,22,19,0.136211,186,255
163,3,13,0.390433,90,158
164,11,1,0.844725,138,194
165,8,9,0.26626,38,107
166,10,17,0.174978,40,99
167,10,16,0.100222,134,213
168,13,17,0.183547,138,192
169,16,1,0.561895,186,242
170,24,0,0.0525904,86,163
171,3,21,0.274032,186,248
172,22,20,0.475086,134,195
173,9,1,0.237145,86,146
174,3,17,0.141792,138,212
175,10,23,0.72029,184,238
176,11,16,0.385326,138,202
177,8,13,0.324036,186,247
178,13,3,0.18238,38,108
179,5,13,0.494945,186,244
180,16,4,0.88158,86,147
181,5,1,0.254818,138,201
182,1,21,0.381704,40,99
183,23,24,0.40674,136,193
184,12,20,0.76421,38,106
185,21,12,0.0131764,136,202
186,23,3,0.945458,186,259
187,23,9,0.421895,38,115
188,12,17,0.00679079,136,210
189,3,14,0.0131271,138,197
190,18,11,0.0675011,134,207
191,18,8,0.364844,184,248
192,24,11,0.727848,86,162
193,11,19,0.344511,86,155
194,0,12,0.246157,138,201
195,10,15,0.290759,40,105
196,22,6,0.333733,186,251
197,5,18,0.569916,42,107
198,22,24,0.464961,136,202
199,4,6,0.0720735,38,101
200,10,20,0.103138,186,255
201,5,23,0.775369,42,109
202,1,12,0.82029,90,148
203,14,4,0.215766,138,205
204,12,13,0.187227,38,111
205,4,1,0.210615,90,144
206,12,11,0.192234,86,152
207,8,24,0.0288371,182,254
208,11,0,0.883042,134,195
209,12,6,0.135671,138,205
210,13,10,0.835949,86,146
211,16,8,0.902402,42,104
212,22,21,0.490549,42,109
213,17,11,0.11309,186,256
214,23,8,0.79824,138,204
215,4,3,0.652683,136,192
216,17,5,0.226231,88,152
217,16,9,0.264775,134,202
218,3,23,0.418471,136,209
219,19,2,0.0201999,186,254
220,0,21,0.45049,88,152
221,13,5,0.344316,186,244
222,4,6,0.0631932,138,201
223,10,17,0.188842,184,243
224,0,11,0.942165,40,101
225,19,21,0.645324,40,96
226,14,18,0.586596,42,113
227,3,16,0.402298,138,191
228,18,17,0.129075,38,91
229,2,19,0.292088,90,158
230,13,23,0.101916,42,99
231,11,24,0.10607,38,113
232,3,8,0.742835,136,193
233,22,4,0.0353827,40,102
234,6,22,0.0270869,138,203
235,20,10,0.456601,88,154
236,19,9,0.223243,38,111
237,20,4,0.0078989,186,250
238,20,3,0.423367,38,104
239,10,2,0.0197965,182,260
240,23,11,0.427695,40,113
241,24,3,0.0172756,186,267
242,4,15,0.25362,182,260
243,11,19,0.328456,88,157
244,22,14,0.237561,186,258
245,1,4,0.848084,186,240
246,14,4,0.23698,42,109
247,14,9,0.509099,90,166
248,1,6,0.986263,184,241
249,2,20,0.892185,86,151
250,17,8,0.209498,90,151
251,14,5,0.376707,186,265
252,21,18,0.210828,182,243
253,6,18,0.0301289,90,165
254,3,6,0.000651133,90,155
255,1,2,0.11531,40,95
256,3,14,0.86029,136,195
257,3,16,0.86775,234,287
258,5,3,0.670659,134,205
259,15,16,0.414823,42,122
260,10,20,0.09804,136,205
261,1,4,0.213246,88,142
262,13,18,0.358596,232,287
263,12,21,0.386288,88,155
264,21,11,0.0547044,134,201
265,3,11,0.632645,138,202
266,23,6,0.627798,182,251
267,6,22,0.0244933,186,251
268,2,1,0.624319,232,287
269,10,23,0.224198,138,192
270,4,21,0.012042,42,107
271,8,15,0.0395916,182,257
272,14,9,0.537869,88,164
273,22,19,0.128315,42,111
274,6,18,0.0325646,182,257
275,2,23,0.0921999,134,207
276,19,23,0.761373,138,205
277,24,18,0.946598,138,193
278,11,12,0.293198,42,108
279,5,24,0.0589321,186,255
280,3,21,0.179106,136,198
281,11,16,0.401504,186,250
282,5,8,0.052681,90,162
283,1,24,0.539982,184,256
284,22,10,0.072512,134,201
285,1,21,0.0390843,86,145
286,19,12,0.0413516,38,102
287,12,6,0.142913,40,107
288,15,16,0.382574,88,168
289,3,18,0.497251,136,211
290,16,10,0.0326777,186,263
291,12,20,0.697881,40,108
292,21,15,0.0745085,184,254
293,24,5,0.0413265,38,107
294,24,22,0.487843,182,248
295,22,13,0.713932,138,193
296,0,16,0.776685,40,101
297,23,15,0.347601,88,147
298,4,6,0.0680228,42,105
299,18,12,0.450861,136,211
300,11,21,0.314633,134,201
301,13,23,0.597196,86,143
302,16,14,0.0129416,134,198
303,21,24,0.284591,88,155
304,20,8,0.25587,42,109
305,10,11,0.045128,40,119
306,11,17,0.376622,42,112
307,13,16,0.0850042,184,253
308,1,16,0.958327,38,94
309,6,16,0.351359,136,201
310,14,4,0.256345,186,253
311,2,4,0.91372,38,99
312,21,13,0.897217,134,190
313,13,23,0.756139,88,145
314,22,21,0.480455,184,251
315,21,18,0.202924,88,149
316,17,13,0.879762,90,144
317,0,10,0.445915,42,121
318,10,11,0.0480704,42,121
319,12,18,0.143052,38,114
320,19,22,0.368326,86,155
321,1,23,0.657612,186,252
322,5,18,0.533816,134,199
323,13,8,0.856108,86,147
324,23,6,0.676974,134,203
325,15,24,0.154602,88,140
326,3,24,0.00569523,182,261
327,6,16,0.349221,138,203
328,1,17,0.298684,90,154
329,8,1,0.59156,86,143
330,24,0,0.0507733,88,165
331,1,3,0.405349,134,190
332,5,16,0.405987,40,111
333,11,23,0.573407,186,259
334,15,19,0.737707,134,210
335,13,6,0.928412,138,198
336,23,13,0.520153,184,241
337,10,16,0.108986,136,215
338,24,11,0.713747,90,166
339,5,18,0.541666,88,153
340,6,1,0.244627,88,145
341,4,3,0.96836,230,286
342,0,6,0.106841,42,104
343,23,13,0.978869,90,147
344,15,21,0.199335,134,202
345,3,16,0.511409,136,189
346,13,2,0.268731,40,108
347,18,20,0.833154,184,245
348,11,17,0.35491,186,256
349,18,0,0.216109,40,110
350,1,24,0.0465815,42,114
351,15,22,0.6006,186,257
352,8,24,0.0252194,186,258
353,18,19,0.231831,38,105
354,4,1,0.713891,86,140
355,9,12,0.00454545,40,110
356,10,5,0.0261204,134,207
357,14,4,0.234039,38,105
358,10,20,0.0970287,42,111
359,1,13,0.73913,90,152
360,2,0,0.0533861,90,150
361,9,12,0.00454545,86,156
362,17,19,0.695616,88,152
363,11,17,0.3538,134,204
364,24,12,0.0439825,88,170
365,0,5,0.194798,86,154
366,18,11,0.956232,138,211
367,0,4,0.0332182,88,147
368,0,24,0.502164,184,261
369,14,10,0.180487,182,257
370,12,20,0.773797,186,254
371,17,8,0.204201,86,147
372,16,0,0.774211,134,195
373,22,18,0.818008,90,152
374,12,23,0.0697297,90,166
375,6,16,0.350237,42,107
376,22,17,0.339707,42,103
377,23,6,0.690134,136,205
378,22,11,0.40097,86,150
379,17,1,0.871153,182,244
380,1,11,0.598841,232,288
381,4,21,0.0123801,186,251
382,5,18,0.530867,186,251
383,20,15,0.452971,42,110
384,14,9,0.491739,38,114
385,10,3,0.060685,182,261
386,23,9,0.509479,40,117
387,1,2,0.187458,86,141
388,10,13,0.668712,182,245
389,17,19,0.732978,136,200
390,2,12,0.0495029,88,153
391,10,22,0.0679752,134,199
392,1,0,0.390693,42,95
393,12,6,0.149496,134,201
394,19,11,0.761998,186,255
395,14,8,0.340722,182,250
396,8,23,0.249805,138,202
397,14,20,0.0860549,182,256
398,18,17,0.295674,136,189
399,5,18,0.532509,90,155
400,13,18,0.328119,184,239
401,18,19,0.878452,88,155
402,13,8,0.0487866,182,243
403,11,12,0.294242,90,156
404,14,2,0.093363,40,111
405,21,3,0.13515,186,247
406,13,3,0.0804812,136,206
407,18,23,0.513961,38,90
408,3,9,0.628783,138,206
409,14,10,0.183575,88,163
410,15,19,0.536669,90,166
411,10,5,0.0239331,88,161
412,23,19,0.548556,40,109
413,15,8,0.164997,138,211
414,1,20,0.864115,40,98
415,16,14,0.981904,138,202
416,10,22,0.0676162,38,103
417,0,10,0.457495,186,265
418,5,23,0.819395,40,107
419,4,23,0.0670659,42,114
420,19,8,0.438094,88,149
421,18,17,0.973659,186,239
422,21,12,0.0133724,186,252
423,15,1,0.851253,86,158
424,13,5,0.3331,182,240
425,1,6,0.658419,40,97
426,11,16,0.348099,42,106
427,11,12,0.469639,88,154
428,21,20,0.00688305,134,203
429,18,12,0.406187,40,115
430,13,16,0.0780622,182,251
431,5,1,0.979585,40,103
432,18,1,0.327533,136,201
433,15,24,0.132222,40,92
434,10,8,0.285938,86,158
435,11,23,0.655311,134,207
436,16,22,0.290977,138,204
437,16,21,0.666101,42,99
438,13,23,0.488127,40,97
439,20,4,0.00755743,42,106
440,1,0,0.47691,134,187
441,10,19,0.473039,40,115
442,3,24,0.902691,136,215
443,5,13,0.345788,134,192
444,17,10,0.518617,42,108
445,10,8,0.286462,186,258
446,20,19,0.41531,38,109
447,18,13,0.797165,230,285
448,14,16,0.0218381,40,104
449,2,12,0.0477559,136,201
450,1,20,0.232853,134,192
451,11,10,0.276207,88,164
452,0,15,0.490412,38,115
453,17,2,0.0416371,134,203
454,3,23,0.320777,86,159
455,4,17,0.00612562,182,252
456,24,17,0.767368,184,249
457,22,12,0.460062,134,199
458,12,3,0.0707225,134,187
459,20,15,0.458773,186,254
460,20,18,0.321229,86,147
461,13,14,0.238185,40,106
462,0,6,0.118593,40,102
463,2,19,0.306022,86,154
464,19,22,0.275152,186,255
465,10,8,0.296194,38,110
466,1,2,0.0209646,230,285
467,5,8,0.0472319,182,254
468,14,3,0.648077,86,145
469,1,15,0.69443,186,258
470,15,3,0.405762,40,126
471,10,24,0.871773,138,201
472,12,21,0.347343,184,251
473,0,5,0.189576,134,202
474,16,4,0.791505,184,245
475,17,10,0.597371,88,154
476,1,19,0.962501,42,103
477,6,4,0.0161802,186,249
478,23,10,0.0152505,40,94
479,1,17,0.740288,134,198
480,0,21,0.474986,40,104
481,15,16,0.405077,186,266
482,6,16,0.39385,88,153
483,19,8,0.456573,40,101
484,6,16,0.371463,86,151
485,23,19,0.558078,42,111
486,10,1,0.0830223,136,207
487,5,4,0.198282,42,111
488,14,1,0.895313,38,102
489,10,9,0.360777,40,123
490,0,19,0.261214,186,252
491,0,9,0.131166,42,107
492,22,9,0.182662,38,106
493,22,6,0.324859,90,155
494,17,15,0.421171,38,106
495,22,12,0.447641,182,247
496,5,16,0.384183,42,113
497,17,20,0.273556,40,100
498,22,23,0.596593,40,104
499,15,0,0.407432,90,167
500,3,21,0.295999,134,196
501,15,0,0.447958,182,259
502,19,22,0.514098,136,205
503,20,23,0.0943487,182,245
504,10,5,0.0237599,42,115
505,15,6,0.195699,90,166
506,0,11,0.910276,134,195
507,22,11,0.433408,186,250
508,10,18,0.405148,88,146
509,15,18,0.232667,182,240
510,1,16,0.198938,86,142
511,19,23,0.858907,136,203
512,1,2,0.978076,138,193
513,23,3,0.776927,42,115
514,4,1,0.932713,230,284
515,8,19,0.0923428,86,147
516,15,22,0.677886,134,205
517,14,1,0.503994,186,250
518,23,6,0.629162,86,155
519,17,14,0.0077754,40,106
520,16,14,0.0730756,42,106
521,16,12,0.206059,136,194
522,16,9,0.258932,184,252
523,0,24,0.519687,186,263
524,23,11,0.355408,90,163
525,18,17,0.49985,234,287
526,13,16,0.0821339,88,157
527,24,3,0.0147652,90,171
528,17,20,0.296144,42,102
529,18,14,0.180784,90,159
530,2,23,0.0987576,90,163
531,1,12,0.892383,138,196
532,3,20,0.977397,40,106
533,16,12,0.194639,42,100
534,14,2,0.0955305,182,253
535,0,6,0.107221,86,148
536,11,0,0.907749,184,245
537,1,3,0.533953,136,192
538,2,1,0.66398,42,97
539,15,0,0.446334,186,263
540,3,17,0.144439,184,258
541,19,5,0.509922,134,210
542,0,5,0.210034,40,108
543,18,21,0.678481,186,245
544,1,0,0.625226,186,239
545,21,15,0.0719312,138,208
546,18,1,0.580624,42,107
547,15,6,0.211575,138,214
548,21,23,0.359551,90,149
549,4,6,0.0642119,136,199
550,21,20,0.00750706,138,207
551,20,23,0.0991659,88,151
552,23,14,0.496789,90,161
553,0,23,0.0047494,40,111
554,3,18,0.53792,38,113
555,5,15,0.432244,88,160
556,4,13,0.325025,182,250
557,12,3,0.389166,184,237
558,8,23,0.278364,90,154
559,14,6,0.16355,40,113
560,24,19,0.829858,90,164
561,13,16,0.0825592,136,205
562,14,22,0.645257,42,114
563,12,20,0.704368,88,156
564,13,11,0.0277941,88,153
565,20,12,0.0191308,42,110
566,22,6,0.298821,182,247
567,18,1,0.403698,134,199
568,18,12,0.414069,184,259
569,21,24,0.276446,86,153
570,24,17,0.808289,86,151
571,19,22,0.529534,40,109
572,15,13,0.47137,90,154
573,10,8,0.289301,136,208
574,23,19,0.00828091,134,203
575,10,22,0.0652975,40,105
576,2,1,0.745544,40,95
577,13,23,0.780634,186,243
578,16,14,0.0739188,40,104
579,5,3,0.645241,40,111
580,23,3,0.786468,134,207
581,5,1,0.880361,184,247
582,22,6,0.281046,136,201
583,13,2,0.31359,86,154
584,22,19,0.137044,86,155
585,14,2,0.0983402,38,109
586,10,12,0.0740066,42,123
587,0,3,0.329079,42,103
588,15,3,0.455043,134,220
589,10,14,0.104018,86,163
590,3,21,0.940835,90,152
591,1,17,0.38558,88,152
592,23,8,0.238699,86,152
593,19,22,0.291903,90,159
594,22,19,0.129863,38,107
595,9,16,0.848534,88,156
596,17,24,0.597255,138,203
597,5,1,0.230543,86,149
598,3,12,0.928779,86,139
599,5,15,0.49302,40,112
600,14,18,0.622957,90,161
601,6,18,0.0326003,88,163
602,21,22,0.0224131,138,205
603,21,11,0.0543311,184,251
604,15,12,0.883512,88,170
605,11,13,0.127834,88,152
606,20,4,0.00726798,182,246
607,18,5,0.00771837,134,199
608,22,18,0.774826,184,246
609,14,11,0.720377,38,110
610,3,10,0.103099,88,168
611,16,21,0.695624,184,241
612,10,22,0.068104,90,155
613,20,0,0.061692,186,249
614,13,12,0.133537,42,117
615,17,20,0.265566,136,196
616,19,13,0.570338,90,154
617,12,16,0.718009,138,196
618,14,5,0.329902,182,261
619,10,23,0.244904,90,144
620,10,8,0.319802,138,210
621,17,15,0.276306,86,154
622,24,19,0.746465,86,160
623,16,12,0.170876,38,96
624,17,18,0.265805,40,93
625,20,18,0.280974,40,101
626,21,13,0.905876,88,144
627,13,8,0.83207,186,247
628,19,8,0.445182,86,147
629,11,14,0.452524,136,208
630,10,20,0.0963376,90,159
631,12,3,0.777949,232,285
632,1,14,0.0937956,184,248
633,11,14,0.420536,134,206
634,2,13,0.113618,138,207
635,4,17,0.00544765,186,256
636,16,19,0.616704,136,200
637,16,5,0.144506,184,255
638,2,4,0.98418,182,243
639,18,22,0.0690144,40,102
640,9,1,0.109885,40,100
641,8,1,0.867159,182,239
642,3,4,0.296152,184,240
643,3,24,0.960105,86,165
644,8,23,0.293947,186,250
645,12,3,0.446414,186,239
646,22,9,0.170283,184,252
647,13,2,0.31195,134,202
648,12,17,0.00689811,184,258
649,12,3,0.411915,138,191
650,3,17,0.126422,134,208
651,5,20,0.336187,88,152
652,12,18,0.132996,88,164
653,11,22,0.821894,40,104
654,0,4,0.0319026,186,245
655,18,23,0.122707,230,282
656,3,2,0.975089,138,201
657,15,22,0.710159,182,253
658,21,20,0.00767041,88,157
659,22,18,0.734139,40,102
660,15,0,0.424243,86,163
661,1,11,0.288863,88,144
662,18,5,0.0180281,184,249
663,20,19,0.469201,88,159
664,22,12,0.516921,42,107
665,18,1,0.0373048,40,105
666,8,24,0.0290199,86,158
667,10,22,0.0669847,182,247
668,5,3,0.598865,136,207
669,22,19,0.122089,182,251
670,15,0,0.428353,40,117
671,20,10,0.468743,184,250
672,24,1,0.714402,184,256
673,6,3,0.238304,182,247
674,3,21,0.347456,184,246
675,2,0,0.0480117,138,198
676,20,23,0.0919756,186,249
677,5,14,0.311868,88,167
678,17,16,0.0744075,40,110
679,0,4,0.0316799,90,149
680,18,3,0.0384364,138,215
681,5,13,0.48513,182,240
682,18,6,0.752335,90,157
683,5,22,0.319235,38,109
684,2,23,0.102556,86,159
685,19,13,0.477367,88,152
686,15,5,0.48483,38,112
687,0,16,0.808289,42,103
688,22,18,0.840152,138,200
689,12,1,0.138281,88,146
690,10,23,0.554408,136,190
691,21,14,0.00912862,134,192
692,17,9,0.319283,134,208
693,19,21,0.6533,138,194
694,8,23,0.284118,38,102
695,24,23,0.52937,88,145
696,22,21,0.461082,88,155
697,5,15,0.424106,136,208
698,3,9,0.788176,136,204
699,23,2,0.084714,136,208
700,14,3,0.560316,40,99
701,1,20,0.102418,184,242
702,17,8,0.184712,184,245
703,1,23,0.714907,134,200
704,1,5,0.695794,88,151
705,23,14,0.493949,86,157
706,23,20,0.0175388,134,197
707,17,10,0.574035,38,104
708,22,20,0.490111,184,245
709,6,14,0.0171265,184,257
710,11,14,0.467588,40,112
711,21,14,0.00978192,138,196
712,18,0,0.250699,90,160
713,23,19,0.506528,88,157
714,23,9,0.568777,42,119
715,22,4,0.0347755,90,152
716,24,1,0.426292,38,110
717,14,4,0.217868,134,201
718,11,10,0.272186,134,210
719,17,8,0.174044,182,243
720,0,3,0.356366,134,195
721,8,17,0.462741,90,151
722,15,1,0.909976,182,254
723,15,12,0.804139,40,122
724,17,24,0.635963,38,103
725,3,0,0.532227,136,197
726,16,9,0.232736,38,106
727,14,8,0.514442,186,254
728,5,12,0.0159796,134,207
729,10,14,0.11326,182,259
730,4,24,0.330524,186,264
731,20,3,0.423234,88,154
732,0,24,0.541933,182,259
733,2,4,0.958158,88,149
734,21,8,0.443982,234,287
735,18,1,0.894125,90,155
736,0,14,0.314414,86,155
737,14,12,0.167377,136,200
738,12,17,0.00602157,86,160
739,2,21,0.005124,38,104
740,24,8,0.0568919,86,157
741,14,22,0.67233,134,206
742,22,21,0.50031,134,201
743,19,8,0.469785,42,103
744,20,4,0.00683113,134,198
745,4,24,0.315141,182,260
746,15,3,0.391841,184,270
747,0,4,0.0353975,182,241
748,18,12,0.377829,134,209
749,4,15,0.24974,186,264
