NODES,25
INDEX,Name,X-coordinate,Y-coordinate
0,0,-,-
1,1,-,-
2,2,-,-
3,3,-,-
4,4,-,-
5,5,-,-
6,6,-,-
7,7,-,-
8,8,-,-
9,9,-,-
10,10,-,-
11,11,-,-
12,12,-,-
13,13,-,-
14,14,-,-
15,15,-,-
16,16,-,-
17,17,-,-
18,18,-,-
19,19,-,-
20,20,-,-
21,21,-,-
22,22,-,-
23,23,-,-
24,24,-,-
ARCS,529
Index,Origin,Destination,Variable Cost,Fixed Cost,Capacity,Travel time
0,0,1,0,117.8,1,5
1,1,0,0,117.8,1,5
2,1,2,0,234.05,1,7
3,1,3,0,260.4,1,8
4,1,4,0,175.15,1,6
5,1,5,0,486.7,1,15
6,1,6,0,323.95,1,9
7,1,8,0,323.95,1,9
8,1,9,0,447.95,1,12
9,1,10,0,883.5,1,26
10,1,11,0,255.75,1,8
11,1,12,0,387.5,1,10
12,1,13,0,489.8,1,14
13,1,14,0,525.45,1,16
14,1,15,0,1002.85,1,24
15,1,16,0,252.65,1,8
16,1,17,0,545.6,1,16
17,1,18,0,680.45,1,18
18,1,19,0,503.75,1,13
19,1,20,0,358.05,1,10
20,1,21,0,409.2,1,11
21,1,22,0,266.6,1,8
22,1,23,0,699.05,1,18
23,1,24,0,903.65,1,24
24,2,1,0,234.05,1,7
25,3,1,0,260.4,1,8
26,3,4,0,230.95,1,8
27,3,8,0,311.55,1,9
28,3,12,0,144.15,1,5
29,3,13,0,661.85,1,20
30,3,14,0,418.5,1,11
31,3,16,0,151.9,1,5
32,3,19,0,396.8,1,11
33,3,21,0,469.65,1,14
34,3,22,0,429.35,1,13
35,4,1,0,175.15,1,6
36,4,3,0,230.95,1,8
37,5,1,0,486.7,1,15
38,5,13,0,367.35,1,10
39,6,1,0,323.95,1,9
40,6,13,0,430.9,1,11
41,7,1,0,103.85,1,4
42,8,1,0,323.95,1,9
43,8,3,0,311.55,1,9
44,8,13,0,415.4,1,11
45,8,16,0,161.2,1,6
46,8,21,0,158.1,1,5
47,9,1,0,447.95,1,12
48,10,1,0,891.25,1,23
49,10,23,0,192.2,1,6
50,11,1,0,255.75,1,8
51,11,13,0,592.1,1,16
52,12,1,0,387.5,1,10
53,12,3,0,144.15,1,5
54,13,1,0,489.8,1,13
55,13,3,0,669.6,1,22
56,13,5,0,367.35,1,10
57,13,6,0,430.9,1,12
58,13,10,0,483.6,1,12
59,13,11,0,596.75,1,17
60,13,15,0,553.35,1,14
61,13,17,0,176.7,1,6
62,13,18,0,248,1,7
63,13,19,0,573.5,1,16
64,13,20,0,198.4,1,6
65,13,21,0,275.9,1,8
66,13,22,0,232.5,1,7
67,13,23,0,323.95,1,9
68,13,24,0,449.5,1,11
69,14,1,0,525.45,1,16
70,14,3,0,418.5,1,11
71,14,19,0,111.6,1,4
72,14,21,0,384.4,1,10
73,15,1,0,1002.85,1,24
74,15,13,0,553.35,1,16
75,15,18,0,350.3,1,10
76,15,21,0,747.1,1,20
77,15,23,0,412.3,1,11
78,16,1,0,252.65,1,8
79,16,3,0,151.9,1,5
80,16,8,0,161.2,1,6
81,16,13,0,581.25,1,17
82,16,21,0,305.35,1,9
83,17,1,0,544.05,1,14
84,17,13,0,176.7,1,6
85,17,18,0,127.1,1,5
86,17,21,0,292.95,1,8
87,18,1,0,666.5,1,17
88,18,10,0,308.45,1,10
89,18,13,0,248,1,7
90,18,15,0,350.3,1,10
91,18,17,0,127.1,1,5
92,18,19,0,719.2,1,19
93,18,21,0,421.6,1,11
94,18,22,0,421.6,1,13
95,18,23,0,116.25,1,4
96,18,24,0,237.15,1,7
97,19,1,0,503.75,1,13
98,19,3,0,396.8,1,11
99,19,8,0,240.25,1,7
100,19,14,0,111.6,1,4
101,19,21,0,297.6,1,8
102,20,1,0,358.05,1,10
103,20,13,0,198.4,1,6
104,20,23,0,522.35,1,15
105,21,1,0,409.2,1,11
106,21,3,0,458.8,1,13
107,21,8,0,158.1,1,5
108,21,13,0,275.9,1,8
109,21,14,0,384.4,1,10
110,21,15,0,829.25,1,22
111,21,17,0,292.95,1,8
112,21,18,0,420.05,1,13
113,21,19,0,297.6,1,8
114,21,23,0,440.2,1,11
115,22,1,0,266.6,1,8
116,22,3,0,429.35,1,12
117,22,13,0,232.5,1,7
118,23,1,0,699.05,1,17
119,23,10,0,192.2,1,6
120,23,13,0,323.95,1,9
121,23,15,0,412.3,1,11
122,23,17,0,153.45,1,5
123,23,18,0,116.25,1,4
124,23,21,0,446.4,1,13
125,23,24,0,305.35,1,9
126,24,1,0,903.65,1,24
127,24,13,0,449.5,1,11
128,24,18,0,237.15,1,7
129,24,23,0,305.35,1,9
130,0,2,0,161.2,1,6
131,0,3,0,353.4,1,10
132,0,4,0,285.2,1,9
133,0,5,0,474.3,1,13
134,0,6,0,246.45,1,8
135,0,8,0,427.8,1,12
136,0,9,0,379.75,1,11
137,0,10,0,931.55,1,25
138,0,11,0,158.1,1,5
139,0,12,0,401.45,1,11
140,0,14,0,632.4,1,17
141,0,15,0,1063.3,1,28
142,0,16,0,367.35,1,11
143,0,17,0,596.75,1,16
144,0,18,0,717.65,1,19
145,0,19,0,615.35,1,17
146,0,20,0,361.15,1,10
147,0,21,0,444.85,1,13
148,0,22,0,297.6,1,9
149,0,23,0,739.35,1,20
150,0,24,0,957.9,1,25
151,1,7,0,103.85,1,4
152,2,0,0,161.2,1,6
153,2,3,0,480.5,1,13
154,2,4,0,409.2,1,12
155,2,5,0,257.3,1,8
156,2,6,0,110.05,1,4
157,2,8,0,412.3,1,12
158,2,9,0,229.4,1,7
159,2,10,0,872.65,1,23
160,2,11,0,182.9,1,6
161,2,12,0,582.8,1,16
162,2,13,0,390.6,1,11
163,2,14,0,790.5,1,21
164,2,15,0,940.85,1,25
165,2,16,0,475.85,1,13
166,2,17,0,568.85,1,16
167,2,18,0,638.6,1,17
168,2,19,0,643.25,1,17
169,2,20,0,207.7,1,7
170,2,21,0,424.7,1,12
171,2,22,0,308.45,1,9
172,2,23,0,716.1,1,19
173,2,24,0,847.85,1,23
174,3,0,0,353.4,1,10
175,3,2,0,480.5,1,13
176,3,6,0,554.9,1,15
177,3,9,0,685.1,1,18
178,3,10,0,995.1,1,26
179,3,11,0,477.4,1,13
180,3,15,0,1224.5,1,32
181,3,17,0,764.15,1,20
182,3,18,0,833.9,1,22
183,3,20,0,620,1,17
184,3,23,0,888.15,1,23
185,3,24,0,1108.25,1,29
186,4,0,0,285.2,1,9
187,4,2,0,409.2,1,12
188,4,6,0,494.45,1,14
189,4,7,0,75.95,1,3
190,4,8,0,142.6,1,5
191,4,9,0,624.65,1,17
192,4,10,0,838.55,1,22
193,4,11,0,406.1,1,12
194,4,12,0,331.7,1,9
195,4,13,0,427.8,1,12
196,4,14,0,410.75,1,12
197,4,15,0,970.3,1,26
198,4,16,0,147.25,1,5
199,4,17,0,503.75,1,14
200,4,18,0,624.65,1,17
201,4,19,0,390.6,1,11
202,4,20,0,413.85,1,12
203,4,21,0,263.5,1,8
204,4,22,0,204.6,1,7
205,4,23,0,646.35,1,18
206,4,24,0,861.8,1,23
207,5,0,0,474.3,1,13
208,5,2,0,257.3,1,8
209,5,6,0,161.2,1,5
210,5,9,0,198.4,1,6
211,5,11,0,320.85,1,9
212,5,18,0,660.3,1,16
213,5,20,0,178.25,1,6
214,5,23,0,720.75,1,19
215,6,0,0,246.45,1,8
216,6,2,0,110.05,1,4
217,6,3,0,554.9,1,15
218,6,4,0,494.45,1,14
219,6,5,0,161.2,1,5
220,6,8,0,637.05,1,17
221,6,9,0,141.05,1,5
222,6,10,0,939.3,1,25
223,6,11,0,165.85,1,5
224,6,12,0,623.1,1,17
225,6,14,0,840.1,1,22
226,6,15,0,982.7,1,26
227,6,16,0,576.6,1,16
228,6,17,0,615.35,1,17
229,6,18,0,685.1,1,18
230,6,19,0,824.6,1,22
231,6,20,0,243.35,1,7
232,6,21,0,593.65,1,16
233,6,22,0,446.4,1,13
234,6,23,0,761.05,1,20
235,6,24,0,877.3,1,23
236,7,3,0,246.45,1,8
237,7,4,0,75.95,1,3
238,8,0,0,427.8,1,12
239,8,2,0,412.3,1,12
240,8,4,0,142.6,1,5
241,8,6,0,637.05,1,17
242,8,9,0,767.25,1,21
243,8,10,0,714.55,1,19
244,8,11,0,545.6,1,15
245,8,12,0,460.35,1,13
246,8,14,0,328.6,1,10
247,8,15,0,883.5,1,23
248,8,17,0,427.8,1,12
249,8,18,0,542.5,1,15
250,8,19,0,240.25,1,7
251,8,20,0,444.85,1,13
252,8,22,0,203.05,1,7
253,8,23,0,536.3,1,15
254,8,24,0,801.35,1,21
255,9,0,0,379.75,1,11
256,9,2,0,229.4,1,7
257,9,3,0,685.1,1,18
258,9,4,0,624.65,1,17
259,9,5,0,198.4,1,6
260,9,6,0,141.05,1,5
261,9,8,0,767.25,1,21
262,9,10,0,1069.5,1,28
263,9,11,0,297.6,1,8
264,9,12,0,753.3,1,20
265,9,13,0,469.65,1,12
266,9,14,0,652.55,1,18
267,9,15,0,1112.9,1,29
268,9,16,0,706.8,1,19
269,9,17,0,646.35,1,18
270,9,18,0,711.45,1,18
271,9,19,0,954.8,1,25
272,9,20,0,279,1,8
273,9,21,0,723.85,1,19
274,9,22,0,576.6,1,16
275,9,23,0,891.25,1,24
276,9,24,0,1019.9,1,27
277,10,0,0,931.55,1,25
278,10,2,0,872.65,1,23
279,10,3,0,995.1,1,26
280,10,4,0,838.55,1,22
281,10,6,0,939.3,1,25
282,10,8,0,714.55,1,19
283,10,9,0,1069.5,1,28
284,10,11,0,1133.05,1,30
285,10,12,0,1086.55,1,28
286,10,13,0,483.6,1,12
287,10,14,0,970.3,1,26
288,10,15,0,224.75,1,7
289,10,16,0,872.65,1,23
290,10,17,0,334.8,1,9
291,10,18,0,306.9,1,9
292,10,19,0,909.85,1,24
293,10,20,0,714.55,1,19
294,10,21,0,623.1,1,16
295,10,22,0,623.1,1,17
296,10,24,0,286.75,1,8
297,11,0,0,158.1,1,5
298,11,2,0,182.9,1,6
299,11,3,0,477.4,1,13
300,11,4,0,406.1,1,12
301,11,5,0,320.85,1,9
302,11,6,0,165.85,1,5
303,11,8,0,545.6,1,15
304,11,9,0,297.6,1,9
305,11,10,0,1133.05,1,30
306,11,12,0,523.9,1,14
307,11,14,0,770.35,1,21
308,11,15,0,1112.9,1,29
309,11,16,0,488.25,1,14
310,11,17,0,798.25,1,21
311,11,18,0,832.35,1,21
312,11,19,0,748.65,1,20
313,11,20,0,406.1,1,11
314,11,21,0,649.45,1,18
315,11,22,0,499.1,1,14
316,11,23,0,852.5,1,23
317,11,24,0,1021.45,1,27
318,12,0,0,401.45,1,11
319,12,2,0,582.8,1,16
320,12,4,0,331.7,1,10
321,12,6,0,623.1,1,17
322,12,8,0,460.35,1,13
323,12,9,0,753.3,1,20
324,12,10,0,1086.55,1,28
325,12,11,0,523.9,1,14
326,12,13,0,776.55,1,20
327,12,14,0,550.25,1,15
328,12,15,0,1233.8,1,32
329,12,16,0,296.05,1,9
330,12,17,0,776.55,1,21
331,12,18,0,1038.5,1,27
332,12,19,0,523.9,1,14
333,12,20,0,637.05,1,17
334,12,21,0,554.9,1,15
335,12,22,0,556.45,1,15
336,12,23,0,919.15,1,24
337,12,24,0,1137.7,1,30
338,13,2,0,390.6,1,11
339,13,4,0,427.8,1,12
340,13,8,0,415.4,1,11
341,13,9,0,469.65,1,12
342,13,14,0,655.65,1,17
343,13,16,0,530.1,1,14
344,14,0,0,632.4,1,17
345,14,2,0,790.5,1,21
346,14,4,0,410.75,1,12
347,14,6,0,840.1,1,22
348,14,8,0,328.6,1,10
349,14,9,0,652.55,1,18
350,14,10,0,970.3,1,26
351,14,11,0,770.35,1,21
352,14,12,0,550.25,1,15
353,14,13,0,655.65,1,17
354,14,15,0,1106.7,1,28
355,14,16,0,272.8,1,8
356,14,17,0,671.15,1,18
357,14,18,0,798.25,1,20
358,14,20,0,852.5,1,23
359,14,22,0,527,1,15
360,14,23,0,818.4,1,20
361,14,24,0,995.1,1,26
362,15,0,0,1063.3,1,28
363,15,2,0,940.85,1,25
364,15,3,0,1224.5,1,32
365,15,4,0,970.3,1,26
366,15,6,0,982.7,1,26
367,15,8,0,883.5,1,23
368,15,9,0,1112.9,1,29
369,15,10,0,224.75,1,7
370,15,11,0,1112.9,1,29
371,15,12,0,1233.8,1,32
372,15,14,0,1106.7,1,28
373,15,16,0,1027.65,1,27
374,15,17,0,454.15,1,12
375,15,19,0,1023,1,27
376,15,20,0,757.95,1,19
377,15,22,0,733.15,1,19
378,15,24,0,110.05,1,4
379,16,0,0,367.35,1,11
380,16,2,0,475.85,1,13
381,16,4,0,147.25,1,5
382,16,6,0,576.6,1,16
383,16,7,0,155,1,5
384,16,9,0,706.8,1,19
385,16,10,0,872.65,1,23
386,16,11,0,488.25,1,14
387,16,12,0,296.05,1,8
388,16,14,0,272.8,1,8
389,16,15,0,1027.65,1,27
390,16,17,0,570.4,1,16
391,16,18,0,686.65,1,19
392,16,19,0,251.1,1,7
393,16,20,0,525.45,1,15
394,16,22,0,302.25,1,9
395,16,23,0,692.85,1,19
396,16,24,0,951.7,1,25
397,17,0,0,596.75,1,16
398,17,2,0,568.85,1,16
399,17,3,0,764.15,1,20
400,17,4,0,503.75,1,14
401,17,5,0,530.1,1,14
402,17,6,0,615.35,1,17
403,17,8,0,427.8,1,12
404,17,9,0,649.45,1,18
405,17,10,0,334.8,1,10
406,17,11,0,798.25,1,21
407,17,12,0,776.55,1,21
408,17,14,0,671.15,1,17
409,17,15,0,454.15,1,12
410,17,16,0,570.4,1,16
411,17,19,0,581.25,1,16
412,17,20,0,373.55,1,10
413,17,22,0,294.5,1,8
414,17,23,0,153.45,1,5
415,17,24,0,362.7,1,10
416,18,0,0,719.2,1,19
417,18,2,0,638.6,1,17
418,18,3,0,833.9,1,22
419,18,4,0,624.65,1,17
420,18,5,0,660.3,1,16
421,18,6,0,685.1,1,18
422,18,8,0,542.5,1,15
423,18,9,0,711.45,1,18
424,18,11,0,832.35,1,21
425,18,12,0,1038.5,1,27
426,18,14,0,798.25,1,21
427,18,16,0,686.65,1,19
428,18,20,0,438.65,1,12
429,19,0,0,615.35,1,17
430,19,2,0,643.25,1,17
431,19,4,0,390.6,1,11
432,19,6,0,824.6,1,22
433,19,9,0,954.8,1,25
434,19,10,0,909.85,1,24
435,19,11,0,748.65,1,20
436,19,12,0,523.9,1,14
437,19,13,0,565.75,1,14
438,19,15,0,1023,1,27
439,19,16,0,251.1,1,7
440,19,17,0,581.25,1,16
441,19,18,0,709.9,1,18
442,19,20,0,764.15,1,20
443,19,22,0,437.1,1,12
444,19,23,0,728.5,1,18
445,19,24,0,942.4,1,25
446,20,0,0,361.15,1,10
447,20,2,0,207.7,1,7
448,20,3,0,620,1,17
449,20,4,0,413.85,1,12
450,20,5,0,178.25,1,6
451,20,6,0,243.35,1,7
452,20,8,0,444.85,1,13
453,20,9,0,279,1,8
454,20,10,0,714.55,1,19
455,20,11,0,406.1,1,11
456,20,12,0,637.05,1,17
457,20,14,0,878.85,1,23
458,20,15,0,757.95,1,19
459,20,16,0,525.45,1,15
460,20,17,0,373.55,1,11
461,20,18,0,438.65,1,12
462,20,19,0,764.15,1,20
463,20,21,0,466.55,1,13
464,20,22,0,272.8,1,8
465,20,24,0,641.7,1,17
466,21,0,0,444.85,1,13
467,21,2,0,424.7,1,12
468,21,4,0,263.5,1,8
469,21,6,0,593.65,1,16
470,21,9,0,723.85,1,19
471,21,10,0,623.1,1,16
472,21,11,0,646.35,1,18
473,21,12,0,554.9,1,15
474,21,16,0,305.35,1,9
475,21,20,0,466.55,1,13
476,21,22,0,142.6,1,5
477,21,24,0,651,1,18
478,22,0,0,297.6,1,9
479,22,2,0,308.45,1,10
480,22,4,0,204.6,1,7
481,22,6,0,446.4,1,13
482,22,8,0,203.05,1,6
483,22,9,0,576.6,1,16
484,22,10,0,623.1,1,17
485,22,11,0,499.1,1,14
486,22,12,0,556.45,1,15
487,22,14,0,527,1,15
488,22,15,0,733.15,1,19
489,22,16,0,302.25,1,9
490,22,17,0,294.5,1,8
491,22,18,0,404.55,1,10
492,22,19,0,437.1,1,12
493,22,20,0,272.8,1,9
494,22,21,0,142.6,1,5
495,22,23,0,432.45,1,11
496,22,24,0,643.25,1,17
497,23,0,0,739.35,1,20
498,23,2,0,716.1,1,19
499,23,3,0,888.15,1,23
500,23,4,0,646.35,1,18
501,23,6,0,761.05,1,20
502,23,8,0,536.3,1,15
503,23,9,0,891.25,1,24
504,23,11,0,852.5,1,23
505,23,12,0,919.15,1,24
506,23,14,0,818.4,1,20
507,23,16,0,692.85,1,19
508,23,19,0,728.5,1,18
509,23,20,0,522.35,1,14
510,23,22,0,432.45,1,11
511,24,0,0,957.9,1,25
512,24,2,0,847.85,1,23
513,24,3,0,1108.25,1,29
514,24,4,0,861.8,1,23
515,24,6,0,877.3,1,23
516,24,8,0,801.35,1,21
517,24,9,0,1019.9,1,27
518,24,10,0,286.75,1,8
519,24,11,0,1021.45,1,27
520,24,12,0,1137.7,1,30
521,24,14,0,995.1,1,26
522,24,15,0,110.05,1,4
523,24,16,0,951.7,1,25
524,24,17,0,362.7,1,10
525,24,19,0,942.4,1,25
526,24,20,0,641.7,1,17
527,24,21,0,651,1,16
528,24,22,0,643.25,1,17
PATHS,600
Index,Shipment origin,Shipment destination,1st terminal on path,2nd terminal on path,.....,6th terminal on path
0,0,1,0,1
1,0,2,0,1,2
2,0,3,0,1,3
3,0,4,0,1,4
4,0,5,0,1,5
5,0,6,0,1,6
6,0,7,0,1,7
7,0,8,0,1,8
8,0,9,0,1,9
9,0,10,0,1,10
10,0,11,0,1,11
11,0,12,0,1,12
12,0,13,0,1,13
13,0,14,0,1,14
14,0,15,0,1,15
15,0,16,0,1,16
16,0,17,0,1,17
17,0,18,0,1,18
18,0,19,0,1,19
19,0,20,0,1,20
20,0,21,0,1,21
21,0,22,0,1,22
22,0,23,0,1,23
23,0,24,0,1,24
24,1,0,1,0
25,1,2,1,2
26,1,3,1,3
27,1,4,1,4
28,1,5,1,5
29,1,6,1,6
30,1,7,1,7
31,1,8,1,8
32,1,9,1,9
33,1,10,1,10
34,1,11,1,11
35,1,12,1,12
36,1,13,1,13
37,1,14,1,14
38,1,15,1,15
39,1,16,1,16
40,1,17,1,17
41,1,18,1,18
42,1,19,1,19
43,1,20,1,20
44,1,21,1,21
45,1,22,1,22
46,1,23,1,23
47,1,24,1,24
48,2,0,2,1,0
49,2,1,2,1
50,2,3,2,1,3
51,2,4,2,1,4
52,2,5,2,1,5
53,2,6,2,1,6
54,2,8,2,1,8
55,2,7,2,1,7
56,2,9,2,1,9
57,2,10,2,1,10
58,2,11,2,1,11
59,2,12,2,1,12
60,2,13,2,1,13
61,2,14,2,1,14
62,2,15,2,1,15
63,2,16,2,1,16
64,2,17,2,1,17
65,2,18,2,1,18
66,2,19,2,1,19
67,2,20,2,1,20
68,2,21,2,1,21
69,2,22,2,1,22
70,2,23,2,1,23
71,2,24,2,1,24
72,3,0,3,1,0
73,3,1,3,1
74,3,2,3,1,2
75,3,4,3,4
76,3,5,3,1,5
77,3,6,3,1,6
78,3,7,3,1,7
79,3,8,3,8
80,3,9,3,1,9
81,3,10,3,13,10
82,3,11,3,1,11
83,3,12,3,12
84,3,13,3,13
85,3,14,3,14
86,3,15,3,13,15
87,3,16,3,16
88,3,17,3,13,17
89,3,18,3,13,18
90,3,19,3,19
91,3,20,3,1,20
92,3,21,3,21
93,3,22,3,22
94,3,23,3,21,23
95,3,24,3,13,24
96,4,0,4,1,0
97,4,1,4,1
98,4,2,4,1,2
99,4,3,4,3
100,4,5,4,1,5
101,4,6,4,1,6
102,4,7,4,1,7
103,4,8,4,1,8
104,4,9,4,1,9
105,4,10,4,1,10
106,4,11,4,1,11
107,4,12,4,3,12
108,4,13,4,1,13
109,4,14,4,3,14
110,4,15,4,1,15
111,4,16,4,3,16
112,4,17,4,1,17
113,4,18,4,1,18
114,4,19,4,3,19
115,4,20,4,1,20
116,4,21,4,1,21
117,4,22,4,1,22
118,4,23,4,1,23
119,4,24,4,1,24
120,5,0,5,1,0
121,5,1,5,1
122,5,2,5,1,2
123,5,3,5,1,3
124,5,4,5,1,4
125,5,6,5,1,6
126,5,7,5,1,7
127,5,8,5,1,8
128,5,9,5,1,9
129,5,10,5,13,10
130,5,11,5,1,11
131,5,12,5,1,12
132,5,13,5,13
133,5,14,5,1,14
134,5,15,5,13,15
135,5,16,5,1,16
136,5,17,5,13,17
137,5,18,5,13,18
138,5,19,5,13,21,19
139,5,20,5,13,20
140,5,21,5,13,21
141,5,22,5,1,22
142,5,23,5,13,23
143,5,24,5,13,24
144,6,0,6,1,0
145,6,1,6,1
146,6,2,6,1,2
147,6,3,6,1,3
148,6,4,6,1,4
149,6,5,6,1,5
150,6,7,6,1,7
151,6,8,6,1,8
152,6,9,6,1,9
153,6,10,6,1,10
154,6,11,6,1,11
155,6,12,6,1,12
156,6,13,6,1,13
157,6,14,6,1,14
158,6,15,6,1,15
159,6,16,6,1,16
160,6,17,6,1,17
161,6,18,6,1,18
162,6,19,6,1,19
163,6,20,6,1,20
164,6,21,6,1,21
165,6,22,6,1,22
166,6,23,6,1,23
167,6,24,6,1,24
168,7,0,7,1,0
169,7,1,7,1
170,7,2,7,1,2
171,7,3,7,3
172,7,4,7,4
173,7,5,7,1,5
174,7,6,7,3,6
175,7,8,7,3,8
176,7,9,7,1,9
177,7,10,7,1,9
178,7,11,7,3,11
179,7,12,7,4,12
180,7,13,7,4,13
181,7,14,7,4,14
182,7,15,7,4,15
183,7,16,7,4,16
184,7,17,7,1,17
185,7,18,7,1,18
186,7,19,7,1,19
187,7,20,7,1,20
188,7,21,7,1,21
189,7,22,7,1,22
190,7,23,7,1,23
191,7,24,7,1,24
192,8,0,8,1,0
193,8,1,8,1
194,8,2,8,1,2
195,8,3,8,3
196,8,4,8,1,4
197,8,5,8,1,5
198,8,6,8,1,6
199,8,7,8,1,7
200,8,9,8,1,9
201,8,10,8,21,23,10
202,8,11,8,1,11
203,8,12,8,3,12
204,8,13,8,21,13
205,8,14,8,21,14
206,8,15,8,21,13,15
207,8,16,8,3,16
208,8,17,8,21,17
209,8,18,8,21,18
210,8,19,8,21,19
211,8,20,8,1,20
212,8,21,8,21
213,8,22,8,1,22
214,8,23,8,21,23
215,8,24,8,21,13,24
216,9,0,9,1,0
217,9,1,9,1
218,9,2,9,1,2
219,9,3,9,1,3
220,9,4,9,1,4
221,9,5,9,1,5
222,9,6,9,1,6
223,9,7,9,1,7
224,9,8,9,1,8
225,9,10,9,1,10
226,9,11,9,1,11
227,9,12,9,1,12
228,9,13,9,1,13
229,9,14,9,1,14
230,9,15,9,1,15
231,9,16,9,1,16
232,9,17,9,1,17
233,9,18,9,1,18
234,9,19,9,1,19
235,9,20,9,1,20
236,9,21,9,1,21
237,9,22,9,1,22
238,9,23,9,1,23
239,9,24,9,1,24
240,10,0,10,1,0
241,10,1,10,1
242,10,2,10,1,2
243,10,3,10,1,3
244,10,4,10,1,4
245,10,5,10,23,13,5
246,10,6,10,23,13,6
247,10,7,10,1,7
248,10,8,10,23,21,8
249,10,9,10,1,9
250,10,11,10,1,11
251,10,12,10,1,12
252,10,13,10,23,13
253,10,14,10,23,21,14
254,10,15,10,23,15
255,10,16,10,1,16
256,10,17,10,23,17
257,10,18,10,23,18
258,10,19,10,23,21,19
259,10,20,10,23,13,20
260,10,21,10,23,21
261,10,22,10,23,22
262,10,23,10,23
263,10,24,10,23,24
264,11,0,11,1,0
265,11,1,11,1
266,11,2,11,1,2
267,11,3,11,1,3
268,11,4,11,1,4
269,11,5,11,1,5
270,11,6,11,1,6
271,11,7,11,1,7
272,11,8,11,1,8
273,11,9,11,1,9
274,11,10,11,13,10
275,11,12,11,1,12
276,11,13,11,13
277,11,14,11,1,14
278,11,15,11,13,15
279,11,16,11,1,16
280,11,17,11,13,17
281,11,18,11,13,18
282,11,19,11,1,19
283,11,20,11,1,20
284,11,21,11,1,21
285,11,22,11,1,22
286,11,23,11,13,23
287,11,24,11,13,24
288,12,0,12,1,0
289,12,1,12,1
290,12,2,12,1,2
291,12,3,12,3
292,12,4,12,3,4
293,12,5,12,1,5
294,12,6,12,1,6
295,12,7,12,1,7
296,12,8,12,3,8
297,12,9,12,1,9
298,12,10,12,1,10
299,12,11,12,1,11
300,12,13,12,3,13
301,12,14,12,3,14
302,12,15,12,1,15
303,12,16,12,3,16
304,12,17,12,1,17
305,12,18,12,1,18
306,12,19,12,3,19
307,12,20,12,1,20
308,12,21,12,3,21
309,12,22,12,3,22
310,12,23,12,1,23
311,12,24,12,1,24
312,13,0,13,1,0
313,13,1,13,1
314,13,2,13,1,2
315,13,3,13,3
316,13,4,13,4
317,13,5,13,5
318,13,6,13,6
319,13,7,13,1,7
320,13,8,13,21,8
321,13,9,13,1,9
322,13,10,13,10
323,13,11,13,11
324,13,12,13,3,12
325,13,14,13,21,14
326,13,15,13,15
327,13,16,13,1,16
328,13,17,13,17
329,13,18,13,18
330,13,19,13,21,19
331,13,20,13,20
332,13,21,13,21
333,13,22,13,22
334,13,23,13,23
335,13,24,13,24
336,14,0,14,1,0
337,14,1,14,1
338,14,2,14,1,2
339,14,3,14,3
340,14,4,14,3,4
341,14,5,14,1,5
342,14,6,14,1,6
343,14,7,14,1,7
344,14,8,14,3,8
345,14,9,14,1,9
346,14,10,14,21,23,10
347,14,11,14,1,11
348,14,12,14,3,12
349,14,13,14,21,13
350,14,15,14,21,13,15
351,14,16,14,3,16
352,14,17,14,21,17
353,14,18,14,21,18
354,14,19,14,1,19
355,14,20,14,1,20
356,14,21,14,21
357,14,22,14,1,22
358,14,23,14,21,23
359,14,24,14,21,13,24
360,15,0,15,1,0
361,15,1,15,1
362,15,2,15,1,2
363,15,3,15,13,3
364,15,4,15,1,4
365,15,5,15,13,5
366,15,6,15,13,6
367,15,7,15,1,7
368,15,8,15,21,8
369,15,9,15,1,9
370,15,10,15,10
371,15,11,15,1,11
372,15,12,15,1,12
373,15,13,15,13
374,15,14,15,21,14
375,15,16,15,1,16
376,15,17,15,17
377,15,18,15,18
378,15,19,15,21,19
379,15,20,15,13,20
380,15,21,15,21
381,15,22,15,13,22
382,15,23,15,23
383,15,24,15,24
384,16,0,16,1,0
385,16,1,16,1
386,16,2,16,1,2
387,16,3,16,3
388,16,4,16,3,4
389,16,5,16,1,5
390,16,6,16,1,6
391,16,7,16,1,7
392,16,8,16,3,8
393,16,9,16,1,9
394,16,10,16,13,10
395,16,11,16,1,11
396,16,12,16,3,12
397,16,13,16,13
398,16,14,16,3,14
399,16,15,16,13,15
400,16,17,16,13,17
401,16,18,16,13,18
402,16,19,16,3,19
403,16,20,16,1,20
404,16,21,16,21
405,16,22,16,3,22
406,16,23,16,13,23
407,16,24,16,13,24
408,17,0,17,1,0
409,17,1,17,1
410,17,2,17,1,2
411,17,3,17,13,3
412,17,4,17,1,4
413,17,5,17,13,5
414,17,6,17,13,6
415,17,7,17,1,7
416,17,8,17,21,8
417,17,9,17,1,9
418,17,10,17,13,10
419,17,11,17,1,11
420,17,12,17,1,12
421,17,13,17,13
422,17,14,17,21,14
423,17,15,17,13,15
424,17,16,17,1,16
425,17,18,17,18
426,17,19,17,21,19
427,17,20,17,13,20
428,17,21,17,21
429,17,22,17,13,22
430,17,23,17,13,23
431,17,24,17,13,24
432,18,0,18,1,0
433,18,1,18,1
434,18,2,18,1,2
435,18,3,18,13,3
436,18,4,18,1,4
437,18,5,18,13,5
438,18,6,18,13,6
439,18,7,18,1,7
440,18,8,18,21,8
441,18,9,18,13,1,9
442,18,10,18,10
443,18,11,18,1,11
444,18,12,18,1,12
445,18,13,18,13
446,18,14,18,21,14
447,18,15,18,15
448,18,16,18,1,16
449,18,17,18,17
450,18,19,18,21,19
451,18,20,18,13,20
452,18,21,18,21
453,18,22,18,13,22
454,18,23,18,23
455,18,24,18,24
456,19,0,19,1,0
457,19,1,19,1
458,19,2,19,1,2
459,19,3,19,3
460,19,4,19,3,4
461,19,5,19,1,5
462,19,6,19,1,6
463,19,7,19,1,7
464,19,8,19,21,8
465,19,9,19,1,9
466,19,10,19,1,10
467,19,11,19,1,11
468,19,12,19,3,12
469,19,13,19,21,13
470,19,14,19,1,14
471,19,15,19,21,13,15
472,19,16,19,3,16
473,19,17,19,21,17
474,19,18,19,21,18
475,19,20,19,1,20
476,19,21,19,21
477,19,22,19,1,22
478,19,23,19,21,23
479,19,24,19,21,13,24
480,20,0,20,1,0
481,20,1,20,1
482,20,2,20,1,2
483,20,3,20,1,3
484,20,4,20,1,4
485,20,5,20,1,5
486,20,6,20,1,6
487,20,7,20,1,7
488,20,8,20,1,8
489,20,9,20,1,9
490,20,10,20,13,10
491,20,11,20,1,11
492,20,12,20,1,12
493,20,13,20,13
494,20,14,20,1,14
495,20,15,20,13,15
496,20,16,20,1,16
497,20,17,20,13,17
498,20,18,20,13,18
499,20,19,20,1,19
500,20,21,20,1,21
501,20,22,20,13,22
502,20,23,20,13,23
503,20,24,20,13,24
504,21,0,21,1,0
505,21,1,21,1
506,21,2,21,1,2
507,21,3,21,3
508,21,4,21,1,4
509,21,5,21,13,5
510,21,6,21,13,6
511,21,7,21,1,7
512,21,8,21,8
513,21,9,21,1,9
514,21,10,21,23,10
515,21,11,21,1,11
516,21,12,21,3,12
517,21,13,21,13
518,21,14,21,14
519,21,15,21,13,15
520,21,16,21,3,16
521,21,17,21,17
522,21,18,21,18
523,21,19,21,19
524,21,20,21,1,20
525,21,22,21,1,22
526,21,23,21,23
527,21,24,21,13,24
528,22,0,22,1,0
529,22,1,22,1
530,22,2,22,1,2
531,22,3,22,3
532,22,4,22,1,4
533,22,5,22,13,5
534,22,6,22,1,6
535,22,7,22,1,7
536,22,8,22,1,8
537,22,9,22,1,9
538,22,10,22,13,10
539,22,11,22,1,11
540,22,12,22,3,12
541,22,13,22,13
542,22,14,22,1,14
543,22,15,22,13,15
544,22,16,22,1,16
545,22,17,22,13,17
546,22,18,22,13,18
547,22,19,22,1,19
548,22,20,22,13,20
549,22,21,22,1,21
550,22,23,22,13,23
551,22,24,22,13,24
552,23,0,23,1,0
553,23,1,23,1
554,23,2,23,1,2
555,23,3,23,1,3
556,23,4,23,1,4
557,23,5,23,13,5
558,23,6,23,13,6
559,23,7,23,1,7
560,23,8,23,21,8
561,23,9,23,1,9
562,23,10,23,10
563,23,11,23,1,11
564,23,12,23,1,12
565,23,13,23,13
566,23,14,23,21,14
567,23,15,23,15
568,23,16,23,1,16
569,23,17,23,17
570,23,18,23,18
571,23,19,23,21,19
572,23,20,23,13,20
573,23,21,23,21
574,23,22,23,22
575,23,24,23,24
576,24,0,24,1,0
577,24,1,24,1
578,24,2,24,1,2
579,24,3,24,13,3
580,24,4,24,1,4
581,24,5,24,13,5
582,24,6,24,13,6
583,24,7,24,1,7
584,24,8,24,18,21,8
585,24,9,24,13,1,9
586,24,10,24,23,10
587,24,11,24,13,11
588,24,12,24,1,12
589,24,13,24,13
590,24,14,24,18,21,14
591,24,15,24,15
592,24,16,24,1,16
593,24,17,24,13,17
594,24,18,24,18
595,24,19,24,18,21,19
596,24,20,24,13,20
597,24,21,24,18,21
598,24,22,24,13,22
599,24,23,24,23
COMMODITIES,750
Index,Origin,Destination,Demand/Size,Earliest available time,Latest delivery time
0,14,21,0.791595,136,242
1,12,14,0.0353409,86,198
2,19,13,0.544138,138,250
3,4,13,0.349592,136,252
4,23,19,0.704814,90,207
5,6,16,0.381738,42,155
6,21,1,0.0634398,86,193
7,3,16,0.322751,136,237
8,14,22,0.686198,134,254
9,18,24,0.0382185,184,287
10,23,20,0.0338828,88,199
11,19,3,0.428165,138,245
12,22,15,0.124204,134,251
13,1,6,0.601785,138,243
14,2,15,0.264501,42,169
15,24,19,0.757888,40,162
16,14,12,0.17353,136,248
17,17,23,0.50593,38,149
18,24,13,0.582386,134,241
19,12,11,0.189108,136,250
20,21,3,0.179754,88,197
21,21,17,0.398328,42,146
22,21,18,0.224209,86,195
23,19,9,0.201473,88,209
24,8,1,0.778447,90,195
25,13,8,0.0159122,42,151
26,14,20,0.101905,90,212
27,17,15,0.266135,138,254
28,16,12,0.180239,88,194
29,3,19,0.356808,38,145
30,24,22,0.547664,42,156
31,10,15,0.771623,38,151
32,15,20,0.0913241,134,252
33,10,18,0.516948,134,240
34,20,3,0.396788,134,248
35,3,6,0.179314,86,199
36,19,13,0.553664,90,202
37,16,3,0.718635,42,143
38,11,18,0.263129,38,157
39,18,19,0.118667,88,203
40,1,14,0.140808,86,198
41,16,2,0.281154,86,197
42,1,18,0.606071,90,204
43,21,1,0.183499,90,197
44,1,2,0.15238,38,141
45,14,3,0.444866,90,197
46,18,10,0.592575,38,144
47,0,23,0.925172,138,257
48,2,8,0.466883,40,152
49,23,13,0.389457,138,243
50,5,13,0.446785,38,144
51,23,18,0.178201,184,284
52,3,13,0.582138,138,254
53,1,2,0.886199,86,189
54,2,15,0.350078,38,165
55,13,18,0.18699,182,285
56,22,18,0.785538,40,150
57,16,0,0.781654,136,245
58,1,10,0.298759,134,256
59,13,3,0.116165,40,158
60,0,18,0.894355,136,255
61,4,3,0.716927,40,144
62,4,23,0.0947955,90,210
63,18,17,0.888476,38,139
64,15,14,0.311622,42,168
65,23,8,0.830877,40,154
66,10,23,0.923666,38,140
67,19,1,0.986286,88,197
68,13,23,0.359307,134,239
69,3,21,0.564179,86,196
70,24,18,0.826932,88,191
71,13,19,0.73229,86,198
72,11,8,0.375281,134,247
73,13,1,0.500484,38,147
74,5,17,0.431696,42,154
75,1,11,0.883252,38,142
76,11,12,0.177524,138,252
77,24,14,0.160867,42,166
78,9,16,0.887722,136,252
79,5,1,0.359291,136,247
80,0,19,0.281047,90,204
81,4,1,0.69168,182,284
82,12,18,0.134287,134,258
83,24,12,0.0435873,134,264
84,10,1,0.159164,86,205
85,24,6,0.369983,134,253
86,15,16,0.424449,42,170
87,18,5,0.0153859,38,151
88,24,19,0.874947,134,256
89,14,21,0.782076,182,288
90,16,15,0.565338,38,165
91,18,8,0.661913,138,250
92,22,6,0.283808,40,153
93,19,3,0.153252,42,149
94,1,0,0.877103,184,285
95,24,13,0.340299,40,147
96,22,1,0.937615,40,144
97,14,1,0.0615789,90,202
98,14,9,0.520155,42,166
99,18,5,0.985224,88,201
100,15,5,0.442553,138,260
101,22,14,0.253589,42,162
102,10,19,0.427416,86,209
103,4,1,0.881907,42,144
104,23,17,0.805725,138,239
105,6,16,0.369145,38,151
106,1,6,0.848283,136,241
107,8,23,0.267233,138,250
108,11,23,0.00050745,90,211
109,8,3,0.998893,138,243
110,22,13,0.728151,86,189
111,1,0,0.389104,40,141
112,24,20,0.00172462,138,251
113,22,1,0.510443,86,190
114,18,19,0.591431,134,249
115,17,18,0.376123,40,141
116,1,24,0.882544,134,254
117,8,17,0.430125,138,247
118,11,16,0.357028,134,246
119,0,1,0.252004,138,239
120,23,24,0.306706,134,239
121,4,1,0.00336272,38,140
122,10,19,0.475037,42,165
123,0,18,0.789328,42,161
124,23,18,0.187928,136,236
125,13,23,0.351825,88,193
126,15,21,0.217637,40,156
127,16,8,0.720019,86,196
128,14,18,0.710439,88,207
129,18,15,0.160457,136,242
130,3,5,0.887271,38,157
131,8,3,0.584031,134,239
132,24,22,0.683898,40,154
133,6,16,0.363598,88,201
134,18,22,0.0894014,138,248
135,17,10,0.530382,138,252
136,19,21,0.666746,182,286
137,3,14,0.246733,134,241
138,16,15,0.537415,42,169
139,21,8,0.490902,86,187
140,23,4,0.407115,86,205
141,22,4,0.0377822,42,152
142,1,12,0.390513,88,194
143,17,24,0.612315,40,153
144,1,24,0.192022,136,256
145,21,13,0.794339,86,190
146,1,24,0.982129,86,206
147,1,9,0.99786,42,150
148,17,2,0.0393545,136,253
149,3,4,0.0861944,136,240
150,15,13,0.48171,134,246
151,15,24,0.52534,42,142
152,3,8,0.39661,40,145
153,14,9,0.530789,90,214
154,6,1,0.037536,38,143
155,15,1,0.564388,90,210
156,19,8,0.443802,88,197
157,10,15,0.652839,42,155
158,1,19,0.63769,86,195
159,18,17,0.93005,186,287
160,20,10,0.463057,134,248
161,15,1,0.997004,38,158
162,18,4,0.848262,40,159
163,20,14,0.371711,88,210
164,19,24,0.447101,40,163
165,4,11,0.25444,38,148
166,16,4,0.867686,136,245
167,11,13,0.0174301,90,202
168,5,13,0.416838,90,196
169,15,24,0.112028,88,188
170,13,3,0.522177,86,204
171,19,23,0.577822,136,251
172,24,1,0.885814,138,258
173,22,12,0.497983,86,199
174,20,10,0.461139,88,202
175,0,14,0.296044,90,207
176,0,15,0.46375,138,263
177,23,0,0.687821,134,252
178,24,23,0.51593,90,195
179,1,14,0.0303061,134,246
180,10,24,0.893123,40,151
181,0,24,0.575606,134,259
182,22,6,0.31096,42,155
183,13,2,0.303169,40,156
184,14,8,0.515297,42,158
185,10,8,0.297912,40,160
186,19,23,0.737951,86,201
187,1,5,0.746145,88,199
188,4,16,0.487187,38,147
189,3,20,0.950178,38,152
190,22,16,0.120086,38,150
191,3,12,0.786799,88,189
192,23,3,0.722277,134,255
193,3,2,0.984351,134,245
194,1,0,0.741498,134,235
195,13,22,0.922333,136,239
196,2,1,0.988234,90,193
197,22,17,0.309867,86,195
198,22,5,0.451325,38,151
199,0,10,0.437002,138,265
200,5,24,0.0704141,86,203
201,19,23,0.656374,38,153
202,1,15,0.319318,86,206
203,14,6,0.148533,38,159
204,14,11,0.702651,42,162
205,22,21,0.515924,40,155
206,24,1,0.172676,88,208
207,18,1,0.19594,86,199
208,16,21,0.598312,138,243
209,1,16,0.816503,136,240
210,1,12,0.62507,40,146
211,3,1,0.582412,184,288
212,3,19,0.207803,136,243
213,22,1,0.221686,42,146
214,21,8,0.497571,40,141
215,16,21,0.648172,40,145
216,15,23,0.731296,86,193
217,17,23,0.225237,134,245
218,18,19,0.709192,38,153
219,13,22,0.267456,134,237
220,23,15,0.503114,138,245
221,0,23,0.915144,88,207
222,15,18,0.866693,90,196
223,16,21,0.618534,88,193
224,24,1,0.614899,134,254
225,18,24,0.98614,88,191
226,13,5,0.32041,38,144
227,12,13,0.200467,40,161
228,15,16,0.382747,90,218
229,16,15,0.586487,138,265
230,3,9,0.737551,42,158
231,5,3,0.58838,40,159
232,9,1,0.664383,42,150
233,13,10,0.481738,88,196
234,18,23,0.461982,134,234
235,13,2,0.288029,42,158
236,24,18,0.831253,38,141
237,11,1,0.756185,86,190
238,15,13,0.10573,86,198
239,3,6,0.0463719,42,155
240,19,3,0.985996,90,197
241,19,1,0.479348,86,195
242,19,20,0.360625,136,255
243,3,20,0.0144204,138,252
244,13,17,0.892034,38,140
245,4,3,0.0683735,182,286
246,9,16,0.950133,38,154
247,23,2,0.0863008,90,210
248,20,14,0.351654,134,256
249,8,9,0.277601,40,157
250,1,20,0.462571,90,196
251,15,18,0.855611,40,146
252,15,16,0.375864,88,216
253,22,1,0.770532,38,142
254,14,8,0.472469,40,156
255,23,17,0.31586,86,187
256,16,0,0.801469,134,243
257,10,18,0.352818,40,146
258,20,22,0.225925,138,247
259,13,17,0.0870042,138,240
260,11,24,0.0249087,40,163
261,14,5,0.371696,38,165
262,20,14,0.329169,38,160
263,20,19,0.447795,42,161
264,21,24,0.306884,40,155
265,15,3,0.420032,86,220
266,14,13,0.892795,40,154
267,3,1,0.490285,40,144
268,14,1,0.827058,86,198
269,0,1,0.318156,186,287
270,20,19,0.415006,86,205
271,6,1,0.926107,86,191
272,18,13,0.956337,40,143
273,21,19,0.416559,88,192
274,14,22,0.712987,86,206
275,10,4,0.0159362,134,259
276,23,5,0.964788,42,157
277,1,18,0.850539,40,154
278,24,18,0.908383,42,145
279,3,12,0.794309,184,285
280,8,15,0.0408756,42,165
281,1,4,0.794358,136,238
282,23,9,0.517483,134,259
283,3,12,0.960267,182,283
284,0,11,0.0656274,90,199
285,23,4,0.405096,40,159
286,15,24,0.367713,40,140
287,15,14,0.555789,86,212
288,17,23,0.229983,138,249
289,2,4,0.0325813,90,199
290,14,8,0.39718,134,250
291,3,8,0.446606,136,241
292,12,21,0.382728,138,253
293,15,12,0.867415,90,220
294,16,3,0.0799835,88,189
295,11,19,0.308434,134,251
296,24,19,0.740638,38,160
297,20,1,0.603411,86,192
298,18,24,0.0999925,86,189
299,12,1,0.299824,182,288
300,13,19,0.89118,90,202
301,18,10,0.709667,88,194
302,10,20,0.0906131,90,207
303,16,22,0.354273,38,152
304,13,23,0.521098,42,147
305,3,17,0.145533,136,258
306,13,24,0.363078,138,245
307,14,1,0.218432,134,246
308,4,1,0.115283,86,188
309,1,16,0.119955,138,242
310,22,6,0.300889,134,247
311,11,15,0.00695696,40,166
312,22,4,0.0353179,38,148
313,17,13,0.362062,90,192
314,24,14,0.177022,136,260
315,16,22,0.411353,42,156
316,0,24,0.498931,38,163
317,14,1,0.270461,138,250
318,14,5,0.327225,136,263
319,23,11,0.0984249,38,159
320,1,8,0.197642,90,195
321,1,2,0.838082,134,237
322,18,1,0.572174,42,155
323,22,12,0.501451,136,249
324,11,0,0.840047,38,147
325,1,12,0.0733717,90,196
326,23,22,0.0701739,136,243
327,10,15,0.828183,40,153
328,22,11,0.454284,42,154
329,12,1,0.356204,38,144
330,3,15,0.32565,136,266
331,23,4,0.40685,90,209
332,3,14,0.0998933,40,147
333,15,6,0.194591,136,260
334,10,3,0.0547385,40,167
335,16,6,0.10689,40,153
336,4,1,0.969709,90,192
337,21,11,0.0577691,136,251
338,13,3,0.664051,90,208
339,15,20,0.118843,40,158
340,18,13,0.947448,88,191
341,3,2,0.861685,90,201
342,17,10,0.508575,90,204
343,23,13,0.804699,182,287
344,23,16,0.212993,40,161
345,10,1,0.204793,38,157
346,18,22,0.969454,40,150
347,1,20,0.606864,134,240
348,9,3,0.603193,38,154
349,8,3,0.911843,38,143
350,3,22,0.894168,38,147
351,14,3,0.807307,134,241
352,11,22,0.854652,40,152
353,1,13,0.83988,42,152
354,0,1,0.487869,42,143
355,11,22,0.836764,88,200
356,24,10,0.158165,136,247
357,18,8,0.586693,42,154
358,16,9,0.230481,90,206
359,22,3,0.219337,90,198
360,19,17,0.269793,38,150
361,4,3,0.857144,90,194
362,14,0,0.755407,134,251
363,5,3,0.633502,138,257
364,24,15,0.045657,186,286
365,1,0,0.421042,42,143
366,2,15,0.325414,88,215
367,4,11,0.25109,134,244
368,11,1,0.158046,184,288
369,5,22,0.31221,86,205
370,14,23,0.425454,90,207
371,1,23,0.98748,86,200
372,1,13,0.132423,88,198
373,18,21,0.648486,40,147
374,19,11,0.648692,88,205
375,11,0,0.859181,42,151
376,16,3,0.139463,134,235
377,5,20,0.345586,136,248
378,22,14,0.23541,138,258
379,23,18,0.589212,38,138
380,19,24,0.423339,86,209
381,16,22,0.383287,88,202
382,23,9,0.543512,40,165
383,10,1,0.398976,90,209
384,3,12,0.929744,136,237
385,1,22,0.325993,184,288
386,14,8,0.358583,90,206
387,11,1,0.935597,42,146
388,16,13,0.980596,134,247
389,15,24,0.159914,138,238
390,12,6,0.159415,40,155
391,18,0,0.226302,40,158
392,8,23,0.273943,90,202
393,18,4,0.72371,38,157
394,0,6,0.109586,40,150
395,14,10,0.169335,86,209
396,6,3,0.231581,40,153
397,1,22,0.41903,136,240
398,8,3,0.64792,86,191
399,24,10,0.00266614,40,151
400,2,3,0.327226,138,249
401,1,4,0.497152,88,190
402,14,0,0.596542,42,159
403,3,15,0.314268,90,220
404,18,1,0.507246,88,201
405,12,2,0.158587,40,153
406,12,2,0.12438,42,155
407,19,23,0.854645,138,253
408,1,4,0.786049,42,144
409,13,24,0.509905,40,147
410,3,24,0.961713,86,213
411,0,16,0.680196,134,243
412,1,15,0.404284,40,160
413,1,9,0.2527,86,194
414,1,20,0.280719,40,146
415,2,1,0.339013,136,239
416,3,16,0.148075,182,283
417,4,16,0.491858,136,245
418,17,9,0.33848,136,258
419,14,16,0.111672,88,200
420,9,16,0.991108,86,202
421,1,6,0.280992,42,147
422,23,9,0.651355,90,215
423,16,5,0.154744,40,159
424,14,21,0.766986,88,194
425,14,0,0.720405,138,255
426,24,11,0.704539,88,212
427,23,10,0.0684149,182,284
428,16,1,0.468145,184,288
429,22,8,0.309239,134,247
430,19,23,0.616366,42,157
431,19,21,0.684398,86,190
432,20,23,0.107188,88,199
433,5,1,0.755369,86,197
434,16,5,0.157437,138,257
435,0,21,0.398283,40,152
436,12,21,0.347698,88,203
437,3,24,0.91324,38,165
438,8,1,0.1169,88,193
439,18,3,0.109073,86,211
440,22,1,0.884873,90,194
441,23,22,0.194979,86,193
442,16,20,0.214282,88,202
443,18,16,0.500973,38,159
444,13,0,0.608598,90,204
445,1,22,0.557461,42,146
446,15,0,0.435389,42,167
447,23,18,0.413342,186,286
448,18,17,0.303954,40,141
449,23,10,0.398484,42,144
450,5,1,0.937338,42,153
451,4,24,0.302212,136,262
452,23,16,0.205314,90,211
453,2,18,0.0334706,90,211
454,13,18,0.0625018,38,141
455,13,17,0.223374,136,238
456,20,1,0.0267827,90,196
457,20,19,0.410283,38,157
458,3,24,0.871103,42,169
459,20,16,0.0129092,90,204
460,15,8,0.112926,90,211
461,1,8,0.944516,88,193
462,13,10,0.584481,90,198
463,19,5,0.45748,90,214
464,22,8,0.346257,88,201
465,10,15,0.620749,138,251
466,12,22,0.213896,134,248
467,3,16,0.764595,38,139
468,1,14,0.391801,42,154
469,0,15,0.490178,136,261
470,17,18,0.442366,42,143
471,2,19,0.324249,38,154
472,15,10,0.256534,42,145
473,19,23,0.908583,88,203
474,19,21,0.643135,138,242
475,15,14,0.352477,138,264
476,0,5,0.178977,40,156
477,3,20,0.0412029,86,200
478,16,22,0.414251,40,154
479,5,17,0.436948,86,198
480,14,5,0.359525,40,167
481,11,10,0.303335,42,166
482,21,8,0.526297,136,237
483,3,14,0.499521,138,245
484,3,5,0.783479,86,205
485,23,5,0.861638,38,153
486,8,23,0.254683,40,152
487,11,15,0.197121,136,262
488,1,0,0.0869118,38,139
489,10,9,0.403793,42,173
490,1,16,0.100808,42,146
491,18,3,0.142636,38,163
492,17,21,0.320673,86,190
493,19,20,0.33355,90,209
494,20,8,0.259833,136,251
495,0,3,0.339756,88,197
496,12,21,0.376801,90,205
497,1,13,0.41273,90,200
498,3,22,0.868358,90,199
499,18,23,0.179558,186,286
500,4,24,0.321306,38,164
501,18,3,0.0779181,40,165
502,16,18,0.177797,90,210
503,24,6,0.410192,40,159
504,8,3,0.758501,40,145
505,15,1,0.589651,136,256
506,10,24,0.861586,90,201
507,8,19,0.0871481,136,245
508,17,10,0.527972,136,250
509,2,3,0.366012,40,151
510,12,3,0.877228,42,143
511,13,3,0.0410905,42,160
512,2,8,0.453455,42,154
513,15,8,0.0829394,38,159
514,11,1,0.353458,40,144
515,12,1,0.169694,138,244
516,24,0,0.0456979,136,261
517,18,5,0.0614272,42,155
518,22,18,0.807229,38,148
519,5,17,0.43199,138,250
520,1,3,0.538254,42,146
521,18,6,0.783077,42,157
522,3,21,0.8563,138,248
523,12,16,0.643893,38,144
524,19,23,0.64445,134,249
525,17,11,0.10687,38,156
526,23,18,0.89626,90,190
527,12,9,0.244125,90,208
528,3,5,0.837649,136,255
529,17,20,0.299512,86,194
530,21,0,0.0970077,138,250
531,14,9,0.558302,138,262
532,11,21,0.333502,42,157
533,15,19,0.74151,86,210
534,16,4,0.814204,42,151
535,4,13,0.325274,90,206
536,23,11,0.159622,138,259
537,21,3,0.261852,134,243
538,21,18,0.192897,138,247
539,3,24,0.879106,88,215
540,18,10,0.279299,42,148
541,14,12,0.164944,86,198
542,10,8,0.268074,90,210
543,12,6,0.143829,88,203
544,10,13,0.729502,88,199
545,0,24,0.505696,136,261
546,0,15,0.492216,38,163
547,18,1,0.289161,138,251
548,24,19,0.88045,138,260
549,21,13,0.783711,138,242
550,12,23,0.0683584,90,214
551,17,15,0.321752,90,206
552,3,16,0.642202,186,287
553,13,17,0.618721,182,284
554,3,1,0.279233,138,242
555,4,14,0.487632,42,157
556,3,5,0.918234,42,161
557,19,20,0.312041,38,157
558,3,16,0.901878,184,285
559,24,15,0.989254,136,236
560,14,18,0.682489,90,209
561,15,5,0.474034,38,160
562,16,3,0.0216989,90,191
563,14,0,0.911254,136,253
564,12,16,0.740903,88,194
565,1,23,0.970471,38,152
566,12,23,0.0656218,134,258
567,18,12,0.390513,88,211
568,3,18,0.53415,136,259
569,3,8,0.921808,138,243
570,13,17,0.00639006,86,188
571,0,1,0.998622,90,191
572,15,14,0.537646,136,262
573,21,8,0.505406,134,235
574,20,15,0.419546,42,158
575,23,1,0.392408,38,151
576,1,19,0.998158,136,245
577,16,22,0.204839,134,248
578,3,24,0.887698,40,167
579,11,16,0.360216,38,150
580,17,18,0.240507,186,287
581,23,20,0.0956508,90,201
582,16,8,0.12566,134,244
583,18,8,0.344538,40,152
584,14,9,0.540364,136,260
585,17,24,0.667725,136,249
586,14,0,0.8518,38,155
587,1,3,0.49367,182,286
588,23,10,0.129193,90,192
589,1,21,0.0789645,90,197
590,0,20,0.698819,40,151
591,22,2,0.5967,138,249
592,13,18,0.728483,134,237
593,17,13,0.964889,40,142
594,21,17,0.383334,136,240
595,1,3,0.661561,184,288
596,1,23,0.316022,138,252
597,1,12,0.0696489,42,148
598,18,22,0.987885,38,148
599,20,1,0.451543,88,194
600,21,13,0.771953,182,286
601,13,5,0.34398,90,196
602,18,11,0.0960072,136,257
603,18,1,0.189873,90,203
604,15,14,0.300899,40,166
605,1,8,0.0781045,134,239
606,5,17,0.44178,40,152
607,18,19,0.762926,86,201
608,23,18,0.488126,138,238
609,23,14,0.409139,90,209
610,3,4,0.395741,86,190
611,12,9,0.245475,86,204
612,18,17,0.120122,136,237
613,0,1,0.628537,88,189
614,1,22,0.796476,40,144
615,3,0,0.356013,86,195
616,17,9,0.296591,134,256
617,24,11,0.672716,40,164
618,23,0,0.680134,40,158
619,16,3,0.748063,86,187
620,3,16,0.954375,42,143
621,11,0,0.941173,134,243
622,16,22,0.390343,90,204
623,18,14,0.183609,40,157
624,16,1,0.509772,182,286
625,18,10,0.936931,138,244
626,18,0,0.227188,136,254
627,12,13,0.18768,138,259
628,20,10,0.487417,86,200
629,4,18,0.347807,38,158
630,16,5,0.157929,42,161
631,1,22,0.743509,90,194
632,4,14,0.455157,88,203
633,1,24,0.666839,90,210
634,1,19,0.698128,40,149
635,24,23,0.756284,182,287
636,15,10,0.322398,184,287
637,1,19,0.614886,138,247
638,1,10,0.714251,86,208
639,2,20,0.0504083,138,251
640,11,18,0.0513668,138,257
641,12,3,0.36039,40,141
642,1,23,0.276629,88,202
643,20,17,0.459046,138,246
644,3,1,0.395858,134,238
645,5,15,0.419548,88,208
646,19,22,0.542996,88,205
647,17,13,0.857713,182,284
648,14,12,0.16547,138,250
649,0,6,0.113823,86,196
650,1,0,0.138202,186,287
651,15,10,0.0283182,86,189
652,20,13,0.85921,42,144
653,14,13,0.897713,42,156
654,1,5,0.212842,86,197
655,3,13,0.23616,38,154
656,21,24,0.297598,88,203
657,3,12,0.175473,86,187
658,10,1,0.712232,42,161
659,15,23,0.995484,134,241
660,23,2,0.0923906,42,162
661,3,23,0.334523,40,161
662,16,8,0.818947,138,248
663,13,6,0.981703,90,198
664,15,18,0.899836,42,148
665,12,10,0.861147,40,172
666,11,14,0.402629,40,160
667,23,10,0.383402,184,286
668,5,8,0.0475542,134,254
669,23,19,0.0588858,38,155
670,16,3,0.133222,40,141
671,14,23,0.435949,134,251
672,15,3,0.424839,38,172
673,1,13,0.0396347,134,244
674,23,13,0.763753,136,241
675,11,22,0.860826,42,154
676,0,12,0.2483,42,153
677,21,13,0.77968,42,146
678,15,10,0.583054,182,285
679,2,1,0.916476,42,145
680,23,10,0.328274,40,142
681,13,15,0.511888,136,246
682,13,0,0.569613,40,154
683,23,24,0.98086,182,287
684,3,18,0.48961,134,257
685,16,11,0.716571,38,150
686,13,14,0.150908,138,252
687,1,24,0.462418,88,208
688,1,22,0.767906,38,142
689,4,19,0.00834371,42,157
690,18,15,0.844727,182,288
691,24,20,0.11278,136,249
692,23,13,0.742176,90,195
693,4,1,0.103156,134,236
694,24,23,0.178966,38,143
695,13,23,0.741617,86,191
696,23,21,0.789403,88,197
697,5,3,0.573276,90,209
698,0,10,0.457466,90,217
699,1,3,0.915546,138,242
700,8,9,0.289585,86,203
701,1,12,0.130262,38,144
702,14,16,0.0653047,86,198
703,23,21,0.680746,138,247
704,11,4,0.166267,136,246
705,10,17,0.186843,90,197
706,3,24,0.973077,136,263
707,1,20,0.778004,42,148
708,5,20,0.326068,40,152
709,11,18,0.0749669,90,209
710,5,22,0.306949,138,257
711,2,19,0.328942,88,204
712,18,10,0.706116,136,242
713,5,22,0.311265,42,161
714,23,1,0.530547,40,153
715,18,17,0.853856,138,239
716,3,0,0.334272,136,245
717,0,17,0.231821,86,203
718,15,1,0.663226,88,208
719,22,3,0.249248,88,196
720,13,2,0.289239,88,204
721,13,0,0.634571,38,152
722,18,20,0.785205,42,151
723,1,12,0.790271,138,244
724,2,4,0.993734,134,243
725,1,9,0.53837,138,246
726,20,3,0.370741,42,156
727,16,3,0.543413,186,287
728,4,15,0.246836,38,164
729,19,8,0.437202,90,199
730,18,23,0.424123,138,238
731,12,2,0.0711544,38,151
732,1,23,0.508457,136,250
733,18,1,0.331539,136,249
734,18,13,0.99384,184,287
735,23,1,0.323665,134,247
736,8,19,0.085386,88,197
737,20,1,0.612097,42,148
738,4,3,0.0956533,136,240
739,1,6,0.103865,134,239
740,2,14,0.676063,86,205
741,1,17,0.845202,138,250
742,1,2,0.528285,42,145
743,24,16,0.0223209,134,262
744,20,13,0.295163,86,188
745,17,16,0.0764674,42,160
746,16,19,0.622453,90,202
747,24,17,0.76278,88,201
748,13,21,0.520414,182,286
749,3,14,0.0462351,42,149
