NODES,25
INDEX,Name,X-coordinate,Y-coordinate
0,0,-,-
1,1,-,-
2,2,-,-
3,3,-,-
4,4,-,-
5,5,-,-
6,6,-,-
7,7,-,-
8,8,-,-
9,9,-,-
10,10,-,-
11,11,-,-
12,12,-,-
13,13,-,-
14,14,-,-
15,15,-,-
16,16,-,-
17,17,-,-
18,18,-,-
19,19,-,-
20,20,-,-
21,21,-,-
22,22,-,-
23,23,-,-
24,24,-,-
ARCS,529
Index,Origin,Destination,Variable Cost,Fixed Cost,Capacity,Travel time
0,0,1,0,117.8,1,5
1,1,0,0,117.8,1,5
2,1,2,0,234.05,1,7
3,1,3,0,260.4,1,8
4,1,4,0,175.15,1,6
5,1,5,0,486.7,1,15
6,1,6,0,323.95,1,9
7,1,8,0,323.95,1,9
8,1,9,0,447.95,1,12
9,1,10,0,883.5,1,26
10,1,11,0,255.75,1,8
11,1,12,0,387.5,1,10
12,1,13,0,489.8,1,14
13,1,14,0,525.45,1,16
14,1,15,0,1002.85,1,24
15,1,16,0,252.65,1,8
16,1,17,0,545.6,1,16
17,1,18,0,680.45,1,18
18,1,19,0,503.75,1,13
19,1,20,0,358.05,1,10
20,1,21,0,409.2,1,11
21,1,22,0,266.6,1,8
22,1,23,0,699.05,1,18
23,1,24,0,903.65,1,24
24,2,1,0,234.05,1,7
25,3,1,0,260.4,1,8
26,3,4,0,230.95,1,8
27,3,8,0,311.55,1,9
28,3,12,0,144.15,1,5
29,3,13,0,661.85,1,20
30,3,14,0,418.5,1,11
31,3,16,0,151.9,1,5
32,3,19,0,396.8,1,11
33,3,21,0,469.65,1,14
34,3,22,0,429.35,1,13
35,4,1,0,175.15,1,6
36,4,3,0,230.95,1,8
37,5,1,0,486.7,1,15
38,5,13,0,367.35,1,10
39,6,1,0,323.95,1,9
40,6,13,0,430.9,1,11
41,7,1,0,103.85,1,4
42,8,1,0,323.95,1,9
43,8,3,0,311.55,1,9
44,8,13,0,415.4,1,11
45,8,16,0,161.2,1,6
46,8,21,0,158.1,1,5
47,9,1,0,447.95,1,12
48,10,1,0,891.25,1,23
49,10,23,0,192.2,1,6
50,11,1,0,255.75,1,8
51,11,13,0,592.1,1,16
52,12,1,0,387.5,1,10
53,12,3,0,144.15,1,5
54,13,1,0,489.8,1,13
55,13,3,0,669.6,1,22
56,13,5,0,367.35,1,10
57,13,6,0,430.9,1,12
58,13,10,0,483.6,1,12
59,13,11,0,596.75,1,17
60,13,15,0,553.35,1,14
61,13,17,0,176.7,1,6
62,13,18,0,248,1,7
63,13,19,0,573.5,1,16
64,13,20,0,198.4,1,6
65,13,21,0,275.9,1,8
66,13,22,0,232.5,1,7
67,13,23,0,323.95,1,9
68,13,24,0,449.5,1,11
69,14,1,0,525.45,1,16
70,14,3,0,418.5,1,11
71,14,19,0,111.6,1,4
72,14,21,0,384.4,1,10
73,15,1,0,1002.85,1,24
74,15,13,0,553.35,1,16
75,15,18,0,350.3,1,10
76,15,21,0,747.1,1,20
77,15,23,0,412.3,1,11
78,16,1,0,252.65,1,8
79,16,3,0,151.9,1,5
80,16,8,0,161.2,1,6
81,16,13,0,581.25,1,17
82,16,21,0,305.35,1,9
83,17,1,0,544.05,1,14
84,17,13,0,176.7,1,6
85,17,18,0,127.1,1,5
86,17,21,0,292.95,1,8
87,18,1,0,666.5,1,17
88,18,10,0,308.45,1,10
89,18,13,0,248,1,7
90,18,15,0,350.3,1,10
91,18,17,0,127.1,1,5
92,18,19,0,719.2,1,19
93,18,21,0,421.6,1,11
94,18,22,0,421.6,1,13
95,18,23,0,116.25,1,4
96,18,24,0,237.15,1,7
97,19,1,0,503.75,1,13
98,19,3,0,396.8,1,11
99,19,8,0,240.25,1,7
100,19,14,0,111.6,1,4
101,19,21,0,297.6,1,8
102,20,1,0,358.05,1,10
103,20,13,0,198.4,1,6
104,20,23,0,522.35,1,15
105,21,1,0,409.2,1,11
106,21,3,0,458.8,1,13
107,21,8,0,158.1,1,5
108,21,13,0,275.9,1,8
109,21,14,0,384.4,1,10
110,21,15,0,829.25,1,22
111,21,17,0,292.95,1,8
112,21,18,0,420.05,1,13
113,21,19,0,297.6,1,8
114,21,23,0,440.2,1,11
115,22,1,0,266.6,1,8
116,22,3,0,429.35,1,12
117,22,13,0,232.5,1,7
118,23,1,0,699.05,1,17
119,23,10,0,192.2,1,6
120,23,13,0,323.95,1,9
121,23,15,0,412.3,1,11
122,23,17,0,153.45,1,5
123,23,18,0,116.25,1,4
124,23,21,0,446.4,1,13
125,23,24,0,305.35,1,9
126,24,1,0,903.65,1,24
127,24,13,0,449.5,1,11
128,24,18,0,237.15,1,7
129,24,23,0,305.35,1,9
130,0,2,0,161.2,1,6
131,0,3,0,353.4,1,10
132,0,4,0,285.2,1,9
133,0,5,0,474.3,1,13
134,0,6,0,246.45,1,8
135,0,8,0,427.8,1,12
136,0,9,0,379.75,1,11
137,0,10,0,931.55,1,25
138,0,11,0,158.1,1,5
139,0,12,0,401.45,1,11
140,0,14,0,632.4,1,17
141,0,15,0,1063.3,1,28
142,0,16,0,367.35,1,11
143,0,17,0,596.75,1,16
144,0,18,0,717.65,1,19
145,0,19,0,615.35,1,17
146,0,20,0,361.15,1,10
147,0,21,0,444.85,1,13
148,0,22,0,297.6,1,9
149,0,23,0,739.35,1,20
150,0,24,0,957.9,1,25
151,1,7,0,103.85,1,4
152,2,0,0,161.2,1,6
153,2,3,0,480.5,1,13
154,2,4,0,409.2,1,12
155,2,5,0,257.3,1,8
156,2,6,0,110.05,1,4
157,2,8,0,412.3,1,12
158,2,9,0,229.4,1,7
159,2,10,0,872.65,1,23
160,2,11,0,182.9,1,6
161,2,12,0,582.8,1,16
162,2,13,0,390.6,1,11
163,2,14,0,790.5,1,21
164,2,15,0,940.85,1,25
165,2,16,0,475.85,1,13
166,2,17,0,568.85,1,16
167,2,18,0,638.6,1,17
168,2,19,0,643.25,1,17
169,2,20,0,207.7,1,7
170,2,21,0,424.7,1,12
171,2,22,0,308.45,1,9
172,2,23,0,716.1,1,19
173,2,24,0,847.85,1,23
174,3,0,0,353.4,1,10
175,3,2,0,480.5,1,13
176,3,6,0,554.9,1,15
177,3,9,0,685.1,1,18
178,3,10,0,995.1,1,26
179,3,11,0,477.4,1,13
180,3,15,0,1224.5,1,32
181,3,17,0,764.15,1,20
182,3,18,0,833.9,1,22
183,3,20,0,620,1,17
184,3,23,0,888.15,1,23
185,3,24,0,1108.25,1,29
186,4,0,0,285.2,1,9
187,4,2,0,409.2,1,12
188,4,6,0,494.45,1,14
189,4,7,0,75.95,1,3
190,4,8,0,142.6,1,5
191,4,9,0,624.65,1,17
192,4,10,0,838.55,1,22
193,4,11,0,406.1,1,12
194,4,12,0,331.7,1,9
195,4,13,0,427.8,1,12
196,4,14,0,410.75,1,12
197,4,15,0,970.3,1,26
198,4,16,0,147.25,1,5
199,4,17,0,503.75,1,14
200,4,18,0,624.65,1,17
201,4,19,0,390.6,1,11
202,4,20,0,413.85,1,12
203,4,21,0,263.5,1,8
204,4,22,0,204.6,1,7
205,4,23,0,646.35,1,18
206,4,24,0,861.8,1,23
207,5,0,0,474.3,1,13
208,5,2,0,257.3,1,8
209,5,6,0,161.2,1,5
210,5,9,0,198.4,1,6
211,5,11,0,320.85,1,9
212,5,18,0,660.3,1,16
213,5,20,0,178.25,1,6
214,5,23,0,720.75,1,19
215,6,0,0,246.45,1,8
216,6,2,0,110.05,1,4
217,6,3,0,554.9,1,15
218,6,4,0,494.45,1,14
219,6,5,0,161.2,1,5
220,6,8,0,637.05,1,17
221,6,9,0,141.05,1,5
222,6,10,0,939.3,1,25
223,6,11,0,165.85,1,5
224,6,12,0,623.1,1,17
225,6,14,0,840.1,1,22
226,6,15,0,982.7,1,26
227,6,16,0,576.6,1,16
228,6,17,0,615.35,1,17
229,6,18,0,685.1,1,18
230,6,19,0,824.6,1,22
231,6,20,0,243.35,1,7
232,6,21,0,593.65,1,16
233,6,22,0,446.4,1,13
234,6,23,0,761.05,1,20
235,6,24,0,877.3,1,23
236,7,3,0,246.45,1,8
237,7,4,0,75.95,1,3
238,8,0,0,427.8,1,12
239,8,2,0,412.3,1,12
240,8,4,0,142.6,1,5
241,8,6,0,637.05,1,17
242,8,9,0,767.25,1,21
243,8,10,0,714.55,1,19
244,8,11,0,545.6,1,15
245,8,12,0,460.35,1,13
246,8,14,0,328.6,1,10
247,8,15,0,883.5,1,23
248,8,17,0,427.8,1,12
249,8,18,0,542.5,1,15
250,8,19,0,240.25,1,7
251,8,20,0,444.85,1,13
252,8,22,0,203.05,1,7
253,8,23,0,536.3,1,15
254,8,24,0,801.35,1,21
255,9,0,0,379.75,1,11
256,9,2,0,229.4,1,7
257,9,3,0,685.1,1,18
258,9,4,0,624.65,1,17
259,9,5,0,198.4,1,6
260,9,6,0,141.05,1,5
261,9,8,0,767.25,1,21
262,9,10,0,1069.5,1,28
263,9,11,0,297.6,1,8
264,9,12,0,753.3,1,20
265,9,13,0,469.65,1,12
266,9,14,0,652.55,1,18
267,9,15,0,1112.9,1,29
268,9,16,0,706.8,1,19
269,9,17,0,646.35,1,18
270,9,18,0,711.45,1,18
271,9,19,0,954.8,1,25
272,9,20,0,279,1,8
273,9,21,0,723.85,1,19
274,9,22,0,576.6,1,16
275,9,23,0,891.25,1,24
276,9,24,0,1019.9,1,27
277,10,0,0,931.55,1,25
278,10,2,0,872.65,1,23
279,10,3,0,995.1,1,26
280,10,4,0,838.55,1,22
281,10,6,0,939.3,1,25
282,10,8,0,714.55,1,19
283,10,9,0,1069.5,1,28
284,10,11,0,1133.05,1,30
285,10,12,0,1086.55,1,28
286,10,13,0,483.6,1,12
287,10,14,0,970.3,1,26
288,10,15,0,224.75,1,7
289,10,16,0,872.65,1,23
290,10,17,0,334.8,1,9
291,10,18,0,306.9,1,9
292,10,19,0,909.85,1,24
293,10,20,0,714.55,1,19
294,10,21,0,623.1,1,16
295,10,22,0,623.1,1,17
296,10,24,0,286.75,1,8
297,11,0,0,158.1,1,5
298,11,2,0,182.9,1,6
299,11,3,0,477.4,1,13
300,11,4,0,406.1,1,12
301,11,5,0,320.85,1,9
302,11,6,0,165.85,1,5
303,11,8,0,545.6,1,15
304,11,9,0,297.6,1,9
305,11,10,0,1133.05,1,30
306,11,12,0,523.9,1,14
307,11,14,0,770.35,1,21
308,11,15,0,1112.9,1,29
309,11,16,0,488.25,1,14
310,11,17,0,798.25,1,21
311,11,18,0,832.35,1,21
312,11,19,0,748.65,1,20
313,11,20,0,406.1,1,11
314,11,21,0,649.45,1,18
315,11,22,0,499.1,1,14
316,11,23,0,852.5,1,23
317,11,24,0,1021.45,1,27
318,12,0,0,401.45,1,11
319,12,2,0,582.8,1,16
320,12,4,0,331.7,1,10
321,12,6,0,623.1,1,17
322,12,8,0,460.35,1,13
323,12,9,0,753.3,1,20
324,12,10,0,1086.55,1,28
325,12,11,0,523.9,1,14
326,12,13,0,776.55,1,20
327,12,14,0,550.25,1,15
328,12,15,0,1233.8,1,32
329,12,16,0,296.05,1,9
330,12,17,0,776.55,1,21
331,12,18,0,1038.5,1,27
332,12,19,0,523.9,1,14
333,12,20,0,637.05,1,17
334,12,21,0,554.9,1,15
335,12,22,0,556.45,1,15
336,12,23,0,919.15,1,24
337,12,24,0,1137.7,1,30
338,13,2,0,390.6,1,11
339,13,4,0,427.8,1,12
340,13,8,0,415.4,1,11
341,13,9,0,469.65,1,12
342,13,14,0,655.65,1,17
343,13,16,0,530.1,1,14
344,14,0,0,632.4,1,17
345,14,2,0,790.5,1,21
346,14,4,0,410.75,1,12
347,14,6,0,840.1,1,22
348,14,8,0,328.6,1,10
349,14,9,0,652.55,1,18
350,14,10,0,970.3,1,26
351,14,11,0,770.35,1,21
352,14,12,0,550.25,1,15
353,14,13,0,655.65,1,17
354,14,15,0,1106.7,1,28
355,14,16,0,272.8,1,8
356,14,17,0,671.15,1,18
357,14,18,0,798.25,1,20
358,14,20,0,852.5,1,23
359,14,22,0,527,1,15
360,14,23,0,818.4,1,20
361,14,24,0,995.1,1,26
362,15,0,0,1063.3,1,28
363,15,2,0,940.85,1,25
364,15,3,0,1224.5,1,32
365,15,4,0,970.3,1,26
366,15,6,0,982.7,1,26
367,15,8,0,883.5,1,23
368,15,9,0,1112.9,1,29
369,15,10,0,224.75,1,7
370,15,11,0,1112.9,1,29
371,15,12,0,1233.8,1,32
372,15,14,0,1106.7,1,28
373,15,16,0,1027.65,1,27
374,15,17,0,454.15,1,12
375,15,19,0,1023,1,27
376,15,20,0,757.95,1,19
377,15,22,0,733.15,1,19
378,15,24,0,110.05,1,4
379,16,0,0,367.35,1,11
380,16,2,0,475.85,1,13
381,16,4,0,147.25,1,5
382,16,6,0,576.6,1,16
383,16,7,0,155,1,5
384,16,9,0,706.8,1,19
385,16,10,0,872.65,1,23
386,16,11,0,488.25,1,14
387,16,12,0,296.05,1,8
388,16,14,0,272.8,1,8
389,16,15,0,1027.65,1,27
390,16,17,0,570.4,1,16
391,16,18,0,686.65,1,19
392,16,19,0,251.1,1,7
393,16,20,0,525.45,1,15
394,16,22,0,302.25,1,9
395,16,23,0,692.85,1,19
396,16,24,0,951.7,1,25
397,17,0,0,596.75,1,16
398,17,2,0,568.85,1,16
399,17,3,0,764.15,1,20
400,17,4,0,503.75,1,14
401,17,5,0,530.1,1,14
402,17,6,0,615.35,1,17
403,17,8,0,427.8,1,12
404,17,9,0,649.45,1,18
405,17,10,0,334.8,1,10
406,17,11,0,798.25,1,21
407,17,12,0,776.55,1,21
408,17,14,0,671.15,1,17
409,17,15,0,454.15,1,12
410,17,16,0,570.4,1,16
411,17,19,0,581.25,1,16
412,17,20,0,373.55,1,10
413,17,22,0,294.5,1,8
414,17,23,0,153.45,1,5
415,17,24,0,362.7,1,10
416,18,0,0,719.2,1,19
417,18,2,0,638.6,1,17
418,18,3,0,833.9,1,22
419,18,4,0,624.65,1,17
420,18,5,0,660.3,1,16
421,18,6,0,685.1,1,18
422,18,8,0,542.5,1,15
423,18,9,0,711.45,1,18
424,18,11,0,832.35,1,21
425,18,12,0,1038.5,1,27
426,18,14,0,798.25,1,21
427,18,16,0,686.65,1,19
428,18,20,0,438.65,1,12
429,19,0,0,615.35,1,17
430,19,2,0,643.25,1,17
431,19,4,0,390.6,1,11
432,19,6,0,824.6,1,22
433,19,9,0,954.8,1,25
434,19,10,0,909.85,1,24
435,19,11,0,748.65,1,20
436,19,12,0,523.9,1,14
437,19,13,0,565.75,1,14
438,19,15,0,1023,1,27
439,19,16,0,251.1,1,7
440,19,17,0,581.25,1,16
441,19,18,0,709.9,1,18
442,19,20,0,764.15,1,20
443,19,22,0,437.1,1,12
444,19,23,0,728.5,1,18
445,19,24,0,942.4,1,25
446,20,0,0,361.15,1,10
447,20,2,0,207.7,1,7
448,20,3,0,620,1,17
449,20,4,0,413.85,1,12
450,20,5,0,178.25,1,6
451,20,6,0,243.35,1,7
452,20,8,0,444.85,1,13
453,20,9,0,279,1,8
454,20,10,0,714.55,1,19
455,20,11,0,406.1,1,11
456,20,12,0,637.05,1,17
457,20,14,0,878.85,1,23
458,20,15,0,757.95,1,19
459,20,16,0,525.45,1,15
460,20,17,0,373.55,1,11
461,20,18,0,438.65,1,12
462,20,19,0,764.15,1,20
463,20,21,0,466.55,1,13
464,20,22,0,272.8,1,8
465,20,24,0,641.7,1,17
466,21,0,0,444.85,1,13
467,21,2,0,424.7,1,12
468,21,4,0,263.5,1,8
469,21,6,0,593.65,1,16
470,21,9,0,723.85,1,19
471,21,10,0,623.1,1,16
472,21,11,0,646.35,1,18
473,21,12,0,554.9,1,15
474,21,16,0,305.35,1,9
475,21,20,0,466.55,1,13
476,21,22,0,142.6,1,5
477,21,24,0,651,1,18
478,22,0,0,297.6,1,9
479,22,2,0,308.45,1,10
480,22,4,0,204.6,1,7
481,22,6,0,446.4,1,13
482,22,8,0,203.05,1,6
483,22,9,0,576.6,1,16
484,22,10,0,623.1,1,17
485,22,11,0,499.1,1,14
486,22,12,0,556.45,1,15
487,22,14,0,527,1,15
488,22,15,0,733.15,1,19
489,22,16,0,302.25,1,9
490,22,17,0,294.5,1,8
491,22,18,0,404.55,1,10
492,22,19,0,437.1,1,12
493,22,20,0,272.8,1,9
494,22,21,0,142.6,1,5
495,22,23,0,432.45,1,11
496,22,24,0,643.25,1,17
497,23,0,0,739.35,1,20
498,23,2,0,716.1,1,19
499,23,3,0,888.15,1,23
500,23,4,0,646.35,1,18
501,23,6,0,761.05,1,20
502,23,8,0,536.3,1,15
503,23,9,0,891.25,1,24
504,23,11,0,852.5,1,23
505,23,12,0,919.15,1,24
506,23,14,0,818.4,1,20
507,23,16,0,692.85,1,19
508,23,19,0,728.5,1,18
509,23,20,0,522.35,1,14
510,23,22,0,432.45,1,11
511,24,0,0,957.9,1,25
512,24,2,0,847.85,1,23
513,24,3,0,1108.25,1,29
514,24,4,0,861.8,1,23
515,24,6,0,877.3,1,23
516,24,8,0,801.35,1,21
517,24,9,0,1019.9,1,27
518,24,10,0,286.75,1,8
519,24,11,0,1021.45,1,27
520,24,12,0,1137.7,1,30
521,24,14,0,995.1,1,26
522,24,15,0,110.05,1,4
523,24,16,0,951.7,1,25
524,24,17,0,362.7,1,10
525,24,19,0,942.4,1,25
526,24,20,0,641.7,1,17
527,24,21,0,651,1,16
528,24,22,0,643.25,1,17
PATHS,600
Index,Shipment origin,Shipment destination,1st terminal on path,2nd terminal on path,.....,6th terminal on path
0,0,1,0,1
1,0,2,0,1,2
2,0,3,0,1,3
3,0,4,0,1,4
4,0,5,0,1,5
5,0,6,0,1,6
6,0,7,0,1,7
7,0,8,0,1,8
8,0,9,0,1,9
9,0,10,0,1,10
10,0,11,0,1,11
11,0,12,0,1,12
12,0,13,0,1,13
13,0,14,0,1,14
14,0,15,0,1,15
15,0,16,0,1,16
16,0,17,0,1,17
17,0,18,0,1,18
18,0,19,0,1,19
19,0,20,0,1,20
20,0,21,0,1,21
21,0,22,0,1,22
22,0,23,0,1,23
23,0,24,0,1,24
24,1,0,1,0
25,1,2,1,2
26,1,3,1,3
27,1,4,1,4
28,1,5,1,5
29,1,6,1,6
30,1,7,1,7
31,1,8,1,8
32,1,9,1,9
33,1,10,1,10
34,1,11,1,11
35,1,12,1,12
36,1,13,1,13
37,1,14,1,14
38,1,15,1,15
39,1,16,1,16
40,1,17,1,17
41,1,18,1,18
42,1,19,1,19
43,1,20,1,20
44,1,21,1,21
45,1,22,1,22
46,1,23,1,23
47,1,24,1,24
48,2,0,2,1,0
49,2,1,2,1
50,2,3,2,1,3
51,2,4,2,1,4
52,2,5,2,1,5
53,2,6,2,1,6
54,2,8,2,1,8
55,2,7,2,1,7
56,2,9,2,1,9
57,2,10,2,1,10
58,2,11,2,1,11
59,2,12,2,1,12
60,2,13,2,1,13
61,2,14,2,1,14
62,2,15,2,1,15
63,2,16,2,1,16
64,2,17,2,1,17
65,2,18,2,1,18
66,2,19,2,1,19
67,2,20,2,1,20
68,2,21,2,1,21
69,2,22,2,1,22
70,2,23,2,1,23
71,2,24,2,1,24
72,3,0,3,1,0
73,3,1,3,1
74,3,2,3,1,2
75,3,4,3,4
76,3,5,3,1,5
77,3,6,3,1,6
78,3,7,3,1,7
79,3,8,3,8
80,3,9,3,1,9
81,3,10,3,13,10
82,3,11,3,1,11
83,3,12,3,12
84,3,13,3,13
85,3,14,3,14
86,3,15,3,13,15
87,3,16,3,16
88,3,17,3,13,17
89,3,18,3,13,18
90,3,19,3,19
91,3,20,3,1,20
92,3,21,3,21
93,3,22,3,22
94,3,23,3,21,23
95,3,24,3,13,24
96,4,0,4,1,0
97,4,1,4,1
98,4,2,4,1,2
99,4,3,4,3
100,4,5,4,1,5
101,4,6,4,1,6
102,4,7,4,1,7
103,4,8,4,1,8
104,4,9,4,1,9
105,4,10,4,1,10
106,4,11,4,1,11
107,4,12,4,3,12
108,4,13,4,1,13
109,4,14,4,3,14
110,4,15,4,1,15
111,4,16,4,3,16
112,4,17,4,1,17
113,4,18,4,1,18
114,4,19,4,3,19
115,4,20,4,1,20
116,4,21,4,1,21
117,4,22,4,1,22
118,4,23,4,1,23
119,4,24,4,1,24
120,5,0,5,1,0
121,5,1,5,1
122,5,2,5,1,2
123,5,3,5,1,3
124,5,4,5,1,4
125,5,6,5,1,6
126,5,7,5,1,7
127,5,8,5,1,8
128,5,9,5,1,9
129,5,10,5,13,10
130,5,11,5,1,11
131,5,12,5,1,12
132,5,13,5,13
133,5,14,5,1,14
134,5,15,5,13,15
135,5,16,5,1,16
136,5,17,5,13,17
137,5,18,5,13,18
138,5,19,5,13,21,19
139,5,20,5,13,20
140,5,21,5,13,21
141,5,22,5,1,22
142,5,23,5,13,23
143,5,24,5,13,24
144,6,0,6,1,0
145,6,1,6,1
146,6,2,6,1,2
147,6,3,6,1,3
148,6,4,6,1,4
149,6,5,6,1,5
150,6,7,6,1,7
151,6,8,6,1,8
152,6,9,6,1,9
153,6,10,6,1,10
154,6,11,6,1,11
155,6,12,6,1,12
156,6,13,6,1,13
157,6,14,6,1,14
158,6,15,6,1,15
159,6,16,6,1,16
160,6,17,6,1,17
161,6,18,6,1,18
162,6,19,6,1,19
163,6,20,6,1,20
164,6,21,6,1,21
165,6,22,6,1,22
166,6,23,6,1,23
167,6,24,6,1,24
168,7,0,7,1,0
169,7,1,7,1
170,7,2,7,1,2
171,7,3,7,3
172,7,4,7,4
173,7,5,7,1,5
174,7,6,7,3,6
175,7,8,7,3,8
176,7,9,7,1,9
177,7,10,7,1,9
178,7,11,7,3,11
179,7,12,7,4,12
180,7,13,7,4,13
181,7,14,7,4,14
182,7,15,7,4,15
183,7,16,7,4,16
184,7,17,7,1,17
185,7,18,7,1,18
186,7,19,7,1,19
187,7,20,7,1,20
188,7,21,7,1,21
189,7,22,7,1,22
190,7,23,7,1,23
191,7,24,7,1,24
192,8,0,8,1,0
193,8,1,8,1
194,8,2,8,1,2
195,8,3,8,3
196,8,4,8,1,4
197,8,5,8,1,5
198,8,6,8,1,6
199,8,7,8,1,7
200,8,9,8,1,9
201,8,10,8,21,23,10
202,8,11,8,1,11
203,8,12,8,3,12
204,8,13,8,21,13
205,8,14,8,21,14
206,8,15,8,21,13,15
207,8,16,8,3,16
208,8,17,8,21,17
209,8,18,8,21,18
210,8,19,8,21,19
211,8,20,8,1,20
212,8,21,8,21
213,8,22,8,1,22
214,8,23,8,21,23
215,8,24,8,21,13,24
216,9,0,9,1,0
217,9,1,9,1
218,9,2,9,1,2
219,9,3,9,1,3
220,9,4,9,1,4
221,9,5,9,1,5
222,9,6,9,1,6
223,9,7,9,1,7
224,9,8,9,1,8
225,9,10,9,1,10
226,9,11,9,1,11
227,9,12,9,1,12
228,9,13,9,1,13
229,9,14,9,1,14
230,9,15,9,1,15
231,9,16,9,1,16
232,9,17,9,1,17
233,9,18,9,1,18
234,9,19,9,1,19
235,9,20,9,1,20
236,9,21,9,1,21
237,9,22,9,1,22
238,9,23,9,1,23
239,9,24,9,1,24
240,10,0,10,1,0
241,10,1,10,1
242,10,2,10,1,2
243,10,3,10,1,3
244,10,4,10,1,4
245,10,5,10,23,13,5
246,10,6,10,23,13,6
247,10,7,10,1,7
248,10,8,10,23,21,8
249,10,9,10,1,9
250,10,11,10,1,11
251,10,12,10,1,12
252,10,13,10,23,13
253,10,14,10,23,21,14
254,10,15,10,23,15
255,10,16,10,1,16
256,10,17,10,23,17
257,10,18,10,23,18
258,10,19,10,23,21,19
259,10,20,10,23,13,20
260,10,21,10,23,21
261,10,22,10,23,22
262,10,23,10,23
263,10,24,10,23,24
264,11,0,11,1,0
265,11,1,11,1
266,11,2,11,1,2
267,11,3,11,1,3
268,11,4,11,1,4
269,11,5,11,1,5
270,11,6,11,1,6
271,11,7,11,1,7
272,11,8,11,1,8
273,11,9,11,1,9
274,11,10,11,13,10
275,11,12,11,1,12
276,11,13,11,13
277,11,14,11,1,14
278,11,15,11,13,15
279,11,16,11,1,16
280,11,17,11,13,17
281,11,18,11,13,18
282,11,19,11,1,19
283,11,20,11,1,20
284,11,21,11,1,21
285,11,22,11,1,22
286,11,23,11,13,23
287,11,24,11,13,24
288,12,0,12,1,0
289,12,1,12,1
290,12,2,12,1,2
291,12,3,12,3
292,12,4,12,3,4
293,12,5,12,1,5
294,12,6,12,1,6
295,12,7,12,1,7
296,12,8,12,3,8
297,12,9,12,1,9
298,12,10,12,1,10
299,12,11,12,1,11
300,12,13,12,3,13
301,12,14,12,3,14
302,12,15,12,1,15
303,12,16,12,3,16
304,12,17,12,1,17
305,12,18,12,1,18
306,12,19,12,3,19
307,12,20,12,1,20
308,12,21,12,3,21
309,12,22,12,3,22
310,12,23,12,1,23
311,12,24,12,1,24
312,13,0,13,1,0
313,13,1,13,1
314,13,2,13,1,2
315,13,3,13,3
316,13,4,13,4
317,13,5,13,5
318,13,6,13,6
319,13,7,13,1,7
320,13,8,13,21,8
321,13,9,13,1,9
322,13,10,13,10
323,13,11,13,11
324,13,12,13,3,12
325,13,14,13,21,14
326,13,15,13,15
327,13,16,13,1,16
328,13,17,13,17
329,13,18,13,18
330,13,19,13,21,19
331,13,20,13,20
332,13,21,13,21
333,13,22,13,22
334,13,23,13,23
335,13,24,13,24
336,14,0,14,1,0
337,14,1,14,1
338,14,2,14,1,2
339,14,3,14,3
340,14,4,14,3,4
341,14,5,14,1,5
342,14,6,14,1,6
343,14,7,14,1,7
344,14,8,14,3,8
345,14,9,14,1,9
346,14,10,14,21,23,10
347,14,11,14,1,11
348,14,12,14,3,12
349,14,13,14,21,13
350,14,15,14,21,13,15
351,14,16,14,3,16
352,14,17,14,21,17
353,14,18,14,21,18
354,14,19,14,1,19
355,14,20,14,1,20
356,14,21,14,21
357,14,22,14,1,22
358,14,23,14,21,23
359,14,24,14,21,13,24
360,15,0,15,1,0
361,15,1,15,1
362,15,2,15,1,2
363,15,3,15,13,3
364,15,4,15,1,4
365,15,5,15,13,5
366,15,6,15,13,6
367,15,7,15,1,7
368,15,8,15,21,8
369,15,9,15,1,9
370,15,10,15,10
371,15,11,15,1,11
372,15,12,15,1,12
373,15,13,15,13
374,15,14,15,21,14
375,15,16,15,1,16
376,15,17,15,17
377,15,18,15,18
378,15,19,15,21,19
379,15,20,15,13,20
380,15,21,15,21
381,15,22,15,13,22
382,15,23,15,23
383,15,24,15,24
384,16,0,16,1,0
385,16,1,16,1
386,16,2,16,1,2
387,16,3,16,3
388,16,4,16,3,4
389,16,5,16,1,5
390,16,6,16,1,6
391,16,7,16,1,7
392,16,8,16,3,8
393,16,9,16,1,9
394,16,10,16,13,10
395,16,11,16,1,11
396,16,12,16,3,12
397,16,13,16,13
398,16,14,16,3,14
399,16,15,16,13,15
400,16,17,16,13,17
401,16,18,16,13,18
402,16,19,16,3,19
403,16,20,16,1,20
404,16,21,16,21
405,16,22,16,3,22
406,16,23,16,13,23
407,16,24,16,13,24
408,17,0,17,1,0
409,17,1,17,1
410,17,2,17,1,2
411,17,3,17,13,3
412,17,4,17,1,4
413,17,5,17,13,5
414,17,6,17,13,6
415,17,7,17,1,7
416,17,8,17,21,8
417,17,9,17,1,9
418,17,10,17,13,10
419,17,11,17,1,11
420,17,12,17,1,12
421,17,13,17,13
422,17,14,17,21,14
423,17,15,17,13,15
424,17,16,17,1,16
425,17,18,17,18
426,17,19,17,21,19
427,17,20,17,13,20
428,17,21,17,21
429,17,22,17,13,22
430,17,23,17,13,23
431,17,24,17,13,24
432,18,0,18,1,0
433,18,1,18,1
434,18,2,18,1,2
435,18,3,18,13,3
436,18,4,18,1,4
437,18,5,18,13,5
438,18,6,18,13,6
439,18,7,18,1,7
440,18,8,18,21,8
441,18,9,18,13,1,9
442,18,10,18,10
443,18,11,18,1,11
444,18,12,18,1,12
445,18,13,18,13
446,18,14,18,21,14
447,18,15,18,15
448,18,16,18,1,16
449,18,17,18,17
450,18,19,18,21,19
451,18,20,18,13,20
452,18,21,18,21
453,18,22,18,13,22
454,18,23,18,23
455,18,24,18,24
456,19,0,19,1,0
457,19,1,19,1
458,19,2,19,1,2
459,19,3,19,3
460,19,4,19,3,4
461,19,5,19,1,5
462,19,6,19,1,6
463,19,7,19,1,7
464,19,8,19,21,8
465,19,9,19,1,9
466,19,10,19,1,10
467,19,11,19,1,11
468,19,12,19,3,12
469,19,13,19,21,13
470,19,14,19,1,14
471,19,15,19,21,13,15
472,19,16,19,3,16
473,19,17,19,21,17
474,19,18,19,21,18
475,19,20,19,1,20
476,19,21,19,21
477,19,22,19,1,22
478,19,23,19,21,23
479,19,24,19,21,13,24
480,20,0,20,1,0
481,20,1,20,1
482,20,2,20,1,2
483,20,3,20,1,3
484,20,4,20,1,4
485,20,5,20,1,5
486,20,6,20,1,6
487,20,7,20,1,7
488,20,8,20,1,8
489,20,9,20,1,9
490,20,10,20,13,10
491,20,11,20,1,11
492,20,12,20,1,12
493,20,13,20,13
494,20,14,20,1,14
495,20,15,20,13,15
496,20,16,20,1,16
497,20,17,20,13,17
498,20,18,20,13,18
499,20,19,20,1,19
500,20,21,20,1,21
501,20,22,20,13,22
502,20,23,20,13,23
503,20,24,20,13,24
504,21,0,21,1,0
505,21,1,21,1
506,21,2,21,1,2
507,21,3,21,3
508,21,4,21,1,4
509,21,5,21,13,5
510,21,6,21,13,6
511,21,7,21,1,7
512,21,8,21,8
513,21,9,21,1,9
514,21,10,21,23,10
515,21,11,21,1,11
516,21,12,21,3,12
517,21,13,21,13
518,21,14,21,14
519,21,15,21,13,15
520,21,16,21,3,16
521,21,17,21,17
522,21,18,21,18
523,21,19,21,19
524,21,20,21,1,20
525,21,22,21,1,22
526,21,23,21,23
527,21,24,21,13,24
528,22,0,22,1,0
529,22,1,22,1
530,22,2,22,1,2
531,22,3,22,3
532,22,4,22,1,4
533,22,5,22,13,5
534,22,6,22,1,6
535,22,7,22,1,7
536,22,8,22,1,8
537,22,9,22,1,9
538,22,10,22,13,10
539,22,11,22,1,11
540,22,12,22,3,12
541,22,13,22,13
542,22,14,22,1,14
543,22,15,22,13,15
544,22,16,22,1,16
545,22,17,22,13,17
546,22,18,22,13,18
547,22,19,22,1,19
548,22,20,22,13,20
549,22,21,22,1,21
550,22,23,22,13,23
551,22,24,22,13,24
552,23,0,23,1,0
553,23,1,23,1
554,23,2,23,1,2
555,23,3,23,1,3
556,23,4,23,1,4
557,23,5,23,13,5
558,23,6,23,13,6
559,23,7,23,1,7
560,23,8,23,21,8
561,23,9,23,1,9
562,23,10,23,10
563,23,11,23,1,11
564,23,12,23,1,12
565,23,13,23,13
566,23,14,23,21,14
567,23,15,23,15
568,23,16,23,1,16
569,23,17,23,17
570,23,18,23,18
571,23,19,23,21,19
572,23,20,23,13,20
573,23,21,23,21
574,23,22,23,22
575,23,24,23,24
576,24,0,24,1,0
577,24,1,24,1
578,24,2,24,1,2
579,24,3,24,13,3
580,24,4,24,1,4
581,24,5,24,13,5
582,24,6,24,13,6
583,24,7,24,1,7
584,24,8,24,18,21,8
585,24,9,24,13,1,9
586,24,10,24,23,10
587,24,11,24,13,11
588,24,12,24,1,12
589,24,13,24,13
590,24,14,24,18,21,14
591,24,15,24,15
592,24,16,24,1,16
593,24,17,24,13,17
594,24,18,24,18
595,24,19,24,18,21,19
596,24,20,24,13,20
597,24,21,24,18,21
598,24,22,24,13,22
599,24,23,24,23
COMMODITIES,550
Index,Origin,Destination,Demand/Size,Earliest available time,Latest delivery time
0,17,5,0.221085,38,150
1,12,3,0.568926,86,187
2,1,12,0.431275,42,148
3,11,15,0.0765371,40,166
4,14,23,0.402127,90,207
5,12,17,0.00643819,90,212
6,10,5,0.0268736,88,209
7,5,24,0.0682518,88,205
8,15,24,0.778963,186,286
9,11,4,0.182591,138,248
10,10,5,0.0265725,138,259
11,19,8,0.473738,86,195
12,13,10,0.29572,136,244
13,3,11,0.620585,38,150
14,22,11,0.451287,38,150
15,11,24,0.146988,90,213
16,5,15,0.44169,134,254
17,18,19,0.211418,42,157
18,17,19,0.736333,40,152
19,10,9,0.374103,138,269
20,3,2,0.826047,134,245
21,10,12,0.0672729,86,215
22,2,22,0.197503,86,197
23,0,3,0.351308,42,151
24,23,20,0.953323,90,201
25,10,9,0.402886,88,219
26,0,5,0.196982,42,158
27,12,2,0.265124,42,155
28,16,12,0.192485,38,144
29,11,4,0.0793977,38,148
30,1,20,0.175867,88,194
31,23,4,0.356216,136,255
32,24,23,0.422892,138,243
33,24,10,0.0775409,90,201
34,8,2,0.0304124,38,150
35,24,17,0.778092,42,155
36,1,4,0.399296,40,142
37,22,9,0.194377,40,156
38,0,12,0.291051,134,245
39,12,23,0.0736371,86,210
40,24,8,0.0574528,38,157
41,8,19,0.0993843,38,147
42,22,17,0.341575,90,199
43,17,14,0.00682957,136,250
44,15,3,0.457905,86,220
45,15,6,0.222489,88,212
46,2,12,0.0468305,136,249
47,23,6,0.598906,138,255
48,19,1,0.801649,134,243
49,2,21,0.00499778,42,156
50,16,6,0.102683,138,251
51,20,22,0.269627,40,149
52,1,13,0.680483,134,244
53,1,16,0.42712,86,190
54,8,16,0.0103508,136,246
55,15,24,0.631313,184,284
56,12,11,0.207662,38,152
57,8,2,0.0308139,138,250
58,17,13,0.28918,136,238
59,10,1,0.919075,136,255
60,14,5,0.396388,88,215
61,23,4,0.379631,42,161
62,0,4,0.0357013,136,243
63,18,4,0.832432,90,209
64,17,15,0.271691,134,250
65,23,20,0.0578406,138,249
66,2,20,0.974154,40,153
67,1,9,0.629204,138,246
68,0,20,0.707781,38,149
69,15,0,0.389576,38,163
70,13,2,0.312219,138,254
71,14,11,0.805673,138,258
72,12,10,0.737653,86,218
73,24,12,0.0370105,90,220
74,24,3,0.0157662,136,265
75,23,18,0.94901,40,140
76,17,16,0.0671996,86,204
77,18,12,0.382523,134,257
78,10,23,0.109067,184,286
79,8,12,0.247555,42,152
80,23,22,0.329632,136,243
81,24,23,0.270985,86,191
82,15,4,0.218491,90,216
83,1,23,0.984629,88,202
84,5,23,0.788051,42,157
85,13,8,0.830536,42,151
86,15,5,0.416786,136,258
87,22,19,0.12894,38,155
88,19,23,0.641817,138,253
89,3,22,0.320852,38,147
90,0,15,0.480453,88,213
91,8,5,0.04317,38,158
92,19,21,0.686959,90,194
93,8,12,0.244503,138,248
94,5,8,0.0509193,136,256
95,24,11,0.630518,90,214
96,2,8,0.516618,42,154
97,5,15,0.469339,90,210
98,15,8,0.0536583,86,207
99,23,3,0.841029,134,255
100,6,4,0.0162778,42,153
101,18,11,0.940047,134,255
102,10,4,0.0140975,38,163
103,13,1,0.655687,88,197
104,24,17,0.786618,138,251
105,15,24,0.382717,136,236
106,17,8,0.182264,136,245
107,1,5,0.79196,40,151
108,17,24,0.697678,90,203
109,22,8,0.330797,136,249
110,20,8,0.277031,38,153
111,15,24,0.102094,88,188
112,24,18,0.988743,38,141
113,8,15,0.0466265,136,259
114,22,9,0.187236,88,204
115,19,9,0.194445,40,161
116,24,15,0.280749,90,190
117,6,4,0.0169798,86,197
118,14,17,0.0894798,42,156
119,17,21,0.31363,38,142
120,23,20,0.9354,88,199
121,20,2,0.236881,40,153
122,4,6,0.07204,134,245
123,11,10,0.268262,38,162
124,20,13,0.798467,42,144
125,20,22,0.268074,138,247
126,5,20,0.311382,90,202
127,0,11,0.994623,134,243
128,8,18,0.163092,42,156
129,10,21,0.0406969,138,253
130,3,15,0.362719,88,218
131,11,14,0.404675,42,162
132,12,22,0.218727,88,202
133,13,23,0.0324057,134,239
134,16,4,0.873287,38,147
135,13,1,0.834992,90,199
136,2,18,0.0387665,136,257
137,3,16,0.438984,42,143
138,18,12,0.410884,88,211
139,0,5,0.206755,90,206
140,22,4,0.0340401,88,198
141,10,23,0.673433,88,190
142,15,0,0.393377,138,263
143,14,22,0.734637,40,160
144,18,20,0.0128842,86,195
145,21,1,0.38415,90,197
146,15,24,0.301274,42,142
147,3,10,0.101714,40,168
148,4,18,0.351544,40,160
149,2,13,0.106077,90,207
150,9,1,0.537305,86,194
151,17,14,0.00803597,88,202
152,0,8,0.361583,88,198
153,24,0,0.0447144,42,167
154,18,24,0.623755,184,287
155,1,0,0.339386,86,187
156,23,13,0.665014,86,191
157,3,11,0.519361,86,198
158,24,3,0.0145543,40,169
159,13,19,0.401949,136,248
160,21,11,0.0526084,138,253
161,23,9,0.41784,86,211
162,4,24,0.33576,38,164
163,22,23,0.552449,42,154
164,24,0,0.0494055,88,213
165,1,18,0.145251,86,200
166,14,9,0.565674,40,164
167,14,17,0.0831568,40,154
168,13,1,0.486768,136,245
169,24,6,0.391058,42,161
170,12,11,0.201697,134,248
171,19,23,0.644056,90,205
172,17,20,0.288666,88,196
173,14,0,0.782876,86,203
174,20,14,0.373863,86,208
175,0,3,0.31945,134,243
176,1,4,0.487535,90,192
177,22,20,0.476809,38,147
178,23,24,0.156077,90,195
179,9,16,0.96253,136,252
180,19,1,0.596854,138,247
181,11,22,0.818866,88,200
182,6,22,0.0274113,88,201
183,18,4,0.762624,138,257
184,8,9,0.273165,86,203
185,21,20,0.00704804,40,157
186,23,21,0.679981,136,245
187,11,4,0.162024,136,246
188,17,18,0.437503,88,189
189,12,16,0.703997,88,194
190,19,3,0.0224467,134,241
191,23,17,0.308549,86,187
192,2,13,0.102917,134,251
193,2,20,0.0310291,38,151
194,11,4,0.207469,90,200
195,22,11,0.401489,42,154
196,15,21,0.294776,138,254
197,24,12,0.0417491,138,268
198,11,10,0.28235,136,260
199,15,10,0.148967,134,237
200,22,17,0.313133,138,247
201,24,1,0.379229,42,162
202,23,8,0.206268,42,156
203,13,18,0.312477,88,191
204,18,11,0.990043,136,257
205,24,3,0.0145457,90,219
206,0,1,0.0320948,86,187
207,23,10,0.668053,88,190
208,13,22,0.941922,40,143
209,8,16,0.0124422,86,196
210,10,17,0.173552,136,243
211,13,3,0.138342,136,254
212,11,21,0.289592,88,203
213,12,20,0.745056,38,154
214,17,23,0.878229,90,201
215,2,18,0.0320341,86,207
216,16,6,0.110039,86,199
217,3,13,0.421067,86,202
218,23,15,0.157878,138,245
219,16,6,0.0999745,40,153
220,19,1,0.937151,88,197
221,9,3,0.413556,42,158
222,15,13,0.157653,138,250
223,20,8,0.263622,136,251
224,20,23,0.10273,90,201
225,17,19,0.750023,88,200
226,20,12,0.0168809,40,156
227,1,21,0.178695,88,195
228,20,13,0.081216,88,190
229,3,8,0.368659,182,287
230,11,17,0.343925,88,206
231,11,18,0.642267,38,157
232,13,20,0.263423,184,286
233,11,13,0.654828,40,152
234,12,21,0.37879,136,251
235,1,8,0.871325,138,243
236,22,24,0.38411,138,252
237,8,17,0.486091,42,151
238,8,2,0.0352715,86,198
239,12,17,0.0064883,40,162
240,18,14,0.141837,42,159
241,3,16,0.641533,88,189
242,18,10,0.0699877,136,242
243,18,3,0.0936722,90,215
244,14,20,0.0947677,38,160
245,21,9,0.215225,40,159
246,15,10,0.110147,86,189
247,20,1,0.983318,138,244
248,10,3,0.0511116,38,165
249,15,0,0.401249,90,215
250,1,22,0.331297,88,192
251,3,23,0.438516,138,259
252,19,23,0.658204,40,155
253,5,15,0.46055,88,208
254,8,12,0.24352,134,244
255,24,18,0.769027,136,239
256,23,5,0.895424,136,251
257,4,16,0.458518,136,245
258,5,19,0.116191,136,258
259,12,13,0.171631,136,257
260,0,19,0.28097,138,252
261,12,17,0.00603786,134,256
262,5,23,0.770334,90,205
263,12,18,0.128652,38,162
264,10,19,0.44788,90,213
265,15,24,0.457475,86,186
266,24,3,0.0143469,138,267
267,8,12,0.216685,40,150
268,21,1,0.166027,136,243
269,10,21,0.0482503,86,201
270,15,21,0.256593,88,204
271,2,18,0.0364434,88,209
272,8,14,0.0187982,138,249
273,8,19,0.0838038,136,245
274,15,14,0.42352,134,260
275,14,5,0.349518,38,165
276,3,15,0.263421,134,264
277,11,17,0.352797,86,204
278,12,14,0.042029,86,198
279,8,3,0.25051,40,145
280,23,15,0.755604,86,193
281,24,23,0.577269,134,239
282,3,16,0.463047,86,187
283,11,14,0.425125,38,158
284,22,13,0.825007,184,287
285,0,3,0.312548,40,149
286,18,3,0.810418,86,211
287,1,20,0.990444,40,146
288,5,22,0.290358,42,161
289,24,21,0.109906,86,200
290,23,17,0.286707,186,287
291,13,1,0.077,40,149
292,4,3,0.185367,40,144
293,12,23,0.0662568,134,258
294,18,13,0.293903,136,239
295,10,4,0.0153137,86,211
296,1,9,0.339861,86,194
297,11,21,0.298121,40,155
298,13,21,0.245201,88,192
299,5,4,0.199304,138,255
300,14,16,0.150262,90,202
301,8,18,0.190193,88,202
302,11,21,0.304987,86,201
303,24,17,0.732496,134,247
304,4,14,0.419369,90,205
305,16,1,0.453697,138,242
306,0,21,0.46743,134,246
307,11,14,0.416493,136,256
308,23,8,0.940505,90,204
309,23,11,0.344063,40,161
310,24,18,0.946389,42,145
311,16,22,0.199324,136,250
312,10,14,0.107216,138,263
313,21,20,0.00668376,134,251
314,2,1,0.991458,138,241
315,18,0,0.223134,86,204
316,23,20,0.0348634,134,245
317,17,15,0.063858,88,204
318,19,11,0.703567,134,251
319,6,16,0.374176,42,155
320,16,13,0.978351,134,247
321,10,19,0.476178,42,165
322,5,13,0.391479,182,288
323,0,4,0.0375032,40,147
324,22,4,0.033137,134,244
325,12,2,0.195404,136,249
326,23,14,0.506086,40,159
327,1,15,0.681378,90,210
328,4,24,0.330591,134,260
329,1,8,0.100279,136,241
330,21,9,0.204891,134,253
331,18,19,0.807495,40,155
332,10,19,0.456557,136,259
333,21,12,0.0130183,90,204
334,2,1,0.425858,38,141
335,15,4,0.208081,134,260
336,9,16,0.927368,88,204
337,20,12,0.0189325,138,254
338,2,0,0.0508039,88,196
339,22,1,0.568464,90,194
340,5,20,0.326673,138,250
341,17,1,0.239597,88,198
342,18,17,0.152818,186,287
343,1,6,0.356341,38,143
344,23,15,0.00597667,38,145
345,21,9,0.219133,90,209
346,1,5,0.56114,138,249
347,15,14,0.508565,38,164
348,10,9,0.374923,136,267
349,5,19,0.122088,88,210
350,17,14,0.00767712,90,204
351,14,24,0.0388788,90,215
352,19,20,0.312857,138,257
353,14,10,0.186288,40,163
354,0,2,0.0917025,38,146
355,0,2,0.0948721,86,194
356,18,24,0.408438,138,241
357,1,22,0.913081,42,146
358,0,2,0.100393,40,148
359,4,3,0.958307,182,286
360,4,23,0.164879,90,210
361,0,21,0.41946,38,150
362,14,9,0.534496,42,166
363,23,24,0.722225,88,193
364,21,0,0.0986477,40,152
365,3,11,0.326211,90,202
366,23,17,0.560084,42,143
367,19,21,0.655955,184,288
368,22,5,0.420926,136,249
369,0,11,0.925974,136,245
370,18,6,0.866029,134,249
371,21,17,0.427179,138,242
372,19,16,0.108822,90,202
373,23,18,0.875269,90,190
374,18,14,0.321516,40,157
375,20,16,0.0135573,40,154
376,17,13,0.831654,186,288
377,3,16,0.456061,184,285
378,1,4,0.709857,136,238
379,22,15,0.115952,42,159
380,19,1,0.283876,40,149
381,5,1,0.651713,42,153
382,10,14,0.112117,40,165
383,15,5,0.45794,86,208
384,13,23,0.459889,40,145
385,22,19,0.128797,136,253
386,5,8,0.0508844,42,162
387,19,11,0.739292,42,159
388,3,19,0.129295,86,193
389,23,6,0.669635,136,253
390,8,9,0.265479,134,251
391,24,1,0.261979,134,254
392,21,3,0.296821,90,199
393,8,3,0.355142,38,143
394,11,17,0.328819,40,158
395,2,20,0.887001,88,201
396,12,3,0.796916,182,283
397,3,0,0.538696,86,195
398,12,20,0.734242,136,252
399,11,4,0.14159,134,244
400,18,15,0.255107,90,196
401,3,16,0.98054,134,235
402,5,19,0.122177,90,212
403,17,9,0.337964,136,258
404,13,20,0.507279,38,140
405,2,12,0.0541065,90,203
406,22,21,0.517898,136,251
407,15,19,0.958339,134,258
408,15,21,0.248856,40,156
409,22,17,0.306009,136,245
410,2,22,0.190623,90,201
411,18,12,0.372796,40,163
412,22,6,0.30568,42,155
413,15,1,0.440175,90,210
414,10,16,0.107845,134,261
415,20,18,0.288462,136,245
416,11,13,0.417898,86,198
417,16,4,0.741865,42,151
418,12,23,0.0636505,90,214
419,15,10,0.449298,184,287
420,12,20,0.6724,42,158
421,14,6,0.149501,38,159
422,5,14,0.373595,138,265
423,11,1,0.779319,90,194
424,17,9,0.296463,40,162
425,1,17,0.571479,42,154
426,18,14,0.25983,90,207
427,19,16,0.110173,42,154
428,24,11,0.734095,138,262
429,12,2,0.1512,38,151
430,18,15,0.853687,182,288
431,0,17,0.238054,38,155
432,6,18,0.0296685,134,257
433,13,22,0.925451,138,241
434,12,9,0.224548,136,254
435,4,11,0.228834,136,246
436,17,0,0.00810511,86,201
437,15,12,0.862422,38,168
438,11,12,0.205962,134,248
439,1,13,0.0253991,90,200
440,1,20,0.718223,138,244
441,21,14,0.0088458,88,194
442,18,23,0.615704,184,284
443,23,17,0.0966806,90,191
444,21,20,0.00668843,86,203
445,13,15,0.0329718,86,196
446,12,18,0.121591,90,214
447,17,21,0.298926,134,238
448,0,8,0.409992,134,244
449,0,23,0.0122882,136,255
450,17,16,0.0673224,38,156
451,6,22,0.0289054,138,251
452,13,1,0.586815,86,195
453,2,8,0.484944,40,152
454,13,18,0.804172,136,239
455,21,11,0.0490308,38,153
456,4,17,0.00603456,42,160
457,22,16,0.13541,90,202
458,17,10,0.502465,88,202
459,8,5,0.0380367,88,208
460,5,19,0.116754,40,162
461,10,24,0.92005,38,149
462,20,1,0.196165,182,288
463,22,17,0.316771,40,149
464,22,15,0.11098,38,155
465,13,24,0.219513,86,193
466,23,5,0.947292,90,205
467,17,13,0.172885,138,240
468,3,21,0.84656,86,196
469,12,23,0.070935,42,166
470,10,11,0.044947,136,263
471,13,2,0.269433,90,206
472,21,24,0.311315,138,253
473,14,24,0.0385862,42,167
474,4,1,0.727115,136,238
475,16,0,0.812581,138,247
476,24,12,0.0446813,88,218
477,14,24,0.0354814,134,259
478,2,1,0.540322,42,145
479,11,19,0.320476,136,253
480,20,23,0.0964026,136,247
481,24,21,0.109093,136,250
482,11,17,0.326235,90,208
483,21,17,0.40571,182,286
484,6,16,0.365732,40,153
485,15,3,0.409262,134,268
486,5,22,0.309769,134,253
487,16,11,0.66292,138,250
488,15,4,0.192719,88,214
489,21,14,0.00922023,138,244
490,4,21,0.0115067,86,199
491,18,3,0.0566996,40,165
492,0,11,0.931664,40,149
493,3,21,0.762737,134,244
494,11,15,0.346737,138,264
495,24,19,0.730837,40,162
496,17,20,0.264033,134,242
497,10,5,0.0276581,42,163
498,8,1,0.541381,134,239
499,14,10,0.19939,138,261
500,17,8,0.204657,86,195
501,19,3,0.146039,38,145
502,24,23,0.130867,90,195
503,20,16,0.0149286,86,200
504,19,21,0.630406,86,190
505,17,16,0.0723564,138,256
506,1,3,0.247195,138,242
507,19,23,0.722377,42,157
508,14,0,0.6744,42,159
509,2,0,0.0446341,42,150
510,6,18,0.0321523,86,209
511,21,18,0.220931,40,149
512,14,17,0.0788983,86,200
513,13,0,0.616,136,250
514,1,24,0.924543,86,206
515,11,12,0.414891,86,200
516,3,8,0.229786,134,239
517,10,20,0.0981186,136,253
518,22,14,0.249793,38,158
519,18,3,0.0994676,134,259
520,16,12,0.193925,136,242
521,17,11,0.113763,136,254
522,17,22,0.155801,42,151
523,18,10,0.409714,90,196
524,23,13,0.429191,134,239
525,10,6,0.0886596,136,259
526,11,16,0.358157,38,150
527,17,21,0.278297,136,240
528,18,6,0.812769,86,201
529,16,22,0.410971,42,156
530,20,0,0.0578351,88,199
531,23,6,0.692327,38,155
532,13,22,0.154937,88,191
533,23,0,0.638811,136,254
534,22,2,0.678193,136,247
535,20,18,0.31281,86,195
536,3,11,0.300073,42,154
537,14,24,0.0356828,136,261
538,18,20,0.873946,38,147
539,5,19,0.129442,86,208
540,2,22,0.209454,38,149
541,5,14,0.274608,134,261
542,4,23,0.0354518,138,258
543,21,0,0.0986616,136,248
544,21,15,0.0755375,42,160
545,9,16,0.920418,90,206
546,18,24,0.223986,88,191
547,15,14,0.449062,90,216
548,0,5,0.208778,138,254
549,16,4,0.818151,88,197
