NODES,25
INDEX,Name,X-coordinate,Y-coordinate
0,0,-,-
1,1,-,-
2,2,-,-
3,3,-,-
4,4,-,-
5,5,-,-
6,6,-,-
7,7,-,-
8,8,-,-
9,9,-,-
10,10,-,-
11,11,-,-
12,12,-,-
13,13,-,-
14,14,-,-
15,15,-,-
16,16,-,-
17,17,-,-
18,18,-,-
19,19,-,-
20,20,-,-
21,21,-,-
22,22,-,-
23,23,-,-
24,24,-,-
ARCS,529
Index,Origin,Destination,Variable Cost,Fixed Cost,Capacity,Travel time
0,0,1,0,117.8,1,5
1,1,0,0,117.8,1,5
2,1,2,0,234.05,1,7
3,1,3,0,260.4,1,8
4,1,4,0,175.15,1,6
5,1,5,0,486.7,1,15
6,1,6,0,323.95,1,9
7,1,8,0,323.95,1,9
8,1,9,0,447.95,1,12
9,1,10,0,883.5,1,26
10,1,11,0,255.75,1,8
11,1,12,0,387.5,1,10
12,1,13,0,489.8,1,14
13,1,14,0,525.45,1,16
14,1,15,0,1002.85,1,24
15,1,16,0,252.65,1,8
16,1,17,0,545.6,1,16
17,1,18,0,680.45,1,18
18,1,19,0,503.75,1,13
19,1,20,0,358.05,1,10
20,1,21,0,409.2,1,11
21,1,22,0,266.6,1,8
22,1,23,0,699.05,1,18
23,1,24,0,903.65,1,24
24,2,1,0,234.05,1,7
25,3,1,0,260.4,1,8
26,3,4,0,230.95,1,8
27,3,8,0,311.55,1,9
28,3,12,0,144.15,1,5
29,3,13,0,661.85,1,20
30,3,14,0,418.5,1,11
31,3,16,0,151.9,1,5
32,3,19,0,396.8,1,11
33,3,21,0,469.65,1,14
34,3,22,0,429.35,1,13
35,4,1,0,175.15,1,6
36,4,3,0,230.95,1,8
37,5,1,0,486.7,1,15
38,5,13,0,367.35,1,10
39,6,1,0,323.95,1,9
40,6,13,0,430.9,1,11
41,7,1,0,103.85,1,4
42,8,1,0,323.95,1,9
43,8,3,0,311.55,1,9
44,8,13,0,415.4,1,11
45,8,16,0,161.2,1,6
46,8,21,0,158.1,1,5
47,9,1,0,447.95,1,12
48,10,1,0,891.25,1,23
49,10,23,0,192.2,1,6
50,11,1,0,255.75,1,8
51,11,13,0,592.1,1,16
52,12,1,0,387.5,1,10
53,12,3,0,144.15,1,5
54,13,1,0,489.8,1,13
55,13,3,0,669.6,1,22
56,13,5,0,367.35,1,10
57,13,6,0,430.9,1,12
58,13,10,0,483.6,1,12
59,13,11,0,596.75,1,17
60,13,15,0,553.35,1,14
61,13,17,0,176.7,1,6
62,13,18,0,248,1,7
63,13,19,0,573.5,1,16
64,13,20,0,198.4,1,6
65,13,21,0,275.9,1,8
66,13,22,0,232.5,1,7
67,13,23,0,323.95,1,9
68,13,24,0,449.5,1,11
69,14,1,0,525.45,1,16
70,14,3,0,418.5,1,11
71,14,19,0,111.6,1,4
72,14,21,0,384.4,1,10
73,15,1,0,1002.85,1,24
74,15,13,0,553.35,1,16
75,15,18,0,350.3,1,10
76,15,21,0,747.1,1,20
77,15,23,0,412.3,1,11
78,16,1,0,252.65,1,8
79,16,3,0,151.9,1,5
80,16,8,0,161.2,1,6
81,16,13,0,581.25,1,17
82,16,21,0,305.35,1,9
83,17,1,0,544.05,1,14
84,17,13,0,176.7,1,6
85,17,18,0,127.1,1,5
86,17,21,0,292.95,1,8
87,18,1,0,666.5,1,17
88,18,10,0,308.45,1,10
89,18,13,0,248,1,7
90,18,15,0,350.3,1,10
91,18,17,0,127.1,1,5
92,18,19,0,719.2,1,19
93,18,21,0,421.6,1,11
94,18,22,0,421.6,1,13
95,18,23,0,116.25,1,4
96,18,24,0,237.15,1,7
97,19,1,0,503.75,1,13
98,19,3,0,396.8,1,11
99,19,8,0,240.25,1,7
100,19,14,0,111.6,1,4
101,19,21,0,297.6,1,8
102,20,1,0,358.05,1,10
103,20,13,0,198.4,1,6
104,20,23,0,522.35,1,15
105,21,1,0,409.2,1,11
106,21,3,0,458.8,1,13
107,21,8,0,158.1,1,5
108,21,13,0,275.9,1,8
109,21,14,0,384.4,1,10
110,21,15,0,829.25,1,22
111,21,17,0,292.95,1,8
112,21,18,0,420.05,1,13
113,21,19,0,297.6,1,8
114,21,23,0,440.2,1,11
115,22,1,0,266.6,1,8
116,22,3,0,429.35,1,12
117,22,13,0,232.5,1,7
118,23,1,0,699.05,1,17
119,23,10,0,192.2,1,6
120,23,13,0,323.95,1,9
121,23,15,0,412.3,1,11
122,23,17,0,153.45,1,5
123,23,18,0,116.25,1,4
124,23,21,0,446.4,1,13
125,23,24,0,305.35,1,9
126,24,1,0,903.65,1,24
127,24,13,0,449.5,1,11
128,24,18,0,237.15,1,7
129,24,23,0,305.35,1,9
130,0,2,0,161.2,1,6
131,0,3,0,353.4,1,10
132,0,4,0,285.2,1,9
133,0,5,0,474.3,1,13
134,0,6,0,246.45,1,8
135,0,8,0,427.8,1,12
136,0,9,0,379.75,1,11
137,0,10,0,931.55,1,25
138,0,11,0,158.1,1,5
139,0,12,0,401.45,1,11
140,0,14,0,632.4,1,17
141,0,15,0,1063.3,1,28
142,0,16,0,367.35,1,11
143,0,17,0,596.75,1,16
144,0,18,0,717.65,1,19
145,0,19,0,615.35,1,17
146,0,20,0,361.15,1,10
147,0,21,0,444.85,1,13
148,0,22,0,297.6,1,9
149,0,23,0,739.35,1,20
150,0,24,0,957.9,1,25
151,1,7,0,103.85,1,4
152,2,0,0,161.2,1,6
153,2,3,0,480.5,1,13
154,2,4,0,409.2,1,12
155,2,5,0,257.3,1,8
156,2,6,0,110.05,1,4
157,2,8,0,412.3,1,12
158,2,9,0,229.4,1,7
159,2,10,0,872.65,1,23
160,2,11,0,182.9,1,6
161,2,12,0,582.8,1,16
162,2,13,0,390.6,1,11
163,2,14,0,790.5,1,21
164,2,15,0,940.85,1,25
165,2,16,0,475.85,1,13
166,2,17,0,568.85,1,16
167,2,18,0,638.6,1,17
168,2,19,0,643.25,1,17
169,2,20,0,207.7,1,7
170,2,21,0,424.7,1,12
171,2,22,0,308.45,1,9
172,2,23,0,716.1,1,19
173,2,24,0,847.85,1,23
174,3,0,0,353.4,1,10
175,3,2,0,480.5,1,13
176,3,6,0,554.9,1,15
177,3,9,0,685.1,1,18
178,3,10,0,995.1,1,26
179,3,11,0,477.4,1,13
180,3,15,0,1224.5,1,32
181,3,17,0,764.15,1,20
182,3,18,0,833.9,1,22
183,3,20,0,620,1,17
184,3,23,0,888.15,1,23
185,3,24,0,1108.25,1,29
186,4,0,0,285.2,1,9
187,4,2,0,409.2,1,12
188,4,6,0,494.45,1,14
189,4,7,0,75.95,1,3
190,4,8,0,142.6,1,5
191,4,9,0,624.65,1,17
192,4,10,0,838.55,1,22
193,4,11,0,406.1,1,12
194,4,12,0,331.7,1,9
195,4,13,0,427.8,1,12
196,4,14,0,410.75,1,12
197,4,15,0,970.3,1,26
198,4,16,0,147.25,1,5
199,4,17,0,503.75,1,14
200,4,18,0,624.65,1,17
201,4,19,0,390.6,1,11
202,4,20,0,413.85,1,12
203,4,21,0,263.5,1,8
204,4,22,0,204.6,1,7
205,4,23,0,646.35,1,18
206,4,24,0,861.8,1,23
207,5,0,0,474.3,1,13
208,5,2,0,257.3,1,8
209,5,6,0,161.2,1,5
210,5,9,0,198.4,1,6
211,5,11,0,320.85,1,9
212,5,18,0,660.3,1,16
213,5,20,0,178.25,1,6
214,5,23,0,720.75,1,19
215,6,0,0,246.45,1,8
216,6,2,0,110.05,1,4
217,6,3,0,554.9,1,15
218,6,4,0,494.45,1,14
219,6,5,0,161.2,1,5
220,6,8,0,637.05,1,17
221,6,9,0,141.05,1,5
222,6,10,0,939.3,1,25
223,6,11,0,165.85,1,5
224,6,12,0,623.1,1,17
225,6,14,0,840.1,1,22
226,6,15,0,982.7,1,26
227,6,16,0,576.6,1,16
228,6,17,0,615.35,1,17
229,6,18,0,685.1,1,18
230,6,19,0,824.6,1,22
231,6,20,0,243.35,1,7
232,6,21,0,593.65,1,16
233,6,22,0,446.4,1,13
234,6,23,0,761.05,1,20
235,6,24,0,877.3,1,23
236,7,3,0,246.45,1,8
237,7,4,0,75.95,1,3
238,8,0,0,427.8,1,12
239,8,2,0,412.3,1,12
240,8,4,0,142.6,1,5
241,8,6,0,637.05,1,17
242,8,9,0,767.25,1,21
243,8,10,0,714.55,1,19
244,8,11,0,545.6,1,15
245,8,12,0,460.35,1,13
246,8,14,0,328.6,1,10
247,8,15,0,883.5,1,23
248,8,17,0,427.8,1,12
249,8,18,0,542.5,1,15
250,8,19,0,240.25,1,7
251,8,20,0,444.85,1,13
252,8,22,0,203.05,1,7
253,8,23,0,536.3,1,15
254,8,24,0,801.35,1,21
255,9,0,0,379.75,1,11
256,9,2,0,229.4,1,7
257,9,3,0,685.1,1,18
258,9,4,0,624.65,1,17
259,9,5,0,198.4,1,6
260,9,6,0,141.05,1,5
261,9,8,0,767.25,1,21
262,9,10,0,1069.5,1,28
263,9,11,0,297.6,1,8
264,9,12,0,753.3,1,20
265,9,13,0,469.65,1,12
266,9,14,0,652.55,1,18
267,9,15,0,1112.9,1,29
268,9,16,0,706.8,1,19
269,9,17,0,646.35,1,18
270,9,18,0,711.45,1,18
271,9,19,0,954.8,1,25
272,9,20,0,279,1,8
273,9,21,0,723.85,1,19
274,9,22,0,576.6,1,16
275,9,23,0,891.25,1,24
276,9,24,0,1019.9,1,27
277,10,0,0,931.55,1,25
278,10,2,0,872.65,1,23
279,10,3,0,995.1,1,26
280,10,4,0,838.55,1,22
281,10,6,0,939.3,1,25
282,10,8,0,714.55,1,19
283,10,9,0,1069.5,1,28
284,10,11,0,1133.05,1,30
285,10,12,0,1086.55,1,28
286,10,13,0,483.6,1,12
287,10,14,0,970.3,1,26
288,10,15,0,224.75,1,7
289,10,16,0,872.65,1,23
290,10,17,0,334.8,1,9
291,10,18,0,306.9,1,9
292,10,19,0,909.85,1,24
293,10,20,0,714.55,1,19
294,10,21,0,623.1,1,16
295,10,22,0,623.1,1,17
296,10,24,0,286.75,1,8
297,11,0,0,158.1,1,5
298,11,2,0,182.9,1,6
299,11,3,0,477.4,1,13
300,11,4,0,406.1,1,12
301,11,5,0,320.85,1,9
302,11,6,0,165.85,1,5
303,11,8,0,545.6,1,15
304,11,9,0,297.6,1,9
305,11,10,0,1133.05,1,30
306,11,12,0,523.9,1,14
307,11,14,0,770.35,1,21
308,11,15,0,1112.9,1,29
309,11,16,0,488.25,1,14
310,11,17,0,798.25,1,21
311,11,18,0,832.35,1,21
312,11,19,0,748.65,1,20
313,11,20,0,406.1,1,11
314,11,21,0,649.45,1,18
315,11,22,0,499.1,1,14
316,11,23,0,852.5,1,23
317,11,24,0,1021.45,1,27
318,12,0,0,401.45,1,11
319,12,2,0,582.8,1,16
320,12,4,0,331.7,1,10
321,12,6,0,623.1,1,17
322,12,8,0,460.35,1,13
323,12,9,0,753.3,1,20
324,12,10,0,1086.55,1,28
325,12,11,0,523.9,1,14
326,12,13,0,776.55,1,20
327,12,14,0,550.25,1,15
328,12,15,0,1233.8,1,32
329,12,16,0,296.05,1,9
330,12,17,0,776.55,1,21
331,12,18,0,1038.5,1,27
332,12,19,0,523.9,1,14
333,12,20,0,637.05,1,17
334,12,21,0,554.9,1,15
335,12,22,0,556.45,1,15
336,12,23,0,919.15,1,24
337,12,24,0,1137.7,1,30
338,13,2,0,390.6,1,11
339,13,4,0,427.8,1,12
340,13,8,0,415.4,1,11
341,13,9,0,469.65,1,12
342,13,14,0,655.65,1,17
343,13,16,0,530.1,1,14
344,14,0,0,632.4,1,17
345,14,2,0,790.5,1,21
346,14,4,0,410.75,1,12
347,14,6,0,840.1,1,22
348,14,8,0,328.6,1,10
349,14,9,0,652.55,1,18
350,14,10,0,970.3,1,26
351,14,11,0,770.35,1,21
352,14,12,0,550.25,1,15
353,14,13,0,655.65,1,17
354,14,15,0,1106.7,1,28
355,14,16,0,272.8,1,8
356,14,17,0,671.15,1,18
357,14,18,0,798.25,1,20
358,14,20,0,852.5,1,23
359,14,22,0,527,1,15
360,14,23,0,818.4,1,20
361,14,24,0,995.1,1,26
362,15,0,0,1063.3,1,28
363,15,2,0,940.85,1,25
364,15,3,0,1224.5,1,32
365,15,4,0,970.3,1,26
366,15,6,0,982.7,1,26
367,15,8,0,883.5,1,23
368,15,9,0,1112.9,1,29
369,15,10,0,224.75,1,7
370,15,11,0,1112.9,1,29
371,15,12,0,1233.8,1,32
372,15,14,0,1106.7,1,28
373,15,16,0,1027.65,1,27
374,15,17,0,454.15,1,12
375,15,19,0,1023,1,27
376,15,20,0,757.95,1,19
377,15,22,0,733.15,1,19
378,15,24,0,110.05,1,4
379,16,0,0,367.35,1,11
380,16,2,0,475.85,1,13
381,16,4,0,147.25,1,5
382,16,6,0,576.6,1,16
383,16,7,0,155,1,5
384,16,9,0,706.8,1,19
385,16,10,0,872.65,1,23
386,16,11,0,488.25,1,14
387,16,12,0,296.05,1,8
388,16,14,0,272.8,1,8
389,16,15,0,1027.65,1,27
390,16,17,0,570.4,1,16
391,16,18,0,686.65,1,19
392,16,19,0,251.1,1,7
393,16,20,0,525.45,1,15
394,16,22,0,302.25,1,9
395,16,23,0,692.85,1,19
396,16,24,0,951.7,1,25
397,17,0,0,596.75,1,16
398,17,2,0,568.85,1,16
399,17,3,0,764.15,1,20
400,17,4,0,503.75,1,14
401,17,5,0,530.1,1,14
402,17,6,0,615.35,1,17
403,17,8,0,427.8,1,12
404,17,9,0,649.45,1,18
405,17,10,0,334.8,1,10
406,17,11,0,798.25,1,21
407,17,12,0,776.55,1,21
408,17,14,0,671.15,1,17
409,17,15,0,454.15,1,12
410,17,16,0,570.4,1,16
411,17,19,0,581.25,1,16
412,17,20,0,373.55,1,10
413,17,22,0,294.5,1,8
414,17,23,0,153.45,1,5
415,17,24,0,362.7,1,10
416,18,0,0,719.2,1,19
417,18,2,0,638.6,1,17
418,18,3,0,833.9,1,22
419,18,4,0,624.65,1,17
420,18,5,0,660.3,1,16
421,18,6,0,685.1,1,18
422,18,8,0,542.5,1,15
423,18,9,0,711.45,1,18
424,18,11,0,832.35,1,21
425,18,12,0,1038.5,1,27
426,18,14,0,798.25,1,21
427,18,16,0,686.65,1,19
428,18,20,0,438.65,1,12
429,19,0,0,615.35,1,17
430,19,2,0,643.25,1,17
431,19,4,0,390.6,1,11
432,19,6,0,824.6,1,22
433,19,9,0,954.8,1,25
434,19,10,0,909.85,1,24
435,19,11,0,748.65,1,20
436,19,12,0,523.9,1,14
437,19,13,0,565.75,1,14
438,19,15,0,1023,1,27
439,19,16,0,251.1,1,7
440,19,17,0,581.25,1,16
441,19,18,0,709.9,1,18
442,19,20,0,764.15,1,20
443,19,22,0,437.1,1,12
444,19,23,0,728.5,1,18
445,19,24,0,942.4,1,25
446,20,0,0,361.15,1,10
447,20,2,0,207.7,1,7
448,20,3,0,620,1,17
449,20,4,0,413.85,1,12
450,20,5,0,178.25,1,6
451,20,6,0,243.35,1,7
452,20,8,0,444.85,1,13
453,20,9,0,279,1,8
454,20,10,0,714.55,1,19
455,20,11,0,406.1,1,11
456,20,12,0,637.05,1,17
457,20,14,0,878.85,1,23
458,20,15,0,757.95,1,19
459,20,16,0,525.45,1,15
460,20,17,0,373.55,1,11
461,20,18,0,438.65,1,12
462,20,19,0,764.15,1,20
463,20,21,0,466.55,1,13
464,20,22,0,272.8,1,8
465,20,24,0,641.7,1,17
466,21,0,0,444.85,1,13
467,21,2,0,424.7,1,12
468,21,4,0,263.5,1,8
469,21,6,0,593.65,1,16
470,21,9,0,723.85,1,19
471,21,10,0,623.1,1,16
472,21,11,0,646.35,1,18
473,21,12,0,554.9,1,15
474,21,16,0,305.35,1,9
475,21,20,0,466.55,1,13
476,21,22,0,142.6,1,5
477,21,24,0,651,1,18
478,22,0,0,297.6,1,9
479,22,2,0,308.45,1,10
480,22,4,0,204.6,1,7
481,22,6,0,446.4,1,13
482,22,8,0,203.05,1,6
483,22,9,0,576.6,1,16
484,22,10,0,623.1,1,17
485,22,11,0,499.1,1,14
486,22,12,0,556.45,1,15
487,22,14,0,527,1,15
488,22,15,0,733.15,1,19
489,22,16,0,302.25,1,9
490,22,17,0,294.5,1,8
491,22,18,0,404.55,1,10
492,22,19,0,437.1,1,12
493,22,20,0,272.8,1,9
494,22,21,0,142.6,1,5
495,22,23,0,432.45,1,11
496,22,24,0,643.25,1,17
497,23,0,0,739.35,1,20
498,23,2,0,716.1,1,19
499,23,3,0,888.15,1,23
500,23,4,0,646.35,1,18
501,23,6,0,761.05,1,20
502,23,8,0,536.3,1,15
503,23,9,0,891.25,1,24
504,23,11,0,852.5,1,23
505,23,12,0,919.15,1,24
506,23,14,0,818.4,1,20
507,23,16,0,692.85,1,19
508,23,19,0,728.5,1,18
509,23,20,0,522.35,1,14
510,23,22,0,432.45,1,11
511,24,0,0,957.9,1,25
512,24,2,0,847.85,1,23
513,24,3,0,1108.25,1,29
514,24,4,0,861.8,1,23
515,24,6,0,877.3,1,23
516,24,8,0,801.35,1,21
517,24,9,0,1019.9,1,27
518,24,10,0,286.75,1,8
519,24,11,0,1021.45,1,27
520,24,12,0,1137.7,1,30
521,24,14,0,995.1,1,26
522,24,15,0,110.05,1,4
523,24,16,0,951.7,1,25
524,24,17,0,362.7,1,10
525,24,19,0,942.4,1,25
526,24,20,0,641.7,1,17
527,24,21,0,651,1,16
528,24,22,0,643.25,1,17
PATHS,600
Index,Shipment origin,Shipment destination,1st terminal on path,2nd terminal on path,.....,6th terminal on path
0,0,1,0,1
1,0,2,0,1,2
2,0,3,0,1,3
3,0,4,0,1,4
4,0,5,0,1,5
5,0,6,0,1,6
6,0,7,0,1,7
7,0,8,0,1,8
8,0,9,0,1,9
9,0,10,0,1,10
10,0,11,0,1,11
11,0,12,0,1,12
12,0,13,0,1,13
13,0,14,0,1,14
14,0,15,0,1,15
15,0,16,0,1,16
16,0,17,0,1,17
17,0,18,0,1,18
18,0,19,0,1,19
19,0,20,0,1,20
20,0,21,0,1,21
21,0,22,0,1,22
22,0,23,0,1,23
23,0,24,0,1,24
24,1,0,1,0
25,1,2,1,2
26,1,3,1,3
27,1,4,1,4
28,1,5,1,5
29,1,6,1,6
30,1,7,1,7
31,1,8,1,8
32,1,9,1,9
33,1,10,1,10
34,1,11,1,11
35,1,12,1,12
36,1,13,1,13
37,1,14,1,14
38,1,15,1,15
39,1,16,1,16
40,1,17,1,17
41,1,18,1,18
42,1,19,1,19
43,1,20,1,20
44,1,21,1,21
45,1,22,1,22
46,1,23,1,23
47,1,24,1,24
48,2,0,2,1,0
49,2,1,2,1
50,2,3,2,1,3
51,2,4,2,1,4
52,2,5,2,1,5
53,2,6,2,1,6
54,2,8,2,1,8
55,2,7,2,1,7
56,2,9,2,1,9
57,2,10,2,1,10
58,2,11,2,1,11
59,2,12,2,1,12
60,2,13,2,1,13
61,2,14,2,1,14
62,2,15,2,1,15
63,2,16,2,1,16
64,2,17,2,1,17
65,2,18,2,1,18
66,2,19,2,1,19
67,2,20,2,1,20
68,2,21,2,1,21
69,2,22,2,1,22
70,2,23,2,1,23
71,2,24,2,1,24
72,3,0,3,1,0
73,3,1,3,1
74,3,2,3,1,2
75,3,4,3,4
76,3,5,3,1,5
77,3,6,3,1,6
78,3,7,3,1,7
79,3,8,3,8
80,3,9,3,1,9
81,3,10,3,13,10
82,3,11,3,1,11
83,3,12,3,12
84,3,13,3,13
85,3,14,3,14
86,3,15,3,13,15
87,3,16,3,16
88,3,17,3,13,17
89,3,18,3,13,18
90,3,19,3,19
91,3,20,3,1,20
92,3,21,3,21
93,3,22,3,22
94,3,23,3,21,23
95,3,24,3,13,24
96,4,0,4,1,0
97,4,1,4,1
98,4,2,4,1,2
99,4,3,4,3
100,4,5,4,1,5
101,4,6,4,1,6
102,4,7,4,1,7
103,4,8,4,1,8
104,4,9,4,1,9
105,4,10,4,1,10
106,4,11,4,1,11
107,4,12,4,3,12
108,4,13,4,1,13
109,4,14,4,3,14
110,4,15,4,1,15
111,4,16,4,3,16
112,4,17,4,1,17
113,4,18,4,1,18
114,4,19,4,3,19
115,4,20,4,1,20
116,4,21,4,1,21
117,4,22,4,1,22
118,4,23,4,1,23
119,4,24,4,1,24
120,5,0,5,1,0
121,5,1,5,1
122,5,2,5,1,2
123,5,3,5,1,3
124,5,4,5,1,4
125,5,6,5,1,6
126,5,7,5,1,7
127,5,8,5,1,8
128,5,9,5,1,9
129,5,10,5,13,10
130,5,11,5,1,11
131,5,12,5,1,12
132,5,13,5,13
133,5,14,5,1,14
134,5,15,5,13,15
135,5,16,5,1,16
136,5,17,5,13,17
137,5,18,5,13,18
138,5,19,5,13,21,19
139,5,20,5,13,20
140,5,21,5,13,21
141,5,22,5,1,22
142,5,23,5,13,23
143,5,24,5,13,24
144,6,0,6,1,0
145,6,1,6,1
146,6,2,6,1,2
147,6,3,6,1,3
148,6,4,6,1,4
149,6,5,6,1,5
150,6,7,6,1,7
151,6,8,6,1,8
152,6,9,6,1,9
153,6,10,6,1,10
154,6,11,6,1,11
155,6,12,6,1,12
156,6,13,6,1,13
157,6,14,6,1,14
158,6,15,6,1,15
159,6,16,6,1,16
160,6,17,6,1,17
161,6,18,6,1,18
162,6,19,6,1,19
163,6,20,6,1,20
164,6,21,6,1,21
165,6,22,6,1,22
166,6,23,6,1,23
167,6,24,6,1,24
168,7,0,7,1,0
169,7,1,7,1
170,7,2,7,1,2
171,7,3,7,3
172,7,4,7,4
173,7,5,7,1,5
174,7,6,7,3,6
175,7,8,7,3,8
176,7,9,7,1,9
177,7,10,7,1,9
178,7,11,7,3,11
179,7,12,7,4,12
180,7,13,7,4,13
181,7,14,7,4,14
182,7,15,7,4,15
183,7,16,7,4,16
184,7,17,7,1,17
185,7,18,7,1,18
186,7,19,7,1,19
187,7,20,7,1,20
188,7,21,7,1,21
189,7,22,7,1,22
190,7,23,7,1,23
191,7,24,7,1,24
192,8,0,8,1,0
193,8,1,8,1
194,8,2,8,1,2
195,8,3,8,3
196,8,4,8,1,4
197,8,5,8,1,5
198,8,6,8,1,6
199,8,7,8,1,7
200,8,9,8,1,9
201,8,10,8,21,23,10
202,8,11,8,1,11
203,8,12,8,3,12
204,8,13,8,21,13
205,8,14,8,21,14
206,8,15,8,21,13,15
207,8,16,8,3,16
208,8,17,8,21,17
209,8,18,8,21,18
210,8,19,8,21,19
211,8,20,8,1,20
212,8,21,8,21
213,8,22,8,1,22
214,8,23,8,21,23
215,8,24,8,21,13,24
216,9,0,9,1,0
217,9,1,9,1
218,9,2,9,1,2
219,9,3,9,1,3
220,9,4,9,1,4
221,9,5,9,1,5
222,9,6,9,1,6
223,9,7,9,1,7
224,9,8,9,1,8
225,9,10,9,1,10
226,9,11,9,1,11
227,9,12,9,1,12
228,9,13,9,1,13
229,9,14,9,1,14
230,9,15,9,1,15
231,9,16,9,1,16
232,9,17,9,1,17
233,9,18,9,1,18
234,9,19,9,1,19
235,9,20,9,1,20
236,9,21,9,1,21
237,9,22,9,1,22
238,9,23,9,1,23
239,9,24,9,1,24
240,10,0,10,1,0
241,10,1,10,1
242,10,2,10,1,2
243,10,3,10,1,3
244,10,4,10,1,4
245,10,5,10,23,13,5
246,10,6,10,23,13,6
247,10,7,10,1,7
248,10,8,10,23,21,8
249,10,9,10,1,9
250,10,11,10,1,11
251,10,12,10,1,12
252,10,13,10,23,13
253,10,14,10,23,21,14
254,10,15,10,23,15
255,10,16,10,1,16
256,10,17,10,23,17
257,10,18,10,23,18
258,10,19,10,23,21,19
259,10,20,10,23,13,20
260,10,21,10,23,21
261,10,22,10,23,22
262,10,23,10,23
263,10,24,10,23,24
264,11,0,11,1,0
265,11,1,11,1
266,11,2,11,1,2
267,11,3,11,1,3
268,11,4,11,1,4
269,11,5,11,1,5
270,11,6,11,1,6
271,11,7,11,1,7
272,11,8,11,1,8
273,11,9,11,1,9
274,11,10,11,13,10
275,11,12,11,1,12
276,11,13,11,13
277,11,14,11,1,14
278,11,15,11,13,15
279,11,16,11,1,16
280,11,17,11,13,17
281,11,18,11,13,18
282,11,19,11,1,19
283,11,20,11,1,20
284,11,21,11,1,21
285,11,22,11,1,22
286,11,23,11,13,23
287,11,24,11,13,24
288,12,0,12,1,0
289,12,1,12,1
290,12,2,12,1,2
291,12,3,12,3
292,12,4,12,3,4
293,12,5,12,1,5
294,12,6,12,1,6
295,12,7,12,1,7
296,12,8,12,3,8
297,12,9,12,1,9
298,12,10,12,1,10
299,12,11,12,1,11
300,12,13,12,3,13
301,12,14,12,3,14
302,12,15,12,1,15
303,12,16,12,3,16
304,12,17,12,1,17
305,12,18,12,1,18
306,12,19,12,3,19
307,12,20,12,1,20
308,12,21,12,3,21
309,12,22,12,3,22
310,12,23,12,1,23
311,12,24,12,1,24
312,13,0,13,1,0
313,13,1,13,1
314,13,2,13,1,2
315,13,3,13,3
316,13,4,13,4
317,13,5,13,5
318,13,6,13,6
319,13,7,13,1,7
320,13,8,13,21,8
321,13,9,13,1,9
322,13,10,13,10
323,13,11,13,11
324,13,12,13,3,12
325,13,14,13,21,14
326,13,15,13,15
327,13,16,13,1,16
328,13,17,13,17
329,13,18,13,18
330,13,19,13,21,19
331,13,20,13,20
332,13,21,13,21
333,13,22,13,22
334,13,23,13,23
335,13,24,13,24
336,14,0,14,1,0
337,14,1,14,1
338,14,2,14,1,2
339,14,3,14,3
340,14,4,14,3,4
341,14,5,14,1,5
342,14,6,14,1,6
343,14,7,14,1,7
344,14,8,14,3,8
345,14,9,14,1,9
346,14,10,14,21,23,10
347,14,11,14,1,11
348,14,12,14,3,12
349,14,13,14,21,13
350,14,15,14,21,13,15
351,14,16,14,3,16
352,14,17,14,21,17
353,14,18,14,21,18
354,14,19,14,1,19
355,14,20,14,1,20
356,14,21,14,21
357,14,22,14,1,22
358,14,23,14,21,23
359,14,24,14,21,13,24
360,15,0,15,1,0
361,15,1,15,1
362,15,2,15,1,2
363,15,3,15,13,3
364,15,4,15,1,4
365,15,5,15,13,5
366,15,6,15,13,6
367,15,7,15,1,7
368,15,8,15,21,8
369,15,9,15,1,9
370,15,10,15,10
371,15,11,15,1,11
372,15,12,15,1,12
373,15,13,15,13
374,15,14,15,21,14
375,15,16,15,1,16
376,15,17,15,17
377,15,18,15,18
378,15,19,15,21,19
379,15,20,15,13,20
380,15,21,15,21
381,15,22,15,13,22
382,15,23,15,23
383,15,24,15,24
384,16,0,16,1,0
385,16,1,16,1
386,16,2,16,1,2
387,16,3,16,3
388,16,4,16,3,4
389,16,5,16,1,5
390,16,6,16,1,6
391,16,7,16,1,7
392,16,8,16,3,8
393,16,9,16,1,9
394,16,10,16,13,10
395,16,11,16,1,11
396,16,12,16,3,12
397,16,13,16,13
398,16,14,16,3,14
399,16,15,16,13,15
400,16,17,16,13,17
401,16,18,16,13,18
402,16,19,16,3,19
403,16,20,16,1,20
404,16,21,16,21
405,16,22,16,3,22
406,16,23,16,13,23
407,16,24,16,13,24
408,17,0,17,1,0
409,17,1,17,1
410,17,2,17,1,2
411,17,3,17,13,3
412,17,4,17,1,4
413,17,5,17,13,5
414,17,6,17,13,6
415,17,7,17,1,7
416,17,8,17,21,8
417,17,9,17,1,9
418,17,10,17,13,10
419,17,11,17,1,11
420,17,12,17,1,12
421,17,13,17,13
422,17,14,17,21,14
423,17,15,17,13,15
424,17,16,17,1,16
425,17,18,17,18
426,17,19,17,21,19
427,17,20,17,13,20
428,17,21,17,21
429,17,22,17,13,22
430,17,23,17,13,23
431,17,24,17,13,24
432,18,0,18,1,0
433,18,1,18,1
434,18,2,18,1,2
435,18,3,18,13,3
436,18,4,18,1,4
437,18,5,18,13,5
438,18,6,18,13,6
439,18,7,18,1,7
440,18,8,18,21,8
441,18,9,18,13,1,9
442,18,10,18,10
443,18,11,18,1,11
444,18,12,18,1,12
445,18,13,18,13
446,18,14,18,21,14
447,18,15,18,15
448,18,16,18,1,16
449,18,17,18,17
450,18,19,18,21,19
451,18,20,18,13,20
452,18,21,18,21
453,18,22,18,13,22
454,18,23,18,23
455,18,24,18,24
456,19,0,19,1,0
457,19,1,19,1
458,19,2,19,1,2
459,19,3,19,3
460,19,4,19,3,4
461,19,5,19,1,5
462,19,6,19,1,6
463,19,7,19,1,7
464,19,8,19,21,8
465,19,9,19,1,9
466,19,10,19,1,10
467,19,11,19,1,11
468,19,12,19,3,12
469,19,13,19,21,13
470,19,14,19,1,14
471,19,15,19,21,13,15
472,19,16,19,3,16
473,19,17,19,21,17
474,19,18,19,21,18
475,19,20,19,1,20
476,19,21,19,21
477,19,22,19,1,22
478,19,23,19,21,23
479,19,24,19,21,13,24
480,20,0,20,1,0
481,20,1,20,1
482,20,2,20,1,2
483,20,3,20,1,3
484,20,4,20,1,4
485,20,5,20,1,5
486,20,6,20,1,6
487,20,7,20,1,7
488,20,8,20,1,8
489,20,9,20,1,9
490,20,10,20,13,10
491,20,11,20,1,11
492,20,12,20,1,12
493,20,13,20,13
494,20,14,20,1,14
495,20,15,20,13,15
496,20,16,20,1,16
497,20,17,20,13,17
498,20,18,20,13,18
499,20,19,20,1,19
500,20,21,20,1,21
501,20,22,20,13,22
502,20,23,20,13,23
503,20,24,20,13,24
504,21,0,21,1,0
505,21,1,21,1
506,21,2,21,1,2
507,21,3,21,3
508,21,4,21,1,4
509,21,5,21,13,5
510,21,6,21,13,6
511,21,7,21,1,7
512,21,8,21,8
513,21,9,21,1,9
514,21,10,21,23,10
515,21,11,21,1,11
516,21,12,21,3,12
517,21,13,21,13
518,21,14,21,14
519,21,15,21,13,15
520,21,16,21,3,16
521,21,17,21,17
522,21,18,21,18
523,21,19,21,19
524,21,20,21,1,20
525,21,22,21,1,22
526,21,23,21,23
527,21,24,21,13,24
528,22,0,22,1,0
529,22,1,22,1
530,22,2,22,1,2
531,22,3,22,3
532,22,4,22,1,4
533,22,5,22,13,5
534,22,6,22,1,6
535,22,7,22,1,7
536,22,8,22,1,8
537,22,9,22,1,9
538,22,10,22,13,10
539,22,11,22,1,11
540,22,12,22,3,12
541,22,13,22,13
542,22,14,22,1,14
543,22,15,22,13,15
544,22,16,22,1,16
545,22,17,22,13,17
546,22,18,22,13,18
547,22,19,22,1,19
548,22,20,22,13,20
549,22,21,22,1,21
550,22,23,22,13,23
551,22,24,22,13,24
552,23,0,23,1,0
553,23,1,23,1
554,23,2,23,1,2
555,23,3,23,1,3
556,23,4,23,1,4
557,23,5,23,13,5
558,23,6,23,13,6
559,23,7,23,1,7
560,23,8,23,21,8
561,23,9,23,1,9
562,23,10,23,10
563,23,11,23,1,11
564,23,12,23,1,12
565,23,13,23,13
566,23,14,23,21,14
567,23,15,23,15
568,23,16,23,1,16
569,23,17,23,17
570,23,18,23,18
571,23,19,23,21,19
572,23,20,23,13,20
573,23,21,23,21
574,23,22,23,22
575,23,24,23,24
576,24,0,24,1,0
577,24,1,24,1
578,24,2,24,1,2
579,24,3,24,13,3
580,24,4,24,1,4
581,24,5,24,13,5
582,24,6,24,13,6
583,24,7,24,1,7
584,24,8,24,18,21,8
585,24,9,24,13,1,9
586,24,10,24,23,10
587,24,11,24,13,11
588,24,12,24,1,12
589,24,13,24,13
590,24,14,24,18,21,14
591,24,15,24,15
592,24,16,24,1,16
593,24,17,24,13,17
594,24,18,24,18
595,24,19,24,18,21,19
596,24,20,24,13,20
597,24,21,24,18,21
598,24,22,24,13,22
599,24,23,24,23
COMMODITIES,500
Index,Origin,Destination,Demand/Size,Earliest available time,Latest delivery time
0,19,8,0.443863,40,125
1,22,6,0.307515,184,273
2,14,9,0.529117,86,186
3,24,17,0.7408,40,129
4,5,16,0.373454,86,181
5,3,23,0.31267,90,187
6,18,23,0.365241,134,210
7,17,23,0.858994,42,129
8,13,15,0.199632,182,268
9,0,16,0.771622,42,127
10,5,23,0.885311,138,229
11,12,15,0.434624,38,144
12,16,9,0.258653,42,134
13,17,15,0.198158,136,228
14,5,23,0.749316,184,275
15,22,6,0.294596,90,179
16,3,6,0.387042,88,177
17,14,0,0.884186,184,277
18,4,17,0.00542657,138,232
19,12,16,0.657895,90,172
20,16,8,0.229053,40,126
21,8,23,0.257431,42,130
22,24,13,0.241476,88,171
23,8,5,0.0367473,90,186
24,16,20,0.196569,40,130
25,22,20,0.478396,138,223
26,11,24,0.187621,88,187
27,23,15,0.788751,42,125
28,10,19,0.450868,38,137
29,9,12,0.00454545,86,180
30,24,11,0.703859,182,282
31,10,1,0.215197,184,279
32,15,24,0.898558,134,210
33,22,2,0.585688,184,271
34,17,1,0.0556932,86,172
35,6,22,0.0280023,88,177
36,18,3,0.825226,40,141
37,19,21,0.635922,186,266
38,3,11,0.443175,90,178
39,11,8,0.369847,186,275
40,22,18,0.731996,88,174
41,16,9,0.268277,134,226
42,13,14,0.254852,88,178
43,4,1,0.101439,186,264
44,0,6,0.123747,138,224
45,11,10,0.287248,40,140
46,0,15,0.465827,184,285
47,12,2,0.244314,42,131
48,19,9,0.204591,88,185
49,3,17,0.136918,86,184
50,24,16,0.0209816,184,288
51,24,2,0.38982,184,287
52,22,24,0.389519,186,276
53,21,5,0.00454545,40,130
54,11,24,0.209132,86,185
55,24,14,0.168398,40,140
56,13,22,0.0124568,186,265
57,20,23,0.0989307,136,223
58,4,12,0.187042,86,171
59,2,19,0.32105,184,276
60,11,24,0.125388,90,189
61,17,13,0.698118,136,214
62,5,23,0.871236,182,273
63,16,22,0.18476,136,226
64,0,21,0.464768,86,174
65,21,3,0.237115,86,171
66,1,14,0.864192,40,128
67,14,20,0.0994803,186,284
68,23,9,0.617013,136,237
69,24,13,0.97437,38,121
70,2,4,0.0299481,138,223
71,18,21,0.818457,42,125
72,18,12,0.378411,186,285
73,18,8,0.826643,182,270
74,18,3,0.819373,90,191
75,5,19,0.117622,182,280
76,12,16,0.734758,42,124
77,14,16,0.170184,134,222
78,8,2,0.0307548,136,224
79,1,4,0.265341,138,216
80,3,8,0.950553,186,267
81,21,20,0.00702548,42,135
82,22,23,0.565033,40,128
83,16,1,0.552777,184,264
84,16,22,0.328566,186,276
85,2,20,0.901115,42,131
86,13,24,0.281494,42,125
87,23,22,0.207067,138,221
88,3,21,0.921403,40,126
89,2,23,0.0978017,42,139
90,23,14,0.429862,38,133
91,14,5,0.393344,40,143
92,6,22,0.0268433,184,273
93,1,15,0.602086,138,234
94,17,21,0.317118,90,170
95,17,21,0.28877,182,262
96,16,19,0.65854,86,174
97,21,8,0.509931,186,263
98,19,20,0.355871,90,185
99,10,23,0.690289,138,216
100,15,18,0.740801,184,266
101,11,13,0.48087,134,222
102,18,6,0.782965,40,131
103,0,3,0.338255,86,171
104,3,19,0.498705,186,269
105,0,3,0.330498,184,269
106,20,1,0.107173,88,170
107,8,4,0.0083244,40,127
108,5,20,0.303721,90,178
109,8,12,0.238855,86,172
110,22,20,0.538901,184,269
111,14,0,0.737265,138,231
112,3,12,0.881214,88,165
113,21,0,0.0911218,88,176
114,10,8,0.281782,86,182
115,15,20,0.990263,42,136
116,24,16,0.018594,182,286
117,21,17,0.367313,90,170
118,22,12,0.502902,86,175
119,8,4,0.00848122,38,125
120,12,19,0.04921,40,128
121,21,17,0.412199,40,120
122,19,11,0.685581,90,183
123,15,2,0.0130286,88,191
124,22,12,0.466587,136,225
125,6,3,0.238858,42,131
126,21,3,0.167402,40,125
127,20,23,0.0914609,88,175
128,3,12,0.773405,186,263
129,8,19,0.0959126,186,271
130,8,19,0.0878105,184,269
131,22,3,0.131299,184,268
132,6,3,0.256787,88,177
133,5,20,0.336892,136,224
134,15,4,0.183864,134,236
135,2,0,0.0483217,186,270
136,21,1,0.0721734,134,217
137,2,3,0.324194,186,273
138,20,23,0.103645,186,273
139,18,1,0.630282,138,227
140,2,12,0.0554477,138,227
141,5,19,0.116613,136,234
142,16,10,0.029105,38,139
143,21,0,0.0849719,38,126
144,18,4,0.707879,86,181
145,14,4,0.253213,134,225
146,1,10,0.444444,136,234
147,3,20,0.0422191,90,180
148,13,20,0.398164,42,120
149,8,15,0.0400685,88,187
150,17,14,0.00718632,88,178
151,21,0,0.0851427,86,174
152,18,1,0.652044,86,175
153,23,6,0.62385,134,227
154,14,9,0.544422,38,138
155,14,21,0.795139,40,122
156,0,1,0.630279,88,165
157,15,21,0.101831,86,178
158,19,20,0.308673,134,229
159,12,17,0.00619822,138,236
160,13,17,0.198221,42,120
161,2,8,0.508628,184,272
162,0,1,0.74496,40,117
163,20,4,0.00761916,182,270
164,17,8,0.207095,136,221
165,3,8,0.226985,38,119
166,24,14,0.151765,88,188
167,20,2,0.245376,186,275
168,0,5,0.196364,88,180
169,22,0,0.18216,186,271
170,1,12,0.933737,40,122
171,20,0,0.0668578,38,125
172,12,15,0.454923,88,194
173,8,2,0.0357555,134,222
174,10,8,0.289911,136,232
175,14,21,0.817267,90,172
176,19,11,0.70366,182,275
177,19,11,0.713102,136,229
178,8,5,0.0405475,184,280
179,23,16,0.223067,184,281
180,14,18,0.574443,134,229
181,2,1,0.323325,186,265
182,0,23,0.0531815,186,281
183,16,4,0.825136,134,219
184,16,3,0.38303,184,261
185,13,20,0.381784,90,168
186,6,3,0.248239,184,273
187,24,22,0.623288,184,274
188,12,9,0.237049,182,276
189,15,17,0.979596,88,172
190,15,21,0.255838,182,274
191,9,12,0.00454545,134,228
192,24,15,0.0503267,138,214
193,1,11,0.920939,184,264
194,3,24,0.904499,90,193
195,8,4,0.00787505,90,177
196,20,3,0.378151,88,178
197,17,24,0.64724,38,127
198,19,16,0.105536,38,126
199,14,17,0.0815406,138,228
200,16,9,0.261431,136,228
201,22,19,0.132855,138,231
202,19,20,0.304897,184,279
203,22,6,0.302039,86,175
204,0,18,0.93183,138,233
205,19,21,0.737663,184,264
206,10,21,0.0415245,184,275
207,8,4,0.00818034,86,173
208,14,5,0.369779,182,285
209,2,22,0.2128,136,223
210,4,6,0.0695735,88,175
211,11,19,0.309288,38,131
212,15,23,0.780084,38,121
213,19,17,0.295836,90,178
214,5,20,0.318257,186,274
215,10,24,0.831825,40,127
216,4,15,0.262983,88,190
217,18,15,0.392448,86,168
218,11,22,0.778182,136,224
219,5,23,0.84095,40,131
220,20,13,0.334884,136,214
221,0,10,0.495753,182,285
222,14,1,0.842757,90,178
223,1,18,0.103569,42,132
224,15,19,0.820196,40,140
225,3,4,0.229996,138,218
226,13,23,0.343681,88,169
227,15,1,0.0156503,38,134
228,24,20,0.149903,42,131
229,14,1,0.524931,134,222
230,20,16,0.0136941,40,130
231,3,2,0.974344,182,269
232,0,3,0.345745,88,173
233,23,16,0.194079,86,183
234,17,9,0.353373,86,184
235,14,15,0.919602,42,146
236,0,23,0.066784,138,233
237,23,8,0.264735,186,276
238,2,8,0.528991,186,274
239,0,3,0.358868,40,125
240,16,9,0.229555,138,230
241,16,10,0.0299825,88,189
242,23,16,0.210189,134,231
243,22,5,0.435673,138,227
244,3,12,0.192585,40,117
245,12,14,0.0400742,40,128
246,2,17,0.116865,186,281
247,18,15,0.0147523,136,218
248,6,1,0.150501,86,167
249,0,15,0.499044,186,287
250,6,3,0.251502,40,129
251,6,1,0.710929,88,169
252,16,19,0.630563,136,224
253,4,16,0.488493,38,123
254,14,12,0.176424,88,176
255,24,15,0.182048,136,212
256,3,20,0.0510736,40,130
257,24,0,0.0536513,184,285
258,15,20,0.175527,184,278
259,17,23,0.883864,90,177
260,23,1,0.214525,138,227
261,1,17,0.415843,134,222
262,22,12,0.451505,88,177
263,14,16,0.984505,136,224
264,14,11,0.764546,138,234
265,16,10,0.0272547,86,187
266,2,15,0.23951,42,145
267,3,1,0.576938,88,168
268,19,21,0.710749,40,120
269,4,10,0.0501013,182,286
270,21,8,0.512265,184,261
271,16,10,0.0309923,40,141
272,10,18,0.453223,134,216
273,13,23,0.723996,184,265
274,4,15,0.268121,134,236
275,22,15,0.110058,90,183
276,21,12,0.0138311,136,226
277,10,24,0.862327,138,225
278,14,16,0.00214203,90,178
279,8,17,0.486748,184,269
280,1,6,0.0472017,134,215
281,24,16,0.0204115,38,142
282,2,18,0.0365031,182,279
283,19,13,0.485224,40,128
284,22,19,0.123793,86,179
285,10,23,0.742353,38,116
286,1,24,0.459032,136,232
287,8,14,0.0187977,40,127
288,10,9,0.340471,88,195
289,3,12,0.428737,182,259
290,3,21,0.480467,42,128
291,19,4,0.0681973,86,177
292,16,4,0.816667,182,267
293,16,10,0.0289395,134,235
294,16,9,0.256828,86,178
295,13,15,0.562602,184,270
296,3,11,0.592854,134,222
297,3,13,0.312331,40,132
298,14,22,0.683336,90,186
299,23,24,0.0114732,86,167
300,0,24,0.590144,134,235
301,8,3,0.224924,88,169
302,10,15,0.158314,88,177
303,19,9,0.19541,182,279
304,17,0,0.00911001,40,131
305,4,0,0.157483,184,267
306,17,15,0.323813,134,226
307,15,24,0.701551,42,118
308,13,24,0.894613,38,121
309,13,1,0.0964189,42,127
310,0,16,0.711682,40,125
311,19,4,0.0667187,182,273
312,22,21,0.465852,86,177
313,16,14,0.0614808,184,272
314,11,8,0.447939,40,129
315,11,15,0.0492438,40,142
316,3,20,0.94871,88,178
317,17,15,0.248671,38,130
318,13,1,0.717096,40,125
319,19,3,0.722953,42,125
320,16,19,0.687368,42,130
321,11,19,0.359605,86,179
322,10,3,0.0551969,42,145
323,15,2,0.0120043,86,189
324,18,15,0.00715586,90,172
325,2,12,0.0504541,40,129
326,22,8,0.262933,90,179
327,13,23,0.265827,182,263
328,0,15,0.430328,40,141
329,14,4,0.250505,38,129
330,24,19,0.793712,134,232
331,15,24,0.904039,136,212
332,23,10,0.686254,40,118
333,16,8,0.885051,88,174
334,14,12,0.184576,186,274
335,18,4,0.752305,184,279
336,18,24,0.438939,86,165
337,3,13,0.496855,186,278
338,19,5,0.481774,184,284
339,22,16,0.122072,186,274
340,17,14,0.00729659,38,128
341,14,1,0.553483,136,224
342,20,1,0.849939,138,220
343,11,21,0.313975,90,181
344,10,17,0.198182,186,269
345,15,16,0.42447,90,194
346,17,8,0.174017,40,125
347,14,21,0.76619,134,216
348,24,18,0.776425,134,213
349,16,3,0.944359,86,163
350,4,1,0.527311,182,260
351,3,5,0.848026,90,185
352,14,16,0.016329,182,270
353,22,19,0.136888,90,183
354,3,11,0.551239,138,226
355,14,23,0.435562,182,275
356,23,10,0.773117,134,212
357,1,8,0.358765,90,171
358,19,1,0.292266,182,267
359,22,24,0.434335,88,178
360,12,11,0.20076,38,128
361,4,17,0.00554187,88,182
362,21,8,0.456339,90,167
363,14,17,0.0786811,136,226
364,6,3,0.25135,86,175
365,14,4,0.256674,88,179
366,2,4,0.930219,88,173
367,16,12,0.170932,88,170
368,5,3,0.596481,136,231
369,8,14,0.0160164,184,271
370,6,18,0.0326346,138,237
371,22,18,0.829718,42,128
372,4,10,0.0597786,138,242
373,18,4,0.827056,40,135
374,23,6,0.597891,138,231
375,2,0,0.0518217,38,122
376,22,19,0.128081,134,227
377,14,23,0.422994,40,133
378,1,11,0.393246,88,168
379,18,0,0.2494,184,278
380,11,15,0.986402,184,286
381,1,12,0.398539,38,120
382,21,5,0.00454545,136,226
383,18,24,0.384356,138,217
384,19,1,0.0391499,138,223
385,23,10,0.253665,88,166
386,12,23,0.0641634,38,138
387,15,0,0.414613,90,191
388,1,19,0.166757,90,175
389,3,17,0.139779,138,236
390,20,1,0.343522,40,122
391,23,17,0.446514,186,263
392,23,12,0.32905,138,237
393,20,22,0.254806,42,127
394,17,18,0.272133,88,165
395,3,19,0.595288,40,123
396,6,16,0.38731,136,225
397,21,3,0.347109,186,271
398,21,13,0.780307,90,170
399,12,10,0.810206,86,194
400,22,9,0.203414,182,274
401,16,8,0.675683,42,128
402,5,23,0.779169,38,129
403,18,5,0.966266,182,271
404,18,17,0.27856,134,211
405,2,23,0.10229,88,185
406,23,0,0.683316,38,132
407,17,20,0.2997,90,174
408,18,2,0.417989,42,138
409,13,1,0.569745,182,267
410,17,19,0.7404,42,130
411,10,13,0.76509,38,125
412,11,14,0.47796,184,280
413,18,17,0.878603,90,167
414,10,18,0.500279,42,124
415,14,10,0.17253,40,139
416,20,19,0.460036,86,181
417,16,8,0.0997939,186,272
418,13,20,0.342451,88,166
419,11,24,0.0801992,184,283
420,14,0,0.856131,186,279
421,23,19,0.63306,134,227
422,18,8,0.455878,184,272
423,3,1,0.158119,90,170
424,10,1,0.484347,88,183
425,19,22,0.371301,186,279
426,22,10,0.0717226,138,229
427,19,9,0.195028,186,283
428,24,18,0.00293441,42,121
429,16,5,0.175979,88,183
430,14,20,0.102158,88,186
431,14,12,0.189939,38,126
432,24,14,0.146463,86,186
433,3,8,0.600195,86,167
434,1,18,0.715395,86,176
435,21,19,0.358238,90,170
436,17,23,0.759293,134,221
437,18,8,0.724905,88,176
438,4,15,0.259334,42,144
439,15,20,0.145508,134,228
440,15,16,0.409469,182,286
441,14,17,0.0886796,88,178
442,21,1,0.33608,136,219
443,8,4,0.00810943,88,175
444,22,2,0.676495,182,269
445,22,2,0.685369,88,175
446,12,9,0.222834,134,228
447,8,19,0.0922245,138,223
448,16,18,0.174173,86,182
449,22,16,0.133512,138,226
450,9,12,0.00454545,182,276
451,1,17,0.546017,38,126
452,10,6,0.0819131,38,137
453,2,18,0.0389504,90,187
454,18,10,0.922609,186,268
455,19,2,0.0230412,134,226
456,11,24,0.0480824,138,237
457,17,20,0.298251,86,170
458,24,11,0.626217,86,186
459,20,4,0.00805349,42,130
460,14,2,0.0858328,134,229
461,23,21,0.616792,40,125
462,0,24,0.578278,184,285
463,21,9,0.226997,138,233
464,14,15,0.898547,184,288
465,4,13,0.371945,38,130
466,15,12,0.937448,86,192
467,23,13,0.424088,40,121
468,21,1,0.245529,38,121
469,15,0,0.4308,88,189
470,0,20,0.704339,88,175
471,0,3,0.305192,42,127
472,14,6,0.138939,90,187
473,0,5,0.20337,138,230
474,24,14,0.157279,134,234
475,18,5,0.0346159,138,227
476,6,1,0.927107,90,171
477,8,18,0.18658,40,130
478,2,15,0.336993,184,287
479,10,8,0.289581,90,186
480,8,15,0.0465974,90,189
481,3,12,0.896973,184,261
482,3,24,0.944796,38,141
483,24,19,0.723298,42,140
484,13,22,0.254493,182,261
485,18,24,0.803614,42,121
486,5,20,0.292444,38,126
487,3,23,0.571579,38,135
488,24,18,0.842933,182,261
489,4,17,0.00578676,40,134
490,16,5,0.151989,182,277
491,15,0,0.44697,38,139
492,10,11,0.0429104,134,237
493,18,5,0.057442,38,127
494,19,10,0.263192,88,199
495,13,15,0.271509,186,272
496,19,15,0.515691,42,144
497,19,20,0.304799,182,277
498,21,9,0.2051,86,181
499,6,22,0.0264547,138,227
