NODES,25
INDEX,Name,X-coordinate,Y-coordinate
0,0,-,-
1,1,-,-
2,2,-,-
3,3,-,-
4,4,-,-
5,5,-,-
6,6,-,-
7,7,-,-
8,8,-,-
9,9,-,-
10,10,-,-
11,11,-,-
12,12,-,-
13,13,-,-
14,14,-,-
15,15,-,-
16,16,-,-
17,17,-,-
18,18,-,-
19,19,-,-
20,20,-,-
21,21,-,-
22,22,-,-
23,23,-,-
24,24,-,-
ARCS,529
Index,Origin,Destination,Variable Cost,Fixed Cost,Capacity,Travel time
0,0,1,0,117.8,1,5
1,1,0,0,117.8,1,5
2,1,2,0,234.05,1,7
3,1,3,0,260.4,1,8
4,1,4,0,175.15,1,6
5,1,5,0,486.7,1,15
6,1,6,0,323.95,1,9
7,1,8,0,323.95,1,9
8,1,9,0,447.95,1,12
9,1,10,0,883.5,1,26
10,1,11,0,255.75,1,8
11,1,12,0,387.5,1,10
12,1,13,0,489.8,1,14
13,1,14,0,525.45,1,16
14,1,15,0,1002.85,1,24
15,1,16,0,252.65,1,8
16,1,17,0,545.6,1,16
17,1,18,0,680.45,1,18
18,1,19,0,503.75,1,13
19,1,20,0,358.05,1,10
20,1,21,0,409.2,1,11
21,1,22,0,266.6,1,8
22,1,23,0,699.05,1,18
23,1,24,0,903.65,1,24
24,2,1,0,234.05,1,7
25,3,1,0,260.4,1,8
26,3,4,0,230.95,1,8
27,3,8,0,311.55,1,9
28,3,12,0,144.15,1,5
29,3,13,0,661.85,1,20
30,3,14,0,418.5,1,11
31,3,16,0,151.9,1,5
32,3,19,0,396.8,1,11
33,3,21,0,469.65,1,14
34,3,22,0,429.35,1,13
35,4,1,0,175.15,1,6
36,4,3,0,230.95,1,8
37,5,1,0,486.7,1,15
38,5,13,0,367.35,1,10
39,6,1,0,323.95,1,9
40,6,13,0,430.9,1,11
41,7,1,0,103.85,1,4
42,8,1,0,323.95,1,9
43,8,3,0,311.55,1,9
44,8,13,0,415.4,1,11
45,8,16,0,161.2,1,6
46,8,21,0,158.1,1,5
47,9,1,0,447.95,1,12
48,10,1,0,891.25,1,23
49,10,23,0,192.2,1,6
50,11,1,0,255.75,1,8
51,11,13,0,592.1,1,16
52,12,1,0,387.5,1,10
53,12,3,0,144.15,1,5
54,13,1,0,489.8,1,13
55,13,3,0,669.6,1,22
56,13,5,0,367.35,1,10
57,13,6,0,430.9,1,12
58,13,10,0,483.6,1,12
59,13,11,0,596.75,1,17
60,13,15,0,553.35,1,14
61,13,17,0,176.7,1,6
62,13,18,0,248,1,7
63,13,19,0,573.5,1,16
64,13,20,0,198.4,1,6
65,13,21,0,275.9,1,8
66,13,22,0,232.5,1,7
67,13,23,0,323.95,1,9
68,13,24,0,449.5,1,11
69,14,1,0,525.45,1,16
70,14,3,0,418.5,1,11
71,14,19,0,111.6,1,4
72,14,21,0,384.4,1,10
73,15,1,0,1002.85,1,24
74,15,13,0,553.35,1,16
75,15,18,0,350.3,1,10
76,15,21,0,747.1,1,20
77,15,23,0,412.3,1,11
78,16,1,0,252.65,1,8
79,16,3,0,151.9,1,5
80,16,8,0,161.2,1,6
81,16,13,0,581.25,1,17
82,16,21,0,305.35,1,9
83,17,1,0,544.05,1,14
84,17,13,0,176.7,1,6
85,17,18,0,127.1,1,5
86,17,21,0,292.95,1,8
87,18,1,0,666.5,1,17
88,18,10,0,308.45,1,10
89,18,13,0,248,1,7
90,18,15,0,350.3,1,10
91,18,17,0,127.1,1,5
92,18,19,0,719.2,1,19
93,18,21,0,421.6,1,11
94,18,22,0,421.6,1,13
95,18,23,0,116.25,1,4
96,18,24,0,237.15,1,7
97,19,1,0,503.75,1,13
98,19,3,0,396.8,1,11
99,19,8,0,240.25,1,7
100,19,14,0,111.6,1,4
101,19,21,0,297.6,1,8
102,20,1,0,358.05,1,10
103,20,13,0,198.4,1,6
104,20,23,0,522.35,1,15
105,21,1,0,409.2,1,11
106,21,3,0,458.8,1,13
107,21,8,0,158.1,1,5
108,21,13,0,275.9,1,8
109,21,14,0,384.4,1,10
110,21,15,0,829.25,1,22
111,21,17,0,292.95,1,8
112,21,18,0,420.05,1,13
113,21,19,0,297.6,1,8
114,21,23,0,440.2,1,11
115,22,1,0,266.6,1,8
116,22,3,0,429.35,1,12
117,22,13,0,232.5,1,7
118,23,1,0,699.05,1,17
119,23,10,0,192.2,1,6
120,23,13,0,323.95,1,9
121,23,15,0,412.3,1,11
122,23,17,0,153.45,1,5
123,23,18,0,116.25,1,4
124,23,21,0,446.4,1,13
125,23,24,0,305.35,1,9
126,24,1,0,903.65,1,24
127,24,13,0,449.5,1,11
128,24,18,0,237.15,1,7
129,24,23,0,305.35,1,9
130,0,2,0,161.2,1,6
131,0,3,0,353.4,1,10
132,0,4,0,285.2,1,9
133,0,5,0,474.3,1,13
134,0,6,0,246.45,1,8
135,0,8,0,427.8,1,12
136,0,9,0,379.75,1,11
137,0,10,0,931.55,1,25
138,0,11,0,158.1,1,5
139,0,12,0,401.45,1,11
140,0,14,0,632.4,1,17
141,0,15,0,1063.3,1,28
142,0,16,0,367.35,1,11
143,0,17,0,596.75,1,16
144,0,18,0,717.65,1,19
145,0,19,0,615.35,1,17
146,0,20,0,361.15,1,10
147,0,21,0,444.85,1,13
148,0,22,0,297.6,1,9
149,0,23,0,739.35,1,20
150,0,24,0,957.9,1,25
151,1,7,0,103.85,1,4
152,2,0,0,161.2,1,6
153,2,3,0,480.5,1,13
154,2,4,0,409.2,1,12
155,2,5,0,257.3,1,8
156,2,6,0,110.05,1,4
157,2,8,0,412.3,1,12
158,2,9,0,229.4,1,7
159,2,10,0,872.65,1,23
160,2,11,0,182.9,1,6
161,2,12,0,582.8,1,16
162,2,13,0,390.6,1,11
163,2,14,0,790.5,1,21
164,2,15,0,940.85,1,25
165,2,16,0,475.85,1,13
166,2,17,0,568.85,1,16
167,2,18,0,638.6,1,17
168,2,19,0,643.25,1,17
169,2,20,0,207.7,1,7
170,2,21,0,424.7,1,12
171,2,22,0,308.45,1,9
172,2,23,0,716.1,1,19
173,2,24,0,847.85,1,23
174,3,0,0,353.4,1,10
175,3,2,0,480.5,1,13
176,3,6,0,554.9,1,15
177,3,9,0,685.1,1,18
178,3,10,0,995.1,1,26
179,3,11,0,477.4,1,13
180,3,15,0,1224.5,1,32
181,3,17,0,764.15,1,20
182,3,18,0,833.9,1,22
183,3,20,0,620,1,17
184,3,23,0,888.15,1,23
185,3,24,0,1108.25,1,29
186,4,0,0,285.2,1,9
187,4,2,0,409.2,1,12
188,4,6,0,494.45,1,14
189,4,7,0,75.95,1,3
190,4,8,0,142.6,1,5
191,4,9,0,624.65,1,17
192,4,10,0,838.55,1,22
193,4,11,0,406.1,1,12
194,4,12,0,331.7,1,9
195,4,13,0,427.8,1,12
196,4,14,0,410.75,1,12
197,4,15,0,970.3,1,26
198,4,16,0,147.25,1,5
199,4,17,0,503.75,1,14
200,4,18,0,624.65,1,17
201,4,19,0,390.6,1,11
202,4,20,0,413.85,1,12
203,4,21,0,263.5,1,8
204,4,22,0,204.6,1,7
205,4,23,0,646.35,1,18
206,4,24,0,861.8,1,23
207,5,0,0,474.3,1,13
208,5,2,0,257.3,1,8
209,5,6,0,161.2,1,5
210,5,9,0,198.4,1,6
211,5,11,0,320.85,1,9
212,5,18,0,660.3,1,16
213,5,20,0,178.25,1,6
214,5,23,0,720.75,1,19
215,6,0,0,246.45,1,8
216,6,2,0,110.05,1,4
217,6,3,0,554.9,1,15
218,6,4,0,494.45,1,14
219,6,5,0,161.2,1,5
220,6,8,0,637.05,1,17
221,6,9,0,141.05,1,5
222,6,10,0,939.3,1,25
223,6,11,0,165.85,1,5
224,6,12,0,623.1,1,17
225,6,14,0,840.1,1,22
226,6,15,0,982.7,1,26
227,6,16,0,576.6,1,16
228,6,17,0,615.35,1,17
229,6,18,0,685.1,1,18
230,6,19,0,824.6,1,22
231,6,20,0,243.35,1,7
232,6,21,0,593.65,1,16
233,6,22,0,446.4,1,13
234,6,23,0,761.05,1,20
235,6,24,0,877.3,1,23
236,7,3,0,246.45,1,8
237,7,4,0,75.95,1,3
238,8,0,0,427.8,1,12
239,8,2,0,412.3,1,12
240,8,4,0,142.6,1,5
241,8,6,0,637.05,1,17
242,8,9,0,767.25,1,21
243,8,10,0,714.55,1,19
244,8,11,0,545.6,1,15
245,8,12,0,460.35,1,13
246,8,14,0,328.6,1,10
247,8,15,0,883.5,1,23
248,8,17,0,427.8,1,12
249,8,18,0,542.5,1,15
250,8,19,0,240.25,1,7
251,8,20,0,444.85,1,13
252,8,22,0,203.05,1,7
253,8,23,0,536.3,1,15
254,8,24,0,801.35,1,21
255,9,0,0,379.75,1,11
256,9,2,0,229.4,1,7
257,9,3,0,685.1,1,18
258,9,4,0,624.65,1,17
259,9,5,0,198.4,1,6
260,9,6,0,141.05,1,5
261,9,8,0,767.25,1,21
262,9,10,0,1069.5,1,28
263,9,11,0,297.6,1,8
264,9,12,0,753.3,1,20
265,9,13,0,469.65,1,12
266,9,14,0,652.55,1,18
267,9,15,0,1112.9,1,29
268,9,16,0,706.8,1,19
269,9,17,0,646.35,1,18
270,9,18,0,711.45,1,18
271,9,19,0,954.8,1,25
272,9,20,0,279,1,8
273,9,21,0,723.85,1,19
274,9,22,0,576.6,1,16
275,9,23,0,891.25,1,24
276,9,24,0,1019.9,1,27
277,10,0,0,931.55,1,25
278,10,2,0,872.65,1,23
279,10,3,0,995.1,1,26
280,10,4,0,838.55,1,22
281,10,6,0,939.3,1,25
282,10,8,0,714.55,1,19
283,10,9,0,1069.5,1,28
284,10,11,0,1133.05,1,30
285,10,12,0,1086.55,1,28
286,10,13,0,483.6,1,12
287,10,14,0,970.3,1,26
288,10,15,0,224.75,1,7
289,10,16,0,872.65,1,23
290,10,17,0,334.8,1,9
291,10,18,0,306.9,1,9
292,10,19,0,909.85,1,24
293,10,20,0,714.55,1,19
294,10,21,0,623.1,1,16
295,10,22,0,623.1,1,17
296,10,24,0,286.75,1,8
297,11,0,0,158.1,1,5
298,11,2,0,182.9,1,6
299,11,3,0,477.4,1,13
300,11,4,0,406.1,1,12
301,11,5,0,320.85,1,9
302,11,6,0,165.85,1,5
303,11,8,0,545.6,1,15
304,11,9,0,297.6,1,9
305,11,10,0,1133.05,1,30
306,11,12,0,523.9,1,14
307,11,14,0,770.35,1,21
308,11,15,0,1112.9,1,29
309,11,16,0,488.25,1,14
310,11,17,0,798.25,1,21
311,11,18,0,832.35,1,21
312,11,19,0,748.65,1,20
313,11,20,0,406.1,1,11
314,11,21,0,649.45,1,18
315,11,22,0,499.1,1,14
316,11,23,0,852.5,1,23
317,11,24,0,1021.45,1,27
318,12,0,0,401.45,1,11
319,12,2,0,582.8,1,16
320,12,4,0,331.7,1,10
321,12,6,0,623.1,1,17
322,12,8,0,460.35,1,13
323,12,9,0,753.3,1,20
324,12,10,0,1086.55,1,28
325,12,11,0,523.9,1,14
326,12,13,0,776.55,1,20
327,12,14,0,550.25,1,15
328,12,15,0,1233.8,1,32
329,12,16,0,296.05,1,9
330,12,17,0,776.55,1,21
331,12,18,0,1038.5,1,27
332,12,19,0,523.9,1,14
333,12,20,0,637.05,1,17
334,12,21,0,554.9,1,15
335,12,22,0,556.45,1,15
336,12,23,0,919.15,1,24
337,12,24,0,1137.7,1,30
338,13,2,0,390.6,1,11
339,13,4,0,427.8,1,12
340,13,8,0,415.4,1,11
341,13,9,0,469.65,1,12
342,13,14,0,655.65,1,17
343,13,16,0,530.1,1,14
344,14,0,0,632.4,1,17
345,14,2,0,790.5,1,21
346,14,4,0,410.75,1,12
347,14,6,0,840.1,1,22
348,14,8,0,328.6,1,10
349,14,9,0,652.55,1,18
350,14,10,0,970.3,1,26
351,14,11,0,770.35,1,21
352,14,12,0,550.25,1,15
353,14,13,0,655.65,1,17
354,14,15,0,1106.7,1,28
355,14,16,0,272.8,1,8
356,14,17,0,671.15,1,18
357,14,18,0,798.25,1,20
358,14,20,0,852.5,1,23
359,14,22,0,527,1,15
360,14,23,0,818.4,1,20
361,14,24,0,995.1,1,26
362,15,0,0,1063.3,1,28
363,15,2,0,940.85,1,25
364,15,3,0,1224.5,1,32
365,15,4,0,970.3,1,26
366,15,6,0,982.7,1,26
367,15,8,0,883.5,1,23
368,15,9,0,1112.9,1,29
369,15,10,0,224.75,1,7
370,15,11,0,1112.9,1,29
371,15,12,0,1233.8,1,32
372,15,14,0,1106.7,1,28
373,15,16,0,1027.65,1,27
374,15,17,0,454.15,1,12
375,15,19,0,1023,1,27
376,15,20,0,757.95,1,19
377,15,22,0,733.15,1,19
378,15,24,0,110.05,1,4
379,16,0,0,367.35,1,11
380,16,2,0,475.85,1,13
381,16,4,0,147.25,1,5
382,16,6,0,576.6,1,16
383,16,7,0,155,1,5
384,16,9,0,706.8,1,19
385,16,10,0,872.65,1,23
386,16,11,0,488.25,1,14
387,16,12,0,296.05,1,8
388,16,14,0,272.8,1,8
389,16,15,0,1027.65,1,27
390,16,17,0,570.4,1,16
391,16,18,0,686.65,1,19
392,16,19,0,251.1,1,7
393,16,20,0,525.45,1,15
394,16,22,0,302.25,1,9
395,16,23,0,692.85,1,19
396,16,24,0,951.7,1,25
397,17,0,0,596.75,1,16
398,17,2,0,568.85,1,16
399,17,3,0,764.15,1,20
400,17,4,0,503.75,1,14
401,17,5,0,530.1,1,14
402,17,6,0,615.35,1,17
403,17,8,0,427.8,1,12
404,17,9,0,649.45,1,18
405,17,10,0,334.8,1,10
406,17,11,0,798.25,1,21
407,17,12,0,776.55,1,21
408,17,14,0,671.15,1,17
409,17,15,0,454.15,1,12
410,17,16,0,570.4,1,16
411,17,19,0,581.25,1,16
412,17,20,0,373.55,1,10
413,17,22,0,294.5,1,8
414,17,23,0,153.45,1,5
415,17,24,0,362.7,1,10
416,18,0,0,719.2,1,19
417,18,2,0,638.6,1,17
418,18,3,0,833.9,1,22
419,18,4,0,624.65,1,17
420,18,5,0,660.3,1,16
421,18,6,0,685.1,1,18
422,18,8,0,542.5,1,15
423,18,9,0,711.45,1,18
424,18,11,0,832.35,1,21
425,18,12,0,1038.5,1,27
426,18,14,0,798.25,1,21
427,18,16,0,686.65,1,19
428,18,20,0,438.65,1,12
429,19,0,0,615.35,1,17
430,19,2,0,643.25,1,17
431,19,4,0,390.6,1,11
432,19,6,0,824.6,1,22
433,19,9,0,954.8,1,25
434,19,10,0,909.85,1,24
435,19,11,0,748.65,1,20
436,19,12,0,523.9,1,14
437,19,13,0,565.75,1,14
438,19,15,0,1023,1,27
439,19,16,0,251.1,1,7
440,19,17,0,581.25,1,16
441,19,18,0,709.9,1,18
442,19,20,0,764.15,1,20
443,19,22,0,437.1,1,12
444,19,23,0,728.5,1,18
445,19,24,0,942.4,1,25
446,20,0,0,361.15,1,10
447,20,2,0,207.7,1,7
448,20,3,0,620,1,17
449,20,4,0,413.85,1,12
450,20,5,0,178.25,1,6
451,20,6,0,243.35,1,7
452,20,8,0,444.85,1,13
453,20,9,0,279,1,8
454,20,10,0,714.55,1,19
455,20,11,0,406.1,1,11
456,20,12,0,637.05,1,17
457,20,14,0,878.85,1,23
458,20,15,0,757.95,1,19
459,20,16,0,525.45,1,15
460,20,17,0,373.55,1,11
461,20,18,0,438.65,1,12
462,20,19,0,764.15,1,20
463,20,21,0,466.55,1,13
464,20,22,0,272.8,1,8
465,20,24,0,641.7,1,17
466,21,0,0,444.85,1,13
467,21,2,0,424.7,1,12
468,21,4,0,263.5,1,8
469,21,6,0,593.65,1,16
470,21,9,0,723.85,1,19
471,21,10,0,623.1,1,16
472,21,11,0,646.35,1,18
473,21,12,0,554.9,1,15
474,21,16,0,305.35,1,9
475,21,20,0,466.55,1,13
476,21,22,0,142.6,1,5
477,21,24,0,651,1,18
478,22,0,0,297.6,1,9
479,22,2,0,308.45,1,10
480,22,4,0,204.6,1,7
481,22,6,0,446.4,1,13
482,22,8,0,203.05,1,6
483,22,9,0,576.6,1,16
484,22,10,0,623.1,1,17
485,22,11,0,499.1,1,14
486,22,12,0,556.45,1,15
487,22,14,0,527,1,15
488,22,15,0,733.15,1,19
489,22,16,0,302.25,1,9
490,22,17,0,294.5,1,8
491,22,18,0,404.55,1,10
492,22,19,0,437.1,1,12
493,22,20,0,272.8,1,9
494,22,21,0,142.6,1,5
495,22,23,0,432.45,1,11
496,22,24,0,643.25,1,17
497,23,0,0,739.35,1,20
498,23,2,0,716.1,1,19
499,23,3,0,888.15,1,23
500,23,4,0,646.35,1,18
501,23,6,0,761.05,1,20
502,23,8,0,536.3,1,15
503,23,9,0,891.25,1,24
504,23,11,0,852.5,1,23
505,23,12,0,919.15,1,24
506,23,14,0,818.4,1,20
507,23,16,0,692.85,1,19
508,23,19,0,728.5,1,18
509,23,20,0,522.35,1,14
510,23,22,0,432.45,1,11
511,24,0,0,957.9,1,25
512,24,2,0,847.85,1,23
513,24,3,0,1108.25,1,29
514,24,4,0,861.8,1,23
515,24,6,0,877.3,1,23
516,24,8,0,801.35,1,21
517,24,9,0,1019.9,1,27
518,24,10,0,286.75,1,8
519,24,11,0,1021.45,1,27
520,24,12,0,1137.7,1,30
521,24,14,0,995.1,1,26
522,24,15,0,110.05,1,4
523,24,16,0,951.7,1,25
524,24,17,0,362.7,1,10
525,24,19,0,942.4,1,25
526,24,20,0,641.7,1,17
527,24,21,0,651,1,16
528,24,22,0,643.25,1,17
PATHS,600
Index,Shipment origin,Shipment destination,1st terminal on path,2nd terminal on path,.....,6th terminal on path
0,0,1,0,1
1,0,2,0,1,2
2,0,3,0,1,3
3,0,4,0,1,4
4,0,5,0,1,5
5,0,6,0,1,6
6,0,7,0,1,7
7,0,8,0,1,8
8,0,9,0,1,9
9,0,10,0,1,10
10,0,11,0,1,11
11,0,12,0,1,12
12,0,13,0,1,13
13,0,14,0,1,14
14,0,15,0,1,15
15,0,16,0,1,16
16,0,17,0,1,17
17,0,18,0,1,18
18,0,19,0,1,19
19,0,20,0,1,20
20,0,21,0,1,21
21,0,22,0,1,22
22,0,23,0,1,23
23,0,24,0,1,24
24,1,0,1,0
25,1,2,1,2
26,1,3,1,3
27,1,4,1,4
28,1,5,1,5
29,1,6,1,6
30,1,7,1,7
31,1,8,1,8
32,1,9,1,9
33,1,10,1,10
34,1,11,1,11
35,1,12,1,12
36,1,13,1,13
37,1,14,1,14
38,1,15,1,15
39,1,16,1,16
40,1,17,1,17
41,1,18,1,18
42,1,19,1,19
43,1,20,1,20
44,1,21,1,21
45,1,22,1,22
46,1,23,1,23
47,1,24,1,24
48,2,0,2,1,0
49,2,1,2,1
50,2,3,2,1,3
51,2,4,2,1,4
52,2,5,2,1,5
53,2,6,2,1,6
54,2,8,2,1,8
55,2,7,2,1,7
56,2,9,2,1,9
57,2,10,2,1,10
58,2,11,2,1,11
59,2,12,2,1,12
60,2,13,2,1,13
61,2,14,2,1,14
62,2,15,2,1,15
63,2,16,2,1,16
64,2,17,2,1,17
65,2,18,2,1,18
66,2,19,2,1,19
67,2,20,2,1,20
68,2,21,2,1,21
69,2,22,2,1,22
70,2,23,2,1,23
71,2,24,2,1,24
72,3,0,3,1,0
73,3,1,3,1
74,3,2,3,1,2
75,3,4,3,4
76,3,5,3,1,5
77,3,6,3,1,6
78,3,7,3,1,7
79,3,8,3,8
80,3,9,3,1,9
81,3,10,3,13,10
82,3,11,3,1,11
83,3,12,3,12
84,3,13,3,13
85,3,14,3,14
86,3,15,3,13,15
87,3,16,3,16
88,3,17,3,13,17
89,3,18,3,13,18
90,3,19,3,19
91,3,20,3,1,20
92,3,21,3,21
93,3,22,3,22
94,3,23,3,21,23
95,3,24,3,13,24
96,4,0,4,1,0
97,4,1,4,1
98,4,2,4,1,2
99,4,3,4,3
100,4,5,4,1,5
101,4,6,4,1,6
102,4,7,4,1,7
103,4,8,4,1,8
104,4,9,4,1,9
105,4,10,4,1,10
106,4,11,4,1,11
107,4,12,4,3,12
108,4,13,4,1,13
109,4,14,4,3,14
110,4,15,4,1,15
111,4,16,4,3,16
112,4,17,4,1,17
113,4,18,4,1,18
114,4,19,4,3,19
115,4,20,4,1,20
116,4,21,4,1,21
117,4,22,4,1,22
118,4,23,4,1,23
119,4,24,4,1,24
120,5,0,5,1,0
121,5,1,5,1
122,5,2,5,1,2
123,5,3,5,1,3
124,5,4,5,1,4
125,5,6,5,1,6
126,5,7,5,1,7
127,5,8,5,1,8
128,5,9,5,1,9
129,5,10,5,13,10
130,5,11,5,1,11
131,5,12,5,1,12
132,5,13,5,13
133,5,14,5,1,14
134,5,15,5,13,15
135,5,16,5,1,16
136,5,17,5,13,17
137,5,18,5,13,18
138,5,19,5,13,21,19
139,5,20,5,13,20
140,5,21,5,13,21
141,5,22,5,1,22
142,5,23,5,13,23
143,5,24,5,13,24
144,6,0,6,1,0
145,6,1,6,1
146,6,2,6,1,2
147,6,3,6,1,3
148,6,4,6,1,4
149,6,5,6,1,5
150,6,7,6,1,7
151,6,8,6,1,8
152,6,9,6,1,9
153,6,10,6,1,10
154,6,11,6,1,11
155,6,12,6,1,12
156,6,13,6,1,13
157,6,14,6,1,14
158,6,15,6,1,15
159,6,16,6,1,16
160,6,17,6,1,17
161,6,18,6,1,18
162,6,19,6,1,19
163,6,20,6,1,20
164,6,21,6,1,21
165,6,22,6,1,22
166,6,23,6,1,23
167,6,24,6,1,24
168,7,0,7,1,0
169,7,1,7,1
170,7,2,7,1,2
171,7,3,7,3
172,7,4,7,4
173,7,5,7,1,5
174,7,6,7,3,6
175,7,8,7,3,8
176,7,9,7,1,9
177,7,10,7,1,9
178,7,11,7,3,11
179,7,12,7,4,12
180,7,13,7,4,13
181,7,14,7,4,14
182,7,15,7,4,15
183,7,16,7,4,16
184,7,17,7,1,17
185,7,18,7,1,18
186,7,19,7,1,19
187,7,20,7,1,20
188,7,21,7,1,21
189,7,22,7,1,22
190,7,23,7,1,23
191,7,24,7,1,24
192,8,0,8,1,0
193,8,1,8,1
194,8,2,8,1,2
195,8,3,8,3
196,8,4,8,1,4
197,8,5,8,1,5
198,8,6,8,1,6
199,8,7,8,1,7
200,8,9,8,1,9
201,8,10,8,21,23,10
202,8,11,8,1,11
203,8,12,8,3,12
204,8,13,8,21,13
205,8,14,8,21,14
206,8,15,8,21,13,15
207,8,16,8,3,16
208,8,17,8,21,17
209,8,18,8,21,18
210,8,19,8,21,19
211,8,20,8,1,20
212,8,21,8,21
213,8,22,8,1,22
214,8,23,8,21,23
215,8,24,8,21,13,24
216,9,0,9,1,0
217,9,1,9,1
218,9,2,9,1,2
219,9,3,9,1,3
220,9,4,9,1,4
221,9,5,9,1,5
222,9,6,9,1,6
223,9,7,9,1,7
224,9,8,9,1,8
225,9,10,9,1,10
226,9,11,9,1,11
227,9,12,9,1,12
228,9,13,9,1,13
229,9,14,9,1,14
230,9,15,9,1,15
231,9,16,9,1,16
232,9,17,9,1,17
233,9,18,9,1,18
234,9,19,9,1,19
235,9,20,9,1,20
236,9,21,9,1,21
237,9,22,9,1,22
238,9,23,9,1,23
239,9,24,9,1,24
240,10,0,10,1,0
241,10,1,10,1
242,10,2,10,1,2
243,10,3,10,1,3
244,10,4,10,1,4
245,10,5,10,23,13,5
246,10,6,10,23,13,6
247,10,7,10,1,7
248,10,8,10,23,21,8
249,10,9,10,1,9
250,10,11,10,1,11
251,10,12,10,1,12
252,10,13,10,23,13
253,10,14,10,23,21,14
254,10,15,10,23,15
255,10,16,10,1,16
256,10,17,10,23,17
257,10,18,10,23,18
258,10,19,10,23,21,19
259,10,20,10,23,13,20
260,10,21,10,23,21
261,10,22,10,23,22
262,10,23,10,23
263,10,24,10,23,24
264,11,0,11,1,0
265,11,1,11,1
266,11,2,11,1,2
267,11,3,11,1,3
268,11,4,11,1,4
269,11,5,11,1,5
270,11,6,11,1,6
271,11,7,11,1,7
272,11,8,11,1,8
273,11,9,11,1,9
274,11,10,11,13,10
275,11,12,11,1,12
276,11,13,11,13
277,11,14,11,1,14
278,11,15,11,13,15
279,11,16,11,1,16
280,11,17,11,13,17
281,11,18,11,13,18
282,11,19,11,1,19
283,11,20,11,1,20
284,11,21,11,1,21
285,11,22,11,1,22
286,11,23,11,13,23
287,11,24,11,13,24
288,12,0,12,1,0
289,12,1,12,1
290,12,2,12,1,2
291,12,3,12,3
292,12,4,12,3,4
293,12,5,12,1,5
294,12,6,12,1,6
295,12,7,12,1,7
296,12,8,12,3,8
297,12,9,12,1,9
298,12,10,12,1,10
299,12,11,12,1,11
300,12,13,12,3,13
301,12,14,12,3,14
302,12,15,12,1,15
303,12,16,12,3,16
304,12,17,12,1,17
305,12,18,12,1,18
306,12,19,12,3,19
307,12,20,12,1,20
308,12,21,12,3,21
309,12,22,12,3,22
310,12,23,12,1,23
311,12,24,12,1,24
312,13,0,13,1,0
313,13,1,13,1
314,13,2,13,1,2
315,13,3,13,3
316,13,4,13,4
317,13,5,13,5
318,13,6,13,6
319,13,7,13,1,7
320,13,8,13,21,8
321,13,9,13,1,9
322,13,10,13,10
323,13,11,13,11
324,13,12,13,3,12
325,13,14,13,21,14
326,13,15,13,15
327,13,16,13,1,16
328,13,17,13,17
329,13,18,13,18
330,13,19,13,21,19
331,13,20,13,20
332,13,21,13,21
333,13,22,13,22
334,13,23,13,23
335,13,24,13,24
336,14,0,14,1,0
337,14,1,14,1
338,14,2,14,1,2
339,14,3,14,3
340,14,4,14,3,4
341,14,5,14,1,5
342,14,6,14,1,6
343,14,7,14,1,7
344,14,8,14,3,8
345,14,9,14,1,9
346,14,10,14,21,23,10
347,14,11,14,1,11
348,14,12,14,3,12
349,14,13,14,21,13
350,14,15,14,21,13,15
351,14,16,14,3,16
352,14,17,14,21,17
353,14,18,14,21,18
354,14,19,14,1,19
355,14,20,14,1,20
356,14,21,14,21
357,14,22,14,1,22
358,14,23,14,21,23
359,14,24,14,21,13,24
360,15,0,15,1,0
361,15,1,15,1
362,15,2,15,1,2
363,15,3,15,13,3
364,15,4,15,1,4
365,15,5,15,13,5
366,15,6,15,13,6
367,15,7,15,1,7
368,15,8,15,21,8
369,15,9,15,1,9
370,15,10,15,10
371,15,11,15,1,11
372,15,12,15,1,12
373,15,13,15,13
374,15,14,15,21,14
375,15,16,15,1,16
376,15,17,15,17
377,15,18,15,18
378,15,19,15,21,19
379,15,20,15,13,20
380,15,21,15,21
381,15,22,15,13,22
382,15,23,15,23
383,15,24,15,24
384,16,0,16,1,0
385,16,1,16,1
386,16,2,16,1,2
387,16,3,16,3
388,16,4,16,3,4
389,16,5,16,1,5
390,16,6,16,1,6
391,16,7,16,1,7
392,16,8,16,3,8
393,16,9,16,1,9
394,16,10,16,13,10
395,16,11,16,1,11
396,16,12,16,3,12
397,16,13,16,13
398,16,14,16,3,14
399,16,15,16,13,15
400,16,17,16,13,17
401,16,18,16,13,18
402,16,19,16,3,19
403,16,20,16,1,20
404,16,21,16,21
405,16,22,16,3,22
406,16,23,16,13,23
407,16,24,16,13,24
408,17,0,17,1,0
409,17,1,17,1
410,17,2,17,1,2
411,17,3,17,13,3
412,17,4,17,1,4
413,17,5,17,13,5
414,17,6,17,13,6
415,17,7,17,1,7
416,17,8,17,21,8
417,17,9,17,1,9
418,17,10,17,13,10
419,17,11,17,1,11
420,17,12,17,1,12
421,17,13,17,13
422,17,14,17,21,14
423,17,15,17,13,15
424,17,16,17,1,16
425,17,18,17,18
426,17,19,17,21,19
427,17,20,17,13,20
428,17,21,17,21
429,17,22,17,13,22
430,17,23,17,13,23
431,17,24,17,13,24
432,18,0,18,1,0
433,18,1,18,1
434,18,2,18,1,2
435,18,3,18,13,3
436,18,4,18,1,4
437,18,5,18,13,5
438,18,6,18,13,6
439,18,7,18,1,7
440,18,8,18,21,8
441,18,9,18,13,1,9
442,18,10,18,10
443,18,11,18,1,11
444,18,12,18,1,12
445,18,13,18,13
446,18,14,18,21,14
447,18,15,18,15
448,18,16,18,1,16
449,18,17,18,17
450,18,19,18,21,19
451,18,20,18,13,20
452,18,21,18,21
453,18,22,18,13,22
454,18,23,18,23
455,18,24,18,24
456,19,0,19,1,0
457,19,1,19,1
458,19,2,19,1,2
459,19,3,19,3
460,19,4,19,3,4
461,19,5,19,1,5
462,19,6,19,1,6
463,19,7,19,1,7
464,19,8,19,21,8
465,19,9,19,1,9
466,19,10,19,1,10
467,19,11,19,1,11
468,19,12,19,3,12
469,19,13,19,21,13
470,19,14,19,1,14
471,19,15,19,21,13,15
472,19,16,19,3,16
473,19,17,19,21,17
474,19,18,19,21,18
475,19,20,19,1,20
476,19,21,19,21
477,19,22,19,1,22
478,19,23,19,21,23
479,19,24,19,21,13,24
480,20,0,20,1,0
481,20,1,20,1
482,20,2,20,1,2
483,20,3,20,1,3
484,20,4,20,1,4
485,20,5,20,1,5
486,20,6,20,1,6
487,20,7,20,1,7
488,20,8,20,1,8
489,20,9,20,1,9
490,20,10,20,13,10
491,20,11,20,1,11
492,20,12,20,1,12
493,20,13,20,13
494,20,14,20,1,14
495,20,15,20,13,15
496,20,16,20,1,16
497,20,17,20,13,17
498,20,18,20,13,18
499,20,19,20,1,19
500,20,21,20,1,21
501,20,22,20,13,22
502,20,23,20,13,23
503,20,24,20,13,24
504,21,0,21,1,0
505,21,1,21,1
506,21,2,21,1,2
507,21,3,21,3
508,21,4,21,1,4
509,21,5,21,13,5
510,21,6,21,13,6
511,21,7,21,1,7
512,21,8,21,8
513,21,9,21,1,9
514,21,10,21,23,10
515,21,11,21,1,11
516,21,12,21,3,12
517,21,13,21,13
518,21,14,21,14
519,21,15,21,13,15
520,21,16,21,3,16
521,21,17,21,17
522,21,18,21,18
523,21,19,21,19
524,21,20,21,1,20
525,21,22,21,1,22
526,21,23,21,23
527,21,24,21,13,24
528,22,0,22,1,0
529,22,1,22,1
530,22,2,22,1,2
531,22,3,22,3
532,22,4,22,1,4
533,22,5,22,13,5
534,22,6,22,1,6
535,22,7,22,1,7
536,22,8,22,1,8
537,22,9,22,1,9
538,22,10,22,13,10
539,22,11,22,1,11
540,22,12,22,3,12
541,22,13,22,13
542,22,14,22,1,14
543,22,15,22,13,15
544,22,16,22,1,16
545,22,17,22,13,17
546,22,18,22,13,18
547,22,19,22,1,19
548,22,20,22,13,20
549,22,21,22,1,21
550,22,23,22,13,23
551,22,24,22,13,24
552,23,0,23,1,0
553,23,1,23,1
554,23,2,23,1,2
555,23,3,23,1,3
556,23,4,23,1,4
557,23,5,23,13,5
558,23,6,23,13,6
559,23,7,23,1,7
560,23,8,23,21,8
561,23,9,23,1,9
562,23,10,23,10
563,23,11,23,1,11
564,23,12,23,1,12
565,23,13,23,13
566,23,14,23,21,14
567,23,15,23,15
568,23,16,23,1,16
569,23,17,23,17
570,23,18,23,18
571,23,19,23,21,19
572,23,20,23,13,20
573,23,21,23,21
574,23,22,23,22
575,23,24,23,24
576,24,0,24,1,0
577,24,1,24,1
578,24,2,24,1,2
579,24,3,24,13,3
580,24,4,24,1,4
581,24,5,24,13,5
582,24,6,24,13,6
583,24,7,24,1,7
584,24,8,24,18,21,8
585,24,9,24,13,1,9
586,24,10,24,23,10
587,24,11,24,13,11
588,24,12,24,1,12
589,24,13,24,13
590,24,14,24,18,21,14
591,24,15,24,15
592,24,16,24,1,16
593,24,17,24,13,17
594,24,18,24,18
595,24,19,24,18,21,19
596,24,20,24,13,20
597,24,21,24,18,21
598,24,22,24,13,22
599,24,23,24,23
COMMODITIES,650
Index,Origin,Destination,Demand/Size,Earliest available time,Latest delivery time
0,18,16,0.479848,138,247
1,11,12,0.359427,88,190
2,19,4,0.0650678,38,141
3,17,13,0.368566,90,180
4,12,18,0.146125,40,152
5,1,2,0.651655,42,133
6,0,6,0.12772,42,140
7,18,8,0.801049,86,186
8,15,17,0.889045,86,182
9,24,11,0.69188,42,154
10,12,15,0.413408,134,252
11,13,3,0.499269,136,242
12,19,9,0.202431,88,197
13,23,15,0.803199,136,231
14,1,17,0.69277,88,188
15,0,8,0.413446,134,232
16,11,13,0.552251,138,238
17,20,22,0.229204,42,139
18,18,24,0.799846,182,273
19,13,4,0.0836748,86,182
20,22,0,0.205568,42,139
21,1,22,0.492919,138,230
22,24,3,0.0150101,40,157
23,18,2,0.456254,88,196
24,24,17,0.825317,88,189
25,1,17,0.10899,42,142
26,22,19,0.134222,38,143
27,12,11,0.180051,134,236
28,24,14,0.166648,88,200
29,23,6,0.596989,90,195
30,13,1,0.504642,138,235
31,4,0,0.138988,136,231
32,8,2,0.0361081,90,190
33,16,1,0.744003,184,276
34,1,20,0.430132,38,132
35,13,21,0.450043,86,178
36,20,22,0.236637,88,185
37,4,11,0.241635,184,282
38,10,23,0.611906,136,226
39,18,10,0.210051,40,134
40,22,14,0.226123,90,198
41,4,0,0.132752,186,281
42,19,5,0.510393,90,202
43,20,0,0.0637119,134,233
44,1,5,0.0855403,186,285
45,3,20,0.129046,38,140
46,8,4,0.00923202,136,235
47,14,12,0.178173,90,190
48,4,14,0.423962,88,191
49,14,2,0.0867708,136,243
50,18,0,0.232669,88,194
51,24,23,0.948334,186,279
52,5,17,0.382061,134,234
53,22,4,0.0369525,136,234
54,17,16,0.0710711,38,144
55,10,8,0.268558,88,196
56,24,1,0.574483,138,246
57,14,17,0.0898138,138,240
58,5,23,0.787621,86,189
59,4,18,0.349413,134,242
60,19,8,0.396207,186,283
61,18,5,0.985797,134,235
62,23,20,0.0981686,42,141
63,1,3,0.827104,182,274
64,17,1,0.940584,90,188
65,17,10,0.508552,182,284
66,2,0,0.0509083,90,186
67,0,3,0.363362,88,185
68,14,16,0.996013,38,138
69,21,14,0.00984088,136,230
70,14,18,0.718003,38,145
71,20,0,0.066216,184,283
72,1,0,0.0625174,90,179
73,16,9,0.225271,42,146
74,0,14,0.331506,138,243
75,13,4,0.0773203,134,230
76,4,24,0.330614,138,252
77,21,5,0.00454545,42,144
78,24,18,0.853235,138,229
79,8,18,0.182602,42,144
80,21,22,0.0205242,182,285
81,18,12,0.373806,42,153
82,22,23,0.598078,42,142
83,3,22,0.247328,184,281
84,12,23,0.0658592,134,246
85,4,17,0.00558708,182,288
86,0,1,0.952821,138,227
87,18,14,0.152557,138,243
88,19,1,0.430967,86,183
89,17,13,0.716926,38,128
90,23,14,0.645454,88,195
91,2,1,0.202119,40,131
92,8,19,0.0861097,184,281
93,4,11,0.269945,88,186
94,14,21,0.809528,136,230
95,16,19,0.688044,138,238
96,24,5,0.0350906,136,241
97,18,23,0.498116,184,272
98,1,2,0.47077,38,129
99,0,18,0.827017,136,243
100,4,12,0.192968,182,279
101,22,0,0.174687,88,185
102,5,3,0.667346,134,241
103,16,5,0.163088,40,147
104,18,10,0.320333,90,184
105,10,14,0.107306,38,151
106,5,16,0.374928,88,195
107,3,6,0.352848,42,143
108,22,21,0.515827,88,191
109,17,24,0.61762,38,139
110,20,0,0.0687778,88,187
111,2,13,0.115403,138,243
112,16,11,0.689157,136,236
113,8,4,0.00812314,86,185
114,24,0,0.0503117,86,199
115,13,24,0.0238446,138,233
116,23,4,0.404557,134,241
117,1,22,0.34498,186,278
118,13,6,0.819635,40,136
119,14,21,0.88803,86,180
120,2,0,0.0501968,86,182
121,23,20,0.942461,86,185
122,2,23,0.101981,134,243
123,8,16,0.0107401,182,280
124,14,20,0.0885338,90,200
125,13,10,0.873463,42,138
126,12,14,0.0419366,42,142
127,14,12,0.1698,38,138
128,10,13,0.702569,182,281
129,16,4,0.883162,136,233
130,3,17,0.134606,134,244
131,12,17,0.00697164,38,148
132,0,5,0.194238,40,144
133,16,9,0.270399,136,240
134,18,14,0.223816,88,193
135,0,18,0.787121,42,149
136,2,20,0.0457445,184,285
137,17,22,0.138972,182,279
138,11,17,0.372353,90,196
139,8,17,0.580255,136,233
140,10,20,0.0939442,86,191
141,21,13,0.879098,136,228
142,21,14,0.00994842,134,228
143,21,11,0.0516497,42,145
144,1,18,0.516355,134,236
145,2,4,0.0341546,134,231
146,3,6,0.0816193,40,141
147,21,1,0.237273,40,135
148,11,8,0.412937,184,285
149,24,15,0.285033,136,224
150,24,13,0.0699149,38,133
151,16,9,0.242324,88,192
152,23,14,0.565634,40,147
153,15,12,0.874984,40,158
154,5,1,0.452002,40,139
155,13,8,0.811881,138,235
156,3,14,0.774111,40,135
157,10,2,0.0207759,134,248
158,2,22,0.202433,138,237
159,17,24,0.637636,86,187
160,21,3,0.276248,88,185
161,5,24,0.0697373,134,239
162,1,23,0.0197816,90,192
163,3,0,0.444311,186,283
164,13,1,0.487837,134,231
165,23,22,0.0953653,42,137
166,24,14,0.157022,134,246
167,16,0,0.670481,88,185
168,18,21,0.0120768,182,277
169,8,15,0.0403382,138,249
170,22,4,0.0352537,86,184
171,23,2,0.100297,90,198
172,24,5,0.0371446,42,147
173,14,5,0.384645,42,157
174,18,19,0.106249,182,285
175,3,11,0.226736,40,140
176,0,21,0.425653,134,234
177,18,0,0.220409,40,146
178,1,8,0.41321,138,231
179,5,3,0.656189,42,149
180,10,13,0.815616,40,139
181,0,6,0.129502,86,184
182,11,14,0.407486,86,194
183,2,3,0.365182,42,141
184,1,15,0.0211664,38,146
185,17,0,0.00851592,90,193
186,11,24,0.0736633,88,199
187,8,24,0.0262255,138,246
188,15,18,0.501388,90,184
189,21,15,0.0719152,86,192
190,21,0,0.0916165,88,188
191,1,23,0.804829,42,144
192,16,22,0.243399,38,140
193,17,5,0.251628,136,236
194,18,10,0.924686,38,132
195,0,22,0.24995,186,283
196,18,21,0.401168,184,279
197,21,0,0.0937066,184,284
198,2,19,0.30085,88,192
199,16,3,0.994749,184,273
200,18,5,0.952188,38,139
201,18,8,0.64926,138,238
202,4,17,0.00562622,42,148
203,12,19,0.0411013,136,236
204,20,1,0.468414,40,134
205,11,13,0.128426,134,234
206,16,4,0.850552,38,135
207,12,13,0.19751,86,195
208,13,11,0.353536,42,143
209,21,0,0.0838021,40,140
210,5,13,0.461016,136,230
211,11,1,0.166684,38,130
212,0,21,0.427003,184,284
213,4,24,0.310268,40,154
214,1,18,0.920372,88,190
215,16,22,0.377916,90,192
216,0,5,0.19837,138,242
217,18,16,0.504339,40,149
218,24,18,0.972839,86,177
219,10,2,0.0231691,42,156
220,3,17,0.132616,40,150
221,17,11,0.119602,88,194
222,24,17,0.801708,38,139
223,22,23,0.586696,186,286
224,10,1,0.929398,138,245
225,23,18,0.376297,40,128
226,13,18,0.876641,184,275
227,11,17,0.3383,38,144
228,22,18,0.761517,184,282
229,15,8,0.0367158,134,243
230,18,3,0.104553,86,199
231,2,20,0.963851,86,187
232,18,13,0.0545135,138,229
233,19,17,0.291291,86,186
234,6,17,0.0559509,40,149
235,14,9,0.545533,134,246
236,18,16,0.464771,90,199
237,22,4,0.0365914,182,280
238,3,23,0.299659,86,195
239,23,12,0.370478,90,201
240,1,17,0.041533,136,236
241,0,20,0.788767,90,189
242,13,5,0.293783,40,134
243,5,20,0.351761,42,142
244,3,9,0.782061,90,194
245,23,10,0.934195,40,130
246,21,20,0.00746735,138,243
247,8,4,0.00908347,38,137
248,17,24,0.615801,184,285
249,8,5,0.0416575,134,242
250,4,15,0.25063,40,154
251,13,16,0.0778219,40,145
252,1,24,0.503537,136,244
253,22,24,0.439627,134,236
254,8,19,0.084137,186,283
255,18,22,0.936329,138,236
256,9,16,0.976097,38,142
257,19,8,0.394429,184,281
258,1,16,0.24556,182,274
259,13,5,0.336202,86,180
260,0,9,0.133851,186,287
261,2,12,0.0471159,88,189
262,24,11,0.676777,134,246
263,0,3,0.32012,86,183
264,17,8,0.210978,138,235
265,19,5,0.484114,40,152
266,12,15,0.405092,138,256
267,8,17,0.524286,42,139
268,0,2,0.0969198,40,136
269,21,1,0.423075,138,233
270,20,0,0.0663664,38,137
271,18,19,0.292824,134,237
272,17,19,0.740512,88,188
273,0,10,0.47986,90,205
274,11,12,0.376104,184,286
275,20,18,0.310287,138,235
276,23,11,0.199505,138,247
277,15,16,0.35804,38,154
278,19,4,0.0608209,40,143
279,2,23,0.103541,88,197
280,22,10,0.0704486,42,145
281,4,13,0.377515,86,190
282,13,1,0.51386,88,185
283,3,15,0.33819,38,156
284,17,18,0.411537,40,129
285,1,3,0.413032,138,230
286,12,1,0.855435,134,228
287,23,22,0.967347,90,185
288,18,21,0.44973,88,183
289,13,2,0.317412,138,242
290,0,3,0.358672,90,187
291,24,13,0.460006,42,137
292,20,4,0.00738393,38,138
293,1,22,0.564213,90,182
294,16,20,0.212292,90,192
295,18,20,0.0604113,90,187
296,0,3,0.342942,134,231
297,0,3,0.336136,138,235
298,11,8,0.402848,182,283
299,23,11,0.159153,90,199
300,0,15,0.506612,42,155
301,4,24,0.31256,136,250
302,16,14,0.971933,138,238
303,21,11,0.0480484,40,143
304,20,13,0.123552,182,272
305,13,4,0.0723051,184,280
306,3,4,0.139703,90,182
307,15,20,0.106315,182,288
308,19,11,0.633855,42,147
309,23,10,0.931378,182,272
310,20,22,0.2595,184,281
311,19,17,0.269353,40,140
312,1,2,0.418656,138,229
313,24,21,0.121419,134,236
314,22,18,0.728588,42,140
315,3,13,0.351406,88,192
316,4,12,0.187962,88,185
317,17,11,0.127581,42,148
318,18,15,0.195935,138,232
319,24,18,0.769001,184,275
320,3,16,0.701477,136,225
321,19,13,0.517456,138,238
322,4,11,0.254662,86,184
323,17,20,0.274515,40,136
324,12,13,0.184957,136,245
325,23,22,0.238905,136,231
326,20,19,0.473779,42,149
327,13,6,0.928585,182,278
328,22,8,0.335597,86,187
329,17,22,0.160931,38,135
330,8,17,0.427425,182,279
331,20,13,0.406876,40,130
332,8,4,0.00924337,138,237
333,11,0,0.883379,88,185
334,0,14,0.291414,90,195
335,0,13,0.388043,90,193
336,11,0,0.823238,186,283
337,15,1,0.752163,38,146
338,17,1,0.082988,186,284
339,23,12,0.324412,40,151
340,18,23,0.997196,42,130
341,17,10,0.583049,38,140
342,0,20,0.720376,182,281
343,23,22,0.185288,184,279
344,0,11,0.00828434,184,281
345,1,22,0.0105214,38,130
346,12,14,0.0410544,86,186
347,4,14,0.485532,134,237
348,1,18,0.69895,86,188
349,3,15,0.193989,86,204
350,22,21,0.450999,138,241
351,0,21,0.482279,136,236
352,16,4,0.801777,182,279
353,17,13,0.497677,138,228
354,3,18,0.503342,86,197
355,17,19,0.687199,86,186
356,8,13,0.323671,38,135
357,17,1,0.398098,40,138
358,13,6,0.973048,134,230
359,5,13,0.473266,182,276
360,12,11,0.207613,86,188
361,8,15,0.0452641,134,245
362,16,13,0.983851,42,143
363,0,14,0.292564,40,145
364,1,21,0.834152,88,183
365,17,0,0.00937045,182,285
366,23,15,0.489358,182,277
367,5,18,0.52931,184,285
368,18,2,0.433702,86,194
369,23,15,0.420355,86,181
370,16,1,0.128365,186,278
371,8,2,0.0309188,42,142
372,19,13,0.529514,136,236
373,17,0,0.00938567,42,145
374,21,5,0.00454545,186,288
375,1,17,0.759786,138,238
376,18,2,0.461471,42,150
377,18,5,0.0212006,86,187
378,4,24,0.32391,86,200
379,2,23,0.0887527,42,151
380,1,21,0.0106214,186,281
381,0,18,0.931177,88,195
382,20,22,0.224554,90,187
383,3,8,0.988907,184,277
384,20,14,0.374637,134,244
385,17,20,0.261497,138,234
386,8,1,0.311047,88,181
387,17,23,0.536251,182,281
388,23,20,0.884183,136,235
389,16,10,0.0299931,38,151
390,18,23,0.253239,38,126
391,4,14,0.449696,182,285
392,20,13,0.338072,186,276
393,17,5,0.223712,184,284
394,1,22,0.0157443,182,274
395,14,4,0.218102,40,143
396,1,3,0.948158,40,132
397,11,0,0.93769,40,137
398,13,10,0.138199,88,184
399,24,22,0.498409,90,192
400,6,17,0.0490911,134,243
401,21,5,0.00454545,134,236
402,2,19,0.303691,38,142
403,1,9,0.293473,136,232
404,16,14,0.958122,40,140
405,3,11,0.48931,184,284
406,24,0,0.0478573,88,201
407,4,17,0.00602659,90,196
408,2,23,0.0872427,138,247
409,0,1,0.230891,40,129
410,19,5,0.464578,134,246
411,23,9,0.702408,86,199
412,13,19,0.681403,40,140
413,8,17,0.499109,186,283
414,0,6,0.117406,136,234
415,24,20,0.179251,42,143
416,12,6,0.137538,86,189
417,6,4,0.0181294,186,285
418,22,8,0.280521,138,239
419,5,23,0.814869,42,145
420,12,10,0.711997,88,208
421,14,15,0.209319,38,154
422,0,8,0.39815,90,188
423,14,15,0.918259,88,204
424,16,12,0.184224,186,280
425,8,17,0.611853,134,231
426,17,8,0.195325,184,281
427,4,1,0.912945,186,276
428,19,13,0.510348,38,138
429,20,13,0.545522,42,132
430,12,11,0.193917,90,192
431,3,10,0.0943628,88,204
432,8,2,0.0360515,184,284
433,15,18,0.94481,86,180
434,13,2,0.307329,184,288
435,18,15,0.846743,186,280
436,11,13,0.0804354,182,282
437,24,5,0.0398044,90,195
438,14,16,0.13085,136,236
439,10,6,0.0995856,86,197
440,14,2,0.0972973,40,147
441,9,16,0.988934,42,146
442,17,22,0.15781,186,283
443,13,10,0.817607,38,134
444,4,3,0.500598,88,180
445,16,23,0.0753815,90,200
446,19,15,0.576845,138,252
447,10,19,0.415882,86,197
448,13,6,0.958456,136,232
449,1,4,0.554379,40,130
450,22,0,0.180895,86,183
451,8,12,0.253888,40,138
452,2,1,0.235097,38,129
453,4,0,0.133068,182,277
454,5,17,0.369139,86,186
455,21,22,0.0211259,88,191
456,13,11,0.088335,136,237
457,8,2,0.0323157,186,286
458,14,6,0.158188,40,149
459,3,19,0.27469,88,183
460,0,5,0.203598,184,288
461,18,8,0.482504,42,142
462,10,11,0.0439204,88,203
463,22,3,0.0556477,136,232
464,12,6,0.143302,38,141
465,3,13,0.60991,40,144
466,10,14,0.120926,86,199
467,4,6,0.075132,40,139
468,14,21,0.88013,184,278
469,15,6,0.18686,88,200
470,16,20,0.203667,182,284
471,21,3,0.292086,136,233
472,14,21,0.808091,134,228
473,3,22,0.516656,90,187
474,2,3,0.343915,90,189
475,1,24,0.82918,86,194
476,24,14,0.164824,136,248
477,16,4,0.816459,90,187
478,19,16,0.103538,186,286
479,11,21,0.346734,138,241
480,14,9,0.558636,88,200
481,1,16,0.774998,88,180
482,2,19,0.297106,138,242
483,8,18,0.170878,184,286
484,14,17,0.0900078,134,236
485,1,20,0.449267,134,228
486,17,2,0.0426106,136,241
487,12,10,0.724739,134,254
488,5,1,0.138539,90,189
489,24,11,0.712392,90,202
490,4,11,0.274632,38,136
491,0,9,0.152848,90,191
492,23,24,0.547413,42,135
493,4,18,0.385747,136,244
494,14,12,0.187485,88,188
495,3,12,0.704808,88,177
496,1,24,0.272527,88,196
497,1,23,0.565378,186,288
498,18,22,0.980142,136,234
499,14,20,0.101224,86,196
500,18,17,0.459298,134,223
501,0,9,0.140367,134,235
502,0,11,0.0248415,134,231
503,17,5,0.233361,90,190
504,1,8,0.473159,134,227
505,14,15,0.934322,40,156
506,14,17,0.0786476,184,286
507,2,22,0.200106,88,187
508,0,5,0.212238,38,142
509,21,1,0.074534,136,231
510,23,1,0.328019,136,237
511,4,15,0.248469,134,248
512,20,14,0.34979,86,196
513,11,1,0.959319,88,180
514,10,19,0.400557,134,245
515,15,19,0.918682,138,250
516,22,6,0.295635,90,191
517,13,3,0.312803,182,288
518,19,12,0.0388714,182,282
519,22,0,0.18383,40,137
520,12,9,0.237109,138,244
521,2,21,0.00526493,138,240
522,10,16,0.117041,134,249
523,23,8,0.848304,184,286
524,13,22,0.0738346,42,133
525,0,10,0.517297,38,153
526,24,10,0.0789096,184,283
527,21,3,0.308716,182,279
528,21,24,0.277933,134,237
529,8,23,0.273133,86,186
530,24,5,0.0355381,182,287
531,20,4,0.0077442,182,282
532,8,5,0.0417451,86,194
533,11,3,0.695882,88,188
534,12,10,0.822534,138,258
535,8,12,0.249413,182,280
536,19,10,0.265447,134,257
537,10,13,0.970327,186,285
538,11,23,0.0651979,38,147
539,17,15,0.347792,134,238
540,21,0,0.0853529,186,286
541,4,12,0.195049,184,281
542,22,16,0.125581,184,284
543,3,20,0.993253,138,240
544,17,15,0.273765,90,194
545,10,1,0.325904,40,147
546,18,14,0.245126,136,241
547,18,19,0.187027,88,191
548,16,20,0.227615,134,236
549,17,18,0.303765,38,127
550,14,1,0.908238,86,186
551,15,18,0.786885,138,232
552,24,23,0.478131,90,183
553,2,1,0.448382,182,273
554,16,11,0.76548,86,186
555,4,21,0.0136718,186,287
556,14,18,0.912339,134,241
557,4,19,0.00904951,184,287
558,3,13,0.438899,134,238
559,3,5,0.898014,134,241
560,21,15,0.0731766,90,196
561,16,19,0.674725,40,140
562,17,1,0.787037,86,184
563,0,11,0.88501,186,283
564,16,6,0.120404,40,141
565,1,6,0.233752,136,229
566,0,12,0.251807,40,139
567,24,18,0.0472044,38,129
568,6,17,0.0505395,88,197
569,20,13,0.84348,88,178
570,3,4,0.98497,88,180
571,4,1,0.495299,138,228
572,24,12,0.0443479,136,254
573,3,20,0.0314152,42,144
574,15,20,0.0270108,40,146
575,16,0,0.816305,184,281
576,17,24,0.641025,182,283
577,19,9,0.219372,136,245
578,16,18,0.18251,138,246
579,23,10,0.97291,38,128
580,15,12,0.83611,88,206
581,10,21,0.0412232,38,141
582,0,9,0.155,86,187
583,8,19,0.0850411,42,139
584,0,20,0.815506,134,233
585,8,2,0.0351688,138,238
586,13,10,0.61636,182,278
587,0,9,0.146298,184,285
588,21,18,0.201664,184,281
589,23,12,0.328164,134,245
590,3,18,0.495489,88,199
591,21,3,0.287092,38,135
592,22,13,0.73361,40,131
593,18,15,0.136513,136,230
594,15,12,0.782588,38,156
595,14,15,0.0899516,136,252
596,20,23,0.101936,40,139
597,23,24,0.408116,40,133
598,22,3,0.158821,138,234
599,14,12,0.177052,40,140
600,2,12,0.0510978,136,237
601,5,20,0.306805,38,138
602,20,15,0.416238,184,288
603,18,24,0.434002,86,177
604,3,6,0.355181,184,285
605,2,21,0.00505648,184,286
606,2,22,0.19714,38,137
607,3,11,0.361221,182,282
608,19,17,0.259333,88,188
609,23,15,0.933816,42,137
610,20,13,0.305897,90,180
611,3,20,0.956988,40,142
612,12,19,0.0409899,186,286
613,3,0,0.359839,136,233
614,17,15,0.394072,88,192
615,17,23,0.241078,40,139
616,0,15,0.468263,38,151
617,2,0,0.0531867,182,278
618,22,18,0.780849,186,284
619,2,23,0.0908298,38,147
620,19,20,0.331005,90,197
621,1,18,0.483675,184,286
622,23,16,0.194913,38,147
623,17,5,0.222986,182,282
624,3,2,0.954692,136,235
625,5,19,0.1221,86,196
626,16,3,0.267272,86,175
627,3,8,0.0145552,136,229
628,3,15,0.318072,40,158
629,14,1,0.577273,88,188
630,22,23,0.516634,134,234
631,13,4,0.0797924,136,232
632,5,24,0.0608375,138,243
633,14,12,0.17463,138,238
634,3,19,0.45737,138,233
635,2,20,0.956321,136,237
636,6,3,0.265834,90,191
637,1,24,0.431381,42,150
638,18,13,0.714138,88,179
639,23,20,0.753098,138,237
640,23,8,0.830744,86,188
641,14,1,0.286801,138,238
642,22,16,0.132898,138,238
643,10,18,0.389379,184,278
644,8,3,0.868969,182,275
645,12,11,0.205362,42,144
646,9,12,0.00454545,136,242
647,0,22,0.268525,182,279
648,24,5,0.0392215,88,193
649,8,24,0.0254255,38,146
