NODES,25
INDEX,Name,X-coordinate,Y-coordinate
0,0,-,-
1,1,-,-
2,2,-,-
3,3,-,-
4,4,-,-
5,5,-,-
6,6,-,-
7,7,-,-
8,8,-,-
9,9,-,-
10,10,-,-
11,11,-,-
12,12,-,-
13,13,-,-
14,14,-,-
15,15,-,-
16,16,-,-
17,17,-,-
18,18,-,-
19,19,-,-
20,20,-,-
21,21,-,-
22,22,-,-
23,23,-,-
24,24,-,-
ARCS,529
Index,Origin,Destination,Variable Cost,Fixed Cost,Capacity,Travel time
0,0,1,0,117.8,1,5
1,1,0,0,117.8,1,5
2,1,2,0,234.05,1,7
3,1,3,0,260.4,1,8
4,1,4,0,175.15,1,6
5,1,5,0,486.7,1,15
6,1,6,0,323.95,1,9
7,1,8,0,323.95,1,9
8,1,9,0,447.95,1,12
9,1,10,0,883.5,1,26
10,1,11,0,255.75,1,8
11,1,12,0,387.5,1,10
12,1,13,0,489.8,1,14
13,1,14,0,525.45,1,16
14,1,15,0,1002.85,1,24
15,1,16,0,252.65,1,8
16,1,17,0,545.6,1,16
17,1,18,0,680.45,1,18
18,1,19,0,503.75,1,13
19,1,20,0,358.05,1,10
20,1,21,0,409.2,1,11
21,1,22,0,266.6,1,8
22,1,23,0,699.05,1,18
23,1,24,0,903.65,1,24
24,2,1,0,234.05,1,7
25,3,1,0,260.4,1,8
26,3,4,0,230.95,1,8
27,3,8,0,311.55,1,9
28,3,12,0,144.15,1,5
29,3,13,0,661.85,1,20
30,3,14,0,418.5,1,11
31,3,16,0,151.9,1,5
32,3,19,0,396.8,1,11
33,3,21,0,469.65,1,14
34,3,22,0,429.35,1,13
35,4,1,0,175.15,1,6
36,4,3,0,230.95,1,8
37,5,1,0,486.7,1,15
38,5,13,0,367.35,1,10
39,6,1,0,323.95,1,9
40,6,13,0,430.9,1,11
41,7,1,0,103.85,1,4
42,8,1,0,323.95,1,9
43,8,3,0,311.55,1,9
44,8,13,0,415.4,1,11
45,8,16,0,161.2,1,6
46,8,21,0,158.1,1,5
47,9,1,0,447.95,1,12
48,10,1,0,891.25,1,23
49,10,23,0,192.2,1,6
50,11,1,0,255.75,1,8
51,11,13,0,592.1,1,16
52,12,1,0,387.5,1,10
53,12,3,0,144.15,1,5
54,13,1,0,489.8,1,13
55,13,3,0,669.6,1,22
56,13,5,0,367.35,1,10
57,13,6,0,430.9,1,12
58,13,10,0,483.6,1,12
59,13,11,0,596.75,1,17
60,13,15,0,553.35,1,14
61,13,17,0,176.7,1,6
62,13,18,0,248,1,7
63,13,19,0,573.5,1,16
64,13,20,0,198.4,1,6
65,13,21,0,275.9,1,8
66,13,22,0,232.5,1,7
67,13,23,0,323.95,1,9
68,13,24,0,449.5,1,11
69,14,1,0,525.45,1,16
70,14,3,0,418.5,1,11
71,14,19,0,111.6,1,4
72,14,21,0,384.4,1,10
73,15,1,0,1002.85,1,24
74,15,13,0,553.35,1,16
75,15,18,0,350.3,1,10
76,15,21,0,747.1,1,20
77,15,23,0,412.3,1,11
78,16,1,0,252.65,1,8
79,16,3,0,151.9,1,5
80,16,8,0,161.2,1,6
81,16,13,0,581.25,1,17
82,16,21,0,305.35,1,9
83,17,1,0,544.05,1,14
84,17,13,0,176.7,1,6
85,17,18,0,127.1,1,5
86,17,21,0,292.95,1,8
87,18,1,0,666.5,1,17
88,18,10,0,308.45,1,10
89,18,13,0,248,1,7
90,18,15,0,350.3,1,10
91,18,17,0,127.1,1,5
92,18,19,0,719.2,1,19
93,18,21,0,421.6,1,11
94,18,22,0,421.6,1,13
95,18,23,0,116.25,1,4
96,18,24,0,237.15,1,7
97,19,1,0,503.75,1,13
98,19,3,0,396.8,1,11
99,19,8,0,240.25,1,7
100,19,14,0,111.6,1,4
101,19,21,0,297.6,1,8
102,20,1,0,358.05,1,10
103,20,13,0,198.4,1,6
104,20,23,0,522.35,1,15
105,21,1,0,409.2,1,11
106,21,3,0,458.8,1,13
107,21,8,0,158.1,1,5
108,21,13,0,275.9,1,8
109,21,14,0,384.4,1,10
110,21,15,0,829.25,1,22
111,21,17,0,292.95,1,8
112,21,18,0,420.05,1,13
113,21,19,0,297.6,1,8
114,21,23,0,440.2,1,11
115,22,1,0,266.6,1,8
116,22,3,0,429.35,1,12
117,22,13,0,232.5,1,7
118,23,1,0,699.05,1,17
119,23,10,0,192.2,1,6
120,23,13,0,323.95,1,9
121,23,15,0,412.3,1,11
122,23,17,0,153.45,1,5
123,23,18,0,116.25,1,4
124,23,21,0,446.4,1,13
125,23,24,0,305.35,1,9
126,24,1,0,903.65,1,24
127,24,13,0,449.5,1,11
128,24,18,0,237.15,1,7
129,24,23,0,305.35,1,9
130,0,2,0,161.2,1,6
131,0,3,0,353.4,1,10
132,0,4,0,285.2,1,9
133,0,5,0,474.3,1,13
134,0,6,0,246.45,1,8
135,0,8,0,427.8,1,12
136,0,9,0,379.75,1,11
137,0,10,0,931.55,1,25
138,0,11,0,158.1,1,5
139,0,12,0,401.45,1,11
140,0,14,0,632.4,1,17
141,0,15,0,1063.3,1,28
142,0,16,0,367.35,1,11
143,0,17,0,596.75,1,16
144,0,18,0,717.65,1,19
145,0,19,0,615.35,1,17
146,0,20,0,361.15,1,10
147,0,21,0,444.85,1,13
148,0,22,0,297.6,1,9
149,0,23,0,739.35,1,20
150,0,24,0,957.9,1,25
151,1,7,0,103.85,1,4
152,2,0,0,161.2,1,6
153,2,3,0,480.5,1,13
154,2,4,0,409.2,1,12
155,2,5,0,257.3,1,8
156,2,6,0,110.05,1,4
157,2,8,0,412.3,1,12
158,2,9,0,229.4,1,7
159,2,10,0,872.65,1,23
160,2,11,0,182.9,1,6
161,2,12,0,582.8,1,16
162,2,13,0,390.6,1,11
163,2,14,0,790.5,1,21
164,2,15,0,940.85,1,25
165,2,16,0,475.85,1,13
166,2,17,0,568.85,1,16
167,2,18,0,638.6,1,17
168,2,19,0,643.25,1,17
169,2,20,0,207.7,1,7
170,2,21,0,424.7,1,12
171,2,22,0,308.45,1,9
172,2,23,0,716.1,1,19
173,2,24,0,847.85,1,23
174,3,0,0,353.4,1,10
175,3,2,0,480.5,1,13
176,3,6,0,554.9,1,15
177,3,9,0,685.1,1,18
178,3,10,0,995.1,1,26
179,3,11,0,477.4,1,13
180,3,15,0,1224.5,1,32
181,3,17,0,764.15,1,20
182,3,18,0,833.9,1,22
183,3,20,0,620,1,17
184,3,23,0,888.15,1,23
185,3,24,0,1108.25,1,29
186,4,0,0,285.2,1,9
187,4,2,0,409.2,1,12
188,4,6,0,494.45,1,14
189,4,7,0,75.95,1,3
190,4,8,0,142.6,1,5
191,4,9,0,624.65,1,17
192,4,10,0,838.55,1,22
193,4,11,0,406.1,1,12
194,4,12,0,331.7,1,9
195,4,13,0,427.8,1,12
196,4,14,0,410.75,1,12
197,4,15,0,970.3,1,26
198,4,16,0,147.25,1,5
199,4,17,0,503.75,1,14
200,4,18,0,624.65,1,17
201,4,19,0,390.6,1,11
202,4,20,0,413.85,1,12
203,4,21,0,263.5,1,8
204,4,22,0,204.6,1,7
205,4,23,0,646.35,1,18
206,4,24,0,861.8,1,23
207,5,0,0,474.3,1,13
208,5,2,0,257.3,1,8
209,5,6,0,161.2,1,5
210,5,9,0,198.4,1,6
211,5,11,0,320.85,1,9
212,5,18,0,660.3,1,16
213,5,20,0,178.25,1,6
214,5,23,0,720.75,1,19
215,6,0,0,246.45,1,8
216,6,2,0,110.05,1,4
217,6,3,0,554.9,1,15
218,6,4,0,494.45,1,14
219,6,5,0,161.2,1,5
220,6,8,0,637.05,1,17
221,6,9,0,141.05,1,5
222,6,10,0,939.3,1,25
223,6,11,0,165.85,1,5
224,6,12,0,623.1,1,17
225,6,14,0,840.1,1,22
226,6,15,0,982.7,1,26
227,6,16,0,576.6,1,16
228,6,17,0,615.35,1,17
229,6,18,0,685.1,1,18
230,6,19,0,824.6,1,22
231,6,20,0,243.35,1,7
232,6,21,0,593.65,1,16
233,6,22,0,446.4,1,13
234,6,23,0,761.05,1,20
235,6,24,0,877.3,1,23
236,7,3,0,246.45,1,8
237,7,4,0,75.95,1,3
238,8,0,0,427.8,1,12
239,8,2,0,412.3,1,12
240,8,4,0,142.6,1,5
241,8,6,0,637.05,1,17
242,8,9,0,767.25,1,21
243,8,10,0,714.55,1,19
244,8,11,0,545.6,1,15
245,8,12,0,460.35,1,13
246,8,14,0,328.6,1,10
247,8,15,0,883.5,1,23
248,8,17,0,427.8,1,12
249,8,18,0,542.5,1,15
250,8,19,0,240.25,1,7
251,8,20,0,444.85,1,13
252,8,22,0,203.05,1,7
253,8,23,0,536.3,1,15
254,8,24,0,801.35,1,21
255,9,0,0,379.75,1,11
256,9,2,0,229.4,1,7
257,9,3,0,685.1,1,18
258,9,4,0,624.65,1,17
259,9,5,0,198.4,1,6
260,9,6,0,141.05,1,5
261,9,8,0,767.25,1,21
262,9,10,0,1069.5,1,28
263,9,11,0,297.6,1,8
264,9,12,0,753.3,1,20
265,9,13,0,469.65,1,12
266,9,14,0,652.55,1,18
267,9,15,0,1112.9,1,29
268,9,16,0,706.8,1,19
269,9,17,0,646.35,1,18
270,9,18,0,711.45,1,18
271,9,19,0,954.8,1,25
272,9,20,0,279,1,8
273,9,21,0,723.85,1,19
274,9,22,0,576.6,1,16
275,9,23,0,891.25,1,24
276,9,24,0,1019.9,1,27
277,10,0,0,931.55,1,25
278,10,2,0,872.65,1,23
279,10,3,0,995.1,1,26
280,10,4,0,838.55,1,22
281,10,6,0,939.3,1,25
282,10,8,0,714.55,1,19
283,10,9,0,1069.5,1,28
284,10,11,0,1133.05,1,30
285,10,12,0,1086.55,1,28
286,10,13,0,483.6,1,12
287,10,14,0,970.3,1,26
288,10,15,0,224.75,1,7
289,10,16,0,872.65,1,23
290,10,17,0,334.8,1,9
291,10,18,0,306.9,1,9
292,10,19,0,909.85,1,24
293,10,20,0,714.55,1,19
294,10,21,0,623.1,1,16
295,10,22,0,623.1,1,17
296,10,24,0,286.75,1,8
297,11,0,0,158.1,1,5
298,11,2,0,182.9,1,6
299,11,3,0,477.4,1,13
300,11,4,0,406.1,1,12
301,11,5,0,320.85,1,9
302,11,6,0,165.85,1,5
303,11,8,0,545.6,1,15
304,11,9,0,297.6,1,9
305,11,10,0,1133.05,1,30
306,11,12,0,523.9,1,14
307,11,14,0,770.35,1,21
308,11,15,0,1112.9,1,29
309,11,16,0,488.25,1,14
310,11,17,0,798.25,1,21
311,11,18,0,832.35,1,21
312,11,19,0,748.65,1,20
313,11,20,0,406.1,1,11
314,11,21,0,649.45,1,18
315,11,22,0,499.1,1,14
316,11,23,0,852.5,1,23
317,11,24,0,1021.45,1,27
318,12,0,0,401.45,1,11
319,12,2,0,582.8,1,16
320,12,4,0,331.7,1,10
321,12,6,0,623.1,1,17
322,12,8,0,460.35,1,13
323,12,9,0,753.3,1,20
324,12,10,0,1086.55,1,28
325,12,11,0,523.9,1,14
326,12,13,0,776.55,1,20
327,12,14,0,550.25,1,15
328,12,15,0,1233.8,1,32
329,12,16,0,296.05,1,9
330,12,17,0,776.55,1,21
331,12,18,0,1038.5,1,27
332,12,19,0,523.9,1,14
333,12,20,0,637.05,1,17
334,12,21,0,554.9,1,15
335,12,22,0,556.45,1,15
336,12,23,0,919.15,1,24
337,12,24,0,1137.7,1,30
338,13,2,0,390.6,1,11
339,13,4,0,427.8,1,12
340,13,8,0,415.4,1,11
341,13,9,0,469.65,1,12
342,13,14,0,655.65,1,17
343,13,16,0,530.1,1,14
344,14,0,0,632.4,1,17
345,14,2,0,790.5,1,21
346,14,4,0,410.75,1,12
347,14,6,0,840.1,1,22
348,14,8,0,328.6,1,10
349,14,9,0,652.55,1,18
350,14,10,0,970.3,1,26
351,14,11,0,770.35,1,21
352,14,12,0,550.25,1,15
353,14,13,0,655.65,1,17
354,14,15,0,1106.7,1,28
355,14,16,0,272.8,1,8
356,14,17,0,671.15,1,18
357,14,18,0,798.25,1,20
358,14,20,0,852.5,1,23
359,14,22,0,527,1,15
360,14,23,0,818.4,1,20
361,14,24,0,995.1,1,26
362,15,0,0,1063.3,1,28
363,15,2,0,940.85,1,25
364,15,3,0,1224.5,1,32
365,15,4,0,970.3,1,26
366,15,6,0,982.7,1,26
367,15,8,0,883.5,1,23
368,15,9,0,1112.9,1,29
369,15,10,0,224.75,1,7
370,15,11,0,1112.9,1,29
371,15,12,0,1233.8,1,32
372,15,14,0,1106.7,1,28
373,15,16,0,1027.65,1,27
374,15,17,0,454.15,1,12
375,15,19,0,1023,1,27
376,15,20,0,757.95,1,19
377,15,22,0,733.15,1,19
378,15,24,0,110.05,1,4
379,16,0,0,367.35,1,11
380,16,2,0,475.85,1,13
381,16,4,0,147.25,1,5
382,16,6,0,576.6,1,16
383,16,7,0,155,1,5
384,16,9,0,706.8,1,19
385,16,10,0,872.65,1,23
386,16,11,0,488.25,1,14
387,16,12,0,296.05,1,8
388,16,14,0,272.8,1,8
389,16,15,0,1027.65,1,27
390,16,17,0,570.4,1,16
391,16,18,0,686.65,1,19
392,16,19,0,251.1,1,7
393,16,20,0,525.45,1,15
394,16,22,0,302.25,1,9
395,16,23,0,692.85,1,19
396,16,24,0,951.7,1,25
397,17,0,0,596.75,1,16
398,17,2,0,568.85,1,16
399,17,3,0,764.15,1,20
400,17,4,0,503.75,1,14
401,17,5,0,530.1,1,14
402,17,6,0,615.35,1,17
403,17,8,0,427.8,1,12
404,17,9,0,649.45,1,18
405,17,10,0,334.8,1,10
406,17,11,0,798.25,1,21
407,17,12,0,776.55,1,21
408,17,14,0,671.15,1,17
409,17,15,0,454.15,1,12
410,17,16,0,570.4,1,16
411,17,19,0,581.25,1,16
412,17,20,0,373.55,1,10
413,17,22,0,294.5,1,8
414,17,23,0,153.45,1,5
415,17,24,0,362.7,1,10
416,18,0,0,719.2,1,19
417,18,2,0,638.6,1,17
418,18,3,0,833.9,1,22
419,18,4,0,624.65,1,17
420,18,5,0,660.3,1,16
421,18,6,0,685.1,1,18
422,18,8,0,542.5,1,15
423,18,9,0,711.45,1,18
424,18,11,0,832.35,1,21
425,18,12,0,1038.5,1,27
426,18,14,0,798.25,1,21
427,18,16,0,686.65,1,19
428,18,20,0,438.65,1,12
429,19,0,0,615.35,1,17
430,19,2,0,643.25,1,17
431,19,4,0,390.6,1,11
432,19,6,0,824.6,1,22
433,19,9,0,954.8,1,25
434,19,10,0,909.85,1,24
435,19,11,0,748.65,1,20
436,19,12,0,523.9,1,14
437,19,13,0,565.75,1,14
438,19,15,0,1023,1,27
439,19,16,0,251.1,1,7
440,19,17,0,581.25,1,16
441,19,18,0,709.9,1,18
442,19,20,0,764.15,1,20
443,19,22,0,437.1,1,12
444,19,23,0,728.5,1,18
445,19,24,0,942.4,1,25
446,20,0,0,361.15,1,10
447,20,2,0,207.7,1,7
448,20,3,0,620,1,17
449,20,4,0,413.85,1,12
450,20,5,0,178.25,1,6
451,20,6,0,243.35,1,7
452,20,8,0,444.85,1,13
453,20,9,0,279,1,8
454,20,10,0,714.55,1,19
455,20,11,0,406.1,1,11
456,20,12,0,637.05,1,17
457,20,14,0,878.85,1,23
458,20,15,0,757.95,1,19
459,20,16,0,525.45,1,15
460,20,17,0,373.55,1,11
461,20,18,0,438.65,1,12
462,20,19,0,764.15,1,20
463,20,21,0,466.55,1,13
464,20,22,0,272.8,1,8
465,20,24,0,641.7,1,17
466,21,0,0,444.85,1,13
467,21,2,0,424.7,1,12
468,21,4,0,263.5,1,8
469,21,6,0,593.65,1,16
470,21,9,0,723.85,1,19
471,21,10,0,623.1,1,16
472,21,11,0,646.35,1,18
473,21,12,0,554.9,1,15
474,21,16,0,305.35,1,9
475,21,20,0,466.55,1,13
476,21,22,0,142.6,1,5
477,21,24,0,651,1,18
478,22,0,0,297.6,1,9
479,22,2,0,308.45,1,10
480,22,4,0,204.6,1,7
481,22,6,0,446.4,1,13
482,22,8,0,203.05,1,6
483,22,9,0,576.6,1,16
484,22,10,0,623.1,1,17
485,22,11,0,499.1,1,14
486,22,12,0,556.45,1,15
487,22,14,0,527,1,15
488,22,15,0,733.15,1,19
489,22,16,0,302.25,1,9
490,22,17,0,294.5,1,8
491,22,18,0,404.55,1,10
492,22,19,0,437.1,1,12
493,22,20,0,272.8,1,9
494,22,21,0,142.6,1,5
495,22,23,0,432.45,1,11
496,22,24,0,643.25,1,17
497,23,0,0,739.35,1,20
498,23,2,0,716.1,1,19
499,23,3,0,888.15,1,23
500,23,4,0,646.35,1,18
501,23,6,0,761.05,1,20
502,23,8,0,536.3,1,15
503,23,9,0,891.25,1,24
504,23,11,0,852.5,1,23
505,23,12,0,919.15,1,24
506,23,14,0,818.4,1,20
507,23,16,0,692.85,1,19
508,23,19,0,728.5,1,18
509,23,20,0,522.35,1,14
510,23,22,0,432.45,1,11
511,24,0,0,957.9,1,25
512,24,2,0,847.85,1,23
513,24,3,0,1108.25,1,29
514,24,4,0,861.8,1,23
515,24,6,0,877.3,1,23
516,24,8,0,801.35,1,21
517,24,9,0,1019.9,1,27
518,24,10,0,286.75,1,8
519,24,11,0,1021.45,1,27
520,24,12,0,1137.7,1,30
521,24,14,0,995.1,1,26
522,24,15,0,110.05,1,4
523,24,16,0,951.7,1,25
524,24,17,0,362.7,1,10
525,24,19,0,942.4,1,25
526,24,20,0,641.7,1,17
527,24,21,0,651,1,16
528,24,22,0,643.25,1,17
PATHS,600
Index,Shipment origin,Shipment destination,1st terminal on path,2nd terminal on path,.....,6th terminal on path
0,0,1,0,1
1,0,2,0,1,2
2,0,3,0,1,3
3,0,4,0,1,4
4,0,5,0,1,5
5,0,6,0,1,6
6,0,7,0,1,7
7,0,8,0,1,8
8,0,9,0,1,9
9,0,10,0,1,10
10,0,11,0,1,11
11,0,12,0,1,12
12,0,13,0,1,13
13,0,14,0,1,14
14,0,15,0,1,15
15,0,16,0,1,16
16,0,17,0,1,17
17,0,18,0,1,18
18,0,19,0,1,19
19,0,20,0,1,20
20,0,21,0,1,21
21,0,22,0,1,22
22,0,23,0,1,23
23,0,24,0,1,24
24,1,0,1,0
25,1,2,1,2
26,1,3,1,3
27,1,4,1,4
28,1,5,1,5
29,1,6,1,6
30,1,7,1,7
31,1,8,1,8
32,1,9,1,9
33,1,10,1,10
34,1,11,1,11
35,1,12,1,12
36,1,13,1,13
37,1,14,1,14
38,1,15,1,15
39,1,16,1,16
40,1,17,1,17
41,1,18,1,18
42,1,19,1,19
43,1,20,1,20
44,1,21,1,21
45,1,22,1,22
46,1,23,1,23
47,1,24,1,24
48,2,0,2,1,0
49,2,1,2,1
50,2,3,2,1,3
51,2,4,2,1,4
52,2,5,2,1,5
53,2,6,2,1,6
54,2,8,2,1,8
55,2,7,2,1,7
56,2,9,2,1,9
57,2,10,2,1,10
58,2,11,2,1,11
59,2,12,2,1,12
60,2,13,2,1,13
61,2,14,2,1,14
62,2,15,2,1,15
63,2,16,2,1,16
64,2,17,2,1,17
65,2,18,2,1,18
66,2,19,2,1,19
67,2,20,2,1,20
68,2,21,2,1,21
69,2,22,2,1,22
70,2,23,2,1,23
71,2,24,2,1,24
72,3,0,3,1,0
73,3,1,3,1
74,3,2,3,1,2
75,3,4,3,4
76,3,5,3,1,5
77,3,6,3,1,6
78,3,7,3,1,7
79,3,8,3,8
80,3,9,3,1,9
81,3,10,3,13,10
82,3,11,3,1,11
83,3,12,3,12
84,3,13,3,13
85,3,14,3,14
86,3,15,3,13,15
87,3,16,3,16
88,3,17,3,13,17
89,3,18,3,13,18
90,3,19,3,19
91,3,20,3,1,20
92,3,21,3,21
93,3,22,3,22
94,3,23,3,21,23
95,3,24,3,13,24
96,4,0,4,1,0
97,4,1,4,1
98,4,2,4,1,2
99,4,3,4,3
100,4,5,4,1,5
101,4,6,4,1,6
102,4,7,4,1,7
103,4,8,4,1,8
104,4,9,4,1,9
105,4,10,4,1,10
106,4,11,4,1,11
107,4,12,4,3,12
108,4,13,4,1,13
109,4,14,4,3,14
110,4,15,4,1,15
111,4,16,4,3,16
112,4,17,4,1,17
113,4,18,4,1,18
114,4,19,4,3,19
115,4,20,4,1,20
116,4,21,4,1,21
117,4,22,4,1,22
118,4,23,4,1,23
119,4,24,4,1,24
120,5,0,5,1,0
121,5,1,5,1
122,5,2,5,1,2
123,5,3,5,1,3
124,5,4,5,1,4
125,5,6,5,1,6
126,5,7,5,1,7
127,5,8,5,1,8
128,5,9,5,1,9
129,5,10,5,13,10
130,5,11,5,1,11
131,5,12,5,1,12
132,5,13,5,13
133,5,14,5,1,14
134,5,15,5,13,15
135,5,16,5,1,16
136,5,17,5,13,17
137,5,18,5,13,18
138,5,19,5,13,21,19
139,5,20,5,13,20
140,5,21,5,13,21
141,5,22,5,1,22
142,5,23,5,13,23
143,5,24,5,13,24
144,6,0,6,1,0
145,6,1,6,1
146,6,2,6,1,2
147,6,3,6,1,3
148,6,4,6,1,4
149,6,5,6,1,5
150,6,7,6,1,7
151,6,8,6,1,8
152,6,9,6,1,9
153,6,10,6,1,10
154,6,11,6,1,11
155,6,12,6,1,12
156,6,13,6,1,13
157,6,14,6,1,14
158,6,15,6,1,15
159,6,16,6,1,16
160,6,17,6,1,17
161,6,18,6,1,18
162,6,19,6,1,19
163,6,20,6,1,20
164,6,21,6,1,21
165,6,22,6,1,22
166,6,23,6,1,23
167,6,24,6,1,24
168,7,0,7,1,0
169,7,1,7,1
170,7,2,7,1,2
171,7,3,7,3
172,7,4,7,4
173,7,5,7,1,5
174,7,6,7,3,6
175,7,8,7,3,8
176,7,9,7,1,9
177,7,10,7,1,9
178,7,11,7,3,11
179,7,12,7,4,12
180,7,13,7,4,13
181,7,14,7,4,14
182,7,15,7,4,15
183,7,16,7,4,16
184,7,17,7,1,17
185,7,18,7,1,18
186,7,19,7,1,19
187,7,20,7,1,20
188,7,21,7,1,21
189,7,22,7,1,22
190,7,23,7,1,23
191,7,24,7,1,24
192,8,0,8,1,0
193,8,1,8,1
194,8,2,8,1,2
195,8,3,8,3
196,8,4,8,1,4
197,8,5,8,1,5
198,8,6,8,1,6
199,8,7,8,1,7
200,8,9,8,1,9
201,8,10,8,21,23,10
202,8,11,8,1,11
203,8,12,8,3,12
204,8,13,8,21,13
205,8,14,8,21,14
206,8,15,8,21,13,15
207,8,16,8,3,16
208,8,17,8,21,17
209,8,18,8,21,18
210,8,19,8,21,19
211,8,20,8,1,20
212,8,21,8,21
213,8,22,8,1,22
214,8,23,8,21,23
215,8,24,8,21,13,24
216,9,0,9,1,0
217,9,1,9,1
218,9,2,9,1,2
219,9,3,9,1,3
220,9,4,9,1,4
221,9,5,9,1,5
222,9,6,9,1,6
223,9,7,9,1,7
224,9,8,9,1,8
225,9,10,9,1,10
226,9,11,9,1,11
227,9,12,9,1,12
228,9,13,9,1,13
229,9,14,9,1,14
230,9,15,9,1,15
231,9,16,9,1,16
232,9,17,9,1,17
233,9,18,9,1,18
234,9,19,9,1,19
235,9,20,9,1,20
236,9,21,9,1,21
237,9,22,9,1,22
238,9,23,9,1,23
239,9,24,9,1,24
240,10,0,10,1,0
241,10,1,10,1
242,10,2,10,1,2
243,10,3,10,1,3
244,10,4,10,1,4
245,10,5,10,23,13,5
246,10,6,10,23,13,6
247,10,7,10,1,7
248,10,8,10,23,21,8
249,10,9,10,1,9
250,10,11,10,1,11
251,10,12,10,1,12
252,10,13,10,23,13
253,10,14,10,23,21,14
254,10,15,10,23,15
255,10,16,10,1,16
256,10,17,10,23,17
257,10,18,10,23,18
258,10,19,10,23,21,19
259,10,20,10,23,13,20
260,10,21,10,23,21
261,10,22,10,23,22
262,10,23,10,23
263,10,24,10,23,24
264,11,0,11,1,0
265,11,1,11,1
266,11,2,11,1,2
267,11,3,11,1,3
268,11,4,11,1,4
269,11,5,11,1,5
270,11,6,11,1,6
271,11,7,11,1,7
272,11,8,11,1,8
273,11,9,11,1,9
274,11,10,11,13,10
275,11,12,11,1,12
276,11,13,11,13
277,11,14,11,1,14
278,11,15,11,13,15
279,11,16,11,1,16
280,11,17,11,13,17
281,11,18,11,13,18
282,11,19,11,1,19
283,11,20,11,1,20
284,11,21,11,1,21
285,11,22,11,1,22
286,11,23,11,13,23
287,11,24,11,13,24
288,12,0,12,1,0
289,12,1,12,1
290,12,2,12,1,2
291,12,3,12,3
292,12,4,12,3,4
293,12,5,12,1,5
294,12,6,12,1,6
295,12,7,12,1,7
296,12,8,12,3,8
297,12,9,12,1,9
298,12,10,12,1,10
299,12,11,12,1,11
300,12,13,12,3,13
301,12,14,12,3,14
302,12,15,12,1,15
303,12,16,12,3,16
304,12,17,12,1,17
305,12,18,12,1,18
306,12,19,12,3,19
307,12,20,12,1,20
308,12,21,12,3,21
309,12,22,12,3,22
310,12,23,12,1,23
311,12,24,12,1,24
312,13,0,13,1,0
313,13,1,13,1
314,13,2,13,1,2
315,13,3,13,3
316,13,4,13,4
317,13,5,13,5
318,13,6,13,6
319,13,7,13,1,7
320,13,8,13,21,8
321,13,9,13,1,9
322,13,10,13,10
323,13,11,13,11
324,13,12,13,3,12
325,13,14,13,21,14
326,13,15,13,15
327,13,16,13,1,16
328,13,17,13,17
329,13,18,13,18
330,13,19,13,21,19
331,13,20,13,20
332,13,21,13,21
333,13,22,13,22
334,13,23,13,23
335,13,24,13,24
336,14,0,14,1,0
337,14,1,14,1
338,14,2,14,1,2
339,14,3,14,3
340,14,4,14,3,4
341,14,5,14,1,5
342,14,6,14,1,6
343,14,7,14,1,7
344,14,8,14,3,8
345,14,9,14,1,9
346,14,10,14,21,23,10
347,14,11,14,1,11
348,14,12,14,3,12
349,14,13,14,21,13
350,14,15,14,21,13,15
351,14,16,14,3,16
352,14,17,14,21,17
353,14,18,14,21,18
354,14,19,14,1,19
355,14,20,14,1,20
356,14,21,14,21
357,14,22,14,1,22
358,14,23,14,21,23
359,14,24,14,21,13,24
360,15,0,15,1,0
361,15,1,15,1
362,15,2,15,1,2
363,15,3,15,13,3
364,15,4,15,1,4
365,15,5,15,13,5
366,15,6,15,13,6
367,15,7,15,1,7
368,15,8,15,21,8
369,15,9,15,1,9
370,15,10,15,10
371,15,11,15,1,11
372,15,12,15,1,12
373,15,13,15,13
374,15,14,15,21,14
375,15,16,15,1,16
376,15,17,15,17
377,15,18,15,18
378,15,19,15,21,19
379,15,20,15,13,20
380,15,21,15,21
381,15,22,15,13,22
382,15,23,15,23
383,15,24,15,24
384,16,0,16,1,0
385,16,1,16,1
386,16,2,16,1,2
387,16,3,16,3
388,16,4,16,3,4
389,16,5,16,1,5
390,16,6,16,1,6
391,16,7,16,1,7
392,16,8,16,3,8
393,16,9,16,1,9
394,16,10,16,13,10
395,16,11,16,1,11
396,16,12,16,3,12
397,16,13,16,13
398,16,14,16,3,14
399,16,15,16,13,15
400,16,17,16,13,17
401,16,18,16,13,18
402,16,19,16,3,19
403,16,20,16,1,20
404,16,21,16,21
405,16,22,16,3,22
406,16,23,16,13,23
407,16,24,16,13,24
408,17,0,17,1,0
409,17,1,17,1
410,17,2,17,1,2
411,17,3,17,13,3
412,17,4,17,1,4
413,17,5,17,13,5
414,17,6,17,13,6
415,17,7,17,1,7
416,17,8,17,21,8
417,17,9,17,1,9
418,17,10,17,13,10
419,17,11,17,1,11
420,17,12,17,1,12
421,17,13,17,13
422,17,14,17,21,14
423,17,15,17,13,15
424,17,16,17,1,16
425,17,18,17,18
426,17,19,17,21,19
427,17,20,17,13,20
428,17,21,17,21
429,17,22,17,13,22
430,17,23,17,13,23
431,17,24,17,13,24
432,18,0,18,1,0
433,18,1,18,1
434,18,2,18,1,2
435,18,3,18,13,3
436,18,4,18,1,4
437,18,5,18,13,5
438,18,6,18,13,6
439,18,7,18,1,7
440,18,8,18,21,8
441,18,9,18,13,1,9
442,18,10,18,10
443,18,11,18,1,11
444,18,12,18,1,12
445,18,13,18,13
446,18,14,18,21,14
447,18,15,18,15
448,18,16,18,1,16
449,18,17,18,17
450,18,19,18,21,19
451,18,20,18,13,20
452,18,21,18,21
453,18,22,18,13,22
454,18,23,18,23
455,18,24,18,24
456,19,0,19,1,0
457,19,1,19,1
458,19,2,19,1,2
459,19,3,19,3
460,19,4,19,3,4
461,19,5,19,1,5
462,19,6,19,1,6
463,19,7,19,1,7
464,19,8,19,21,8
465,19,9,19,1,9
466,19,10,19,1,10
467,19,11,19,1,11
468,19,12,19,3,12
469,19,13,19,21,13
470,19,14,19,1,14
471,19,15,19,21,13,15
472,19,16,19,3,16
473,19,17,19,21,17
474,19,18,19,21,18
475,19,20,19,1,20
476,19,21,19,21
477,19,22,19,1,22
478,19,23,19,21,23
479,19,24,19,21,13,24
480,20,0,20,1,0
481,20,1,20,1
482,20,2,20,1,2
483,20,3,20,1,3
484,20,4,20,1,4
485,20,5,20,1,5
486,20,6,20,1,6
487,20,7,20,1,7
488,20,8,20,1,8
489,20,9,20,1,9
490,20,10,20,13,10
491,20,11,20,1,11
492,20,12,20,1,12
493,20,13,20,13
494,20,14,20,1,14
495,20,15,20,13,15
496,20,16,20,1,16
497,20,17,20,13,17
498,20,18,20,13,18
499,20,19,20,1,19
500,20,21,20,1,21
501,20,22,20,13,22
502,20,23,20,13,23
503,20,24,20,13,24
504,21,0,21,1,0
505,21,1,21,1
506,21,2,21,1,2
507,21,3,21,3
508,21,4,21,1,4
509,21,5,21,13,5
510,21,6,21,13,6
511,21,7,21,1,7
512,21,8,21,8
513,21,9,21,1,9
514,21,10,21,23,10
515,21,11,21,1,11
516,21,12,21,3,12
517,21,13,21,13
518,21,14,21,14
519,21,15,21,13,15
520,21,16,21,3,16
521,21,17,21,17
522,21,18,21,18
523,21,19,21,19
524,21,20,21,1,20
525,21,22,21,1,22
526,21,23,21,23
527,21,24,21,13,24
528,22,0,22,1,0
529,22,1,22,1
530,22,2,22,1,2
531,22,3,22,3
532,22,4,22,1,4
533,22,5,22,13,5
534,22,6,22,1,6
535,22,7,22,1,7
536,22,8,22,1,8
537,22,9,22,1,9
538,22,10,22,13,10
539,22,11,22,1,11
540,22,12,22,3,12
541,22,13,22,13
542,22,14,22,1,14
543,22,15,22,13,15
544,22,16,22,1,16
545,22,17,22,13,17
546,22,18,22,13,18
547,22,19,22,1,19
548,22,20,22,13,20
549,22,21,22,1,21
550,22,23,22,13,23
551,22,24,22,13,24
552,23,0,23,1,0
553,23,1,23,1
554,23,2,23,1,2
555,23,3,23,1,3
556,23,4,23,1,4
557,23,5,23,13,5
558,23,6,23,13,6
559,23,7,23,1,7
560,23,8,23,21,8
561,23,9,23,1,9
562,23,10,23,10
563,23,11,23,1,11
564,23,12,23,1,12
565,23,13,23,13
566,23,14,23,21,14
567,23,15,23,15
568,23,16,23,1,16
569,23,17,23,17
570,23,18,23,18
571,23,19,23,21,19
572,23,20,23,13,20
573,23,21,23,21
574,23,22,23,22
575,23,24,23,24
576,24,0,24,1,0
577,24,1,24,1
578,24,2,24,1,2
579,24,3,24,13,3
580,24,4,24,1,4
581,24,5,24,13,5
582,24,6,24,13,6
583,24,7,24,1,7
584,24,8,24,18,21,8
585,24,9,24,13,1,9
586,24,10,24,23,10
587,24,11,24,13,11
588,24,12,24,1,12
589,24,13,24,13
590,24,14,24,18,21,14
591,24,15,24,15
592,24,16,24,1,16
593,24,17,24,13,17
594,24,18,24,18
595,24,19,24,18,21,19
596,24,20,24,13,20
597,24,21,24,18,21
598,24,22,24,13,22
599,24,23,24,23
COMMODITIES,600
Index,Origin,Destination,Demand/Size,Earliest available time,Latest delivery time
0,22,16,0.13329,232,260
1,22,21,0.519116,230,261
2,23,12,0.321769,182,221
3,14,10,0.181335,138,177
4,17,15,0.139297,134,166
5,5,18,0.551843,186,215
6,11,12,0.33844,182,212
7,16,5,0.144794,38,73
8,2,12,0.0530683,232,261
9,20,8,0.25129,138,169
10,11,17,0.347319,232,266
11,15,19,0.889412,134,174
12,14,8,0.433307,134,166
13,1,23,0.436821,182,212
14,22,1,0.0939306,136,156
15,10,22,0.0725479,230,259
16,12,2,0.274489,138,167
17,17,1,0.837063,90,116
18,0,10,0.499326,232,275
19,18,10,0.29873,88,110
20,22,13,0.731579,186,205
21,1,11,0.151648,184,204
22,2,17,0.106468,134,169
23,5,16,0.411546,230,265
24,17,1,0.522645,184,210
25,11,3,0.617985,230,258
26,16,22,0.242896,38,68
27,20,13,0.30088,136,154
28,13,8,0.750974,234,259
29,11,13,0.196141,182,210
30,6,14,0.0179305,42,79
31,24,11,0.746703,184,224
32,14,23,0.419478,234,267
33,14,6,0.156421,234,271
34,21,3,0.148307,186,211
35,10,6,0.0859624,86,125
36,2,23,0.0945056,136,173
37,18,15,0.507853,182,204
38,12,3,0.151202,184,201
39,1,11,0.110407,42,62
40,5,23,0.771256,234,265
41,22,13,0.692605,138,157
42,5,16,0.428166,182,217
43,22,23,0.516215,42,70
44,14,21,0.854176,230,252
45,21,15,0.072647,182,216
46,3,24,0.992069,138,181
47,10,15,0.424779,38,67
48,24,10,0.0955591,134,161
49,23,0,0.63703,230,264
50,2,21,0.00495678,136,166
51,0,18,0.784944,186,221
52,1,14,0.317799,136,164
53,16,1,0.417063,40,60
54,0,8,0.376278,184,210
55,1,13,0.972866,38,64
56,23,20,0.875113,230,257
57,15,20,0.116538,186,220
58,24,12,0.0394205,234,280
59,1,15,0.350821,138,174
60,18,10,0.58486,184,206
61,10,20,0.0917,40,73
62,18,21,0.0166962,232,255
63,2,23,0.102964,230,267
64,24,6,0.368862,40,75
65,2,17,0.105262,40,75
66,23,17,0.226791,38,55
67,19,17,0.283265,232,260
68,22,2,0.652569,182,209
69,23,10,0.591942,134,152
70,24,15,0.04858,184,200
71,19,15,0.494853,136,178
72,2,19,0.27004,234,266
73,24,6,0.437119,186,221
74,22,1,0.325415,232,252
75,2,3,0.310838,232,259
76,23,3,0.936658,234,271
77,22,13,0.759629,134,153
78,0,5,0.193432,186,218
79,20,1,0.170932,184,206
80,11,1,0.380027,40,60
81,18,15,0.308359,86,108
82,3,2,0.901326,40,67
83,2,15,0.440674,184,227
84,17,23,0.547534,134,161
85,19,18,0.24037,38,71
86,20,8,0.269663,136,167
87,0,16,0.722161,232,257
88,1,12,0.629375,232,254
89,16,11,0.731244,38,66
90,2,12,0.0470597,230,259
91,1,3,0.100931,230,250
92,13,8,0.761667,88,113
93,3,5,0.855918,138,173
94,1,8,0.135284,234,255
95,18,11,0.0665979,232,269
96,17,8,0.198173,90,115
97,2,13,0.114546,134,167
98,21,3,0.179828,232,257
99,13,21,0.280206,184,204
100,1,11,0.684879,182,202
101,19,9,0.198194,86,123
102,3,20,0.98178,230,260
103,5,16,0.390422,90,125
104,17,9,0.326798,90,128
105,23,6,0.63408,232,265
106,14,22,0.637841,232,268
107,1,0,0.688826,88,105
108,20,1,0.952785,38,60
109,17,13,0.16871,184,202
110,14,10,0.173317,90,129
111,17,23,0.842318,136,163
112,4,21,0.0126443,86,115
113,17,23,0.754105,38,65
114,22,24,0.407452,138,168
115,23,9,0.599404,138,179
116,1,6,0.78379,138,159
117,17,1,0.114368,136,162
118,3,22,0.252289,42,67
119,4,16,0.460824,136,161
120,17,9,0.338466,38,76
121,10,21,0.0455824,184,215
122,12,2,0.185457,38,67
123,0,14,0.318275,136,169
124,1,11,0.0525766,230,250
125,15,6,0.18417,90,130
126,10,6,0.0939825,138,177
127,23,9,0.702512,88,129
128,11,18,0.232165,42,77
129,13,19,0.496897,40,68
130,19,13,0.496228,136,164
131,3,13,0.588923,40,72
132,17,5,0.226258,42,70
133,21,11,0.0527871,42,73
134,14,13,0.998227,184,214
135,13,18,0.585262,38,57
136,22,15,0.110936,40,73
137,5,15,0.443424,138,174
138,24,11,0.680995,138,178
139,4,6,0.0658223,90,117
140,11,18,0.902865,88,123
141,24,18,0.861978,42,61
142,16,4,0.819184,138,163
143,4,17,0.0056183,86,120
144,8,24,0.0285517,234,270
145,17,9,0.318854,134,172
146,22,10,0.0719626,234,265
147,14,9,0.574422,40,80
148,24,16,0.0223967,88,132
149,11,23,0.552113,88,125
150,12,23,0.0680329,38,78
151,16,3,0.621877,42,59
152,23,22,0.980305,186,209
153,23,24,0.663322,134,155
154,3,10,0.0895732,86,130
155,6,18,0.0303741,136,175
156,14,8,0.333011,86,118
157,5,24,0.0620608,186,219
158,1,13,0.870265,42,68
159,1,4,0.274373,186,204
160,2,1,0.547386,184,203
161,5,14,0.359358,138,181
162,1,13,0.74351,182,208
163,0,22,0.261593,136,161
164,17,14,0.00720528,136,166
165,23,6,0.659027,182,215
166,16,1,0.762281,42,62
167,5,16,0.377287,40,75
168,1,21,0.347827,90,113
169,11,13,0.374072,232,260
170,11,22,0.839106,40,68
171,5,17,0.386341,134,162
172,4,14,0.481034,42,73
173,0,2,0.10434,136,160
174,10,19,0.394969,138,177
175,12,23,0.07616,136,176
176,10,15,0.426787,42,71
177,10,2,0.0226741,38,80
178,1,14,0.609326,38,66
179,1,18,0.0158928,88,118
180,20,2,0.243296,88,117
181,22,17,0.286749,90,115
182,8,14,0.0182729,138,165
183,1,8,0.0122948,90,111
184,21,12,0.0149634,42,72
185,23,22,0.369522,42,65
186,2,12,0.0564019,134,163
187,21,9,0.208863,186,221
188,18,1,0.0702753,90,119
189,20,13,0.496741,86,104
190,3,4,0.434045,86,106
191,20,0,0.0573635,136,163
192,21,0,0.0817253,232,260
193,15,8,0.164666,38,75
194,6,18,0.032746,138,177
195,0,18,0.871674,40,75
196,0,10,0.482245,230,273
197,15,22,0.666264,88,123
198,1,3,0.338234,42,62
199,1,13,0.679724,136,162
200,14,10,0.187239,234,273
201,12,23,0.0658295,234,274
202,16,13,0.947716,182,211
203,24,22,0.7008,40,70
204,23,3,0.891978,134,171
205,12,17,0.00654103,88,126
206,15,21,0.17752,90,122
207,18,21,0.640725,134,157
208,11,15,0.199431,38,80
209,2,3,0.334608,136,163
210,12,6,0.152434,230,261
211,14,13,0.0145502,42,72
212,18,4,0.748816,234,269
213,22,24,0.451183,88,118
214,16,10,0.0326064,138,179
215,16,8,0.754728,90,116
216,3,2,0.954957,90,117
217,13,12,0.128897,86,125
218,19,13,0.556109,88,116
219,23,22,0.35421,136,159
220,20,1,0.997333,182,204
221,24,12,0.0417923,186,232
222,3,4,0.169926,134,154
223,18,13,0.172704,38,57
224,15,13,0.489791,138,166
225,19,4,0.0737695,88,119
226,0,10,0.530937,182,225
227,10,16,0.10723,184,227
228,6,14,0.0166456,232,269
229,8,13,0.291596,38,63
230,4,0,0.14414,42,65
231,8,13,0.29551,182,207
232,3,19,0.00800594,230,253
233,1,13,0.884787,138,164
234,8,3,0.196244,40,61
235,17,23,0.225726,186,213
236,3,16,0.589959,138,155
237,1,3,0.0539069,134,154
238,3,10,0.0914587,40,84
239,16,20,0.223183,182,212
240,9,16,0.869114,184,216
241,23,22,0.126813,90,113
242,21,12,0.012699,136,166
243,4,12,0.190339,38,63
244,20,13,0.793904,138,156
245,20,3,0.413072,38,68
246,4,16,0.460103,38,63
247,11,10,0.292901,42,82
248,13,2,0.309973,88,120
249,1,24,0.582147,86,122
250,18,23,0.0456996,38,54
251,17,18,0.376116,86,103
252,12,20,0.783525,40,72
253,24,15,0.261518,40,56
254,8,4,0.00882542,90,117
255,18,6,0.835521,182,213
256,18,24,0.670632,230,249
257,21,18,0.214731,138,163
258,11,23,0.191992,38,75
259,17,19,0.755315,38,66
260,17,19,0.681761,184,212
261,1,8,0.0925698,38,59
262,17,23,0.198301,182,209
263,18,4,0.809977,38,73
264,16,21,0.70388,134,155
265,19,13,0.540085,184,212
266,19,9,0.222955,182,219
267,24,3,0.0166775,182,227
268,10,2,0.0204316,186,228
269,6,4,0.0160596,40,67
270,13,15,0.371251,186,212
271,5,13,0.306163,138,160
272,17,13,0.175116,40,58
273,10,14,0.125738,134,175
274,5,20,0.298168,86,114
275,15,13,0.362097,134,162
276,11,14,0.457074,184,220
277,22,4,0.0379773,38,64
278,9,12,0.00454545,40,74
279,19,11,0.731195,90,123
280,2,1,0.318302,42,61
281,23,0,0.677806,38,72
282,6,18,0.0345861,232,271
283,19,23,0.60644,182,213
284,23,17,0.918416,42,59
285,13,12,0.117664,182,221
286,10,14,0.124314,86,127
287,0,14,0.290472,134,167
288,11,22,0.854452,42,70
289,19,1,0.0570345,134,159
290,8,15,0.0437946,136,175
291,1,0,0.393131,138,155
292,21,20,0.00727424,136,169
293,16,15,0.52052,38,81
294,13,3,0.314513,86,120
295,16,13,0.964491,136,165
296,24,11,0.722999,42,82
297,6,14,0.0169592,186,223
298,12,3,0.350252,232,249
299,16,2,0.298128,38,65
300,4,14,0.451858,230,261
301,1,23,0.547732,40,70
302,8,13,0.282014,90,115
303,15,16,0.359462,184,228
304,3,15,0.277774,138,184
305,0,1,0.443495,230,247
306,24,21,0.106051,86,116
307,21,24,0.279535,38,69
308,19,5,0.534888,136,176
309,18,11,0.0187438,186,223
310,16,6,0.10972,138,167
311,4,12,0.180985,86,111
312,5,3,0.674824,184,219
313,20,17,0.448999,136,160
314,3,15,0.238115,40,86
315,3,16,0.187388,184,201
316,21,1,0.161829,138,161
317,15,23,0.126443,86,109
318,20,14,0.377922,184,222
319,23,15,0.273459,40,63
320,24,21,0.122029,234,264
321,8,3,0.249005,136,157
322,17,1,0.32413,230,256
323,19,17,0.30267,182,210
324,1,12,0.247434,86,108
325,19,21,0.713403,136,156
326,0,5,0.199073,90,122
327,23,9,0.47903,86,127
328,17,19,0.72198,186,214
329,10,21,0.0453715,86,117
330,10,1,0.192525,232,267
331,12,18,0.138069,232,272
332,8,3,0.626373,86,107
333,24,18,0.0949663,86,105
334,1,11,0.105244,136,156
335,5,12,0.015046,232,269
336,5,4,0.200331,90,123
337,15,21,0.0709396,234,266
338,14,23,0.386546,136,169
339,13,11,0.148457,230,259
340,15,6,0.194461,136,176
341,16,3,0.0537211,136,153
342,4,6,0.062472,182,209
343,12,16,0.646895,136,158
344,22,10,0.0705525,40,71
345,5,15,0.443658,182,218
346,1,4,0.414859,88,106
347,9,16,0.912216,90,122
348,20,13,0.274847,90,108
349,18,16,0.4764,42,79
350,23,10,0.457322,234,252
351,18,21,0.396139,42,65
352,17,15,0.11431,40,72
353,12,14,0.0417727,232,260
354,5,18,0.534994,184,213
355,23,12,0.350058,186,225
356,14,15,0.00330648,184,228
357,4,16,0.422286,90,115
358,16,22,0.27066,40,70
359,13,3,0.39497,42,76
360,8,16,0.0105291,38,64
361,24,0,0.0527452,40,81
362,10,20,0.104776,138,171
363,10,14,0.124947,230,271
364,14,15,0.831736,136,180
365,1,22,0.144652,40,60
366,0,14,0.321377,230,263
367,19,13,0.495365,186,214
368,4,6,0.0721647,134,161
369,0,9,0.144883,40,69
370,3,19,0.516589,184,207
371,22,14,0.25898,234,270
372,14,12,0.157297,234,262
373,24,18,0.897283,40,59
374,16,3,0.183353,182,199
375,21,14,0.00944837,234,256
376,11,18,0.290357,38,73
377,0,1,0.405169,136,153
378,0,20,0.680996,232,259
379,24,14,0.170992,134,174
380,1,3,0.0263123,86,106
381,1,22,0.970521,232,252
382,12,2,0.135909,90,119
383,11,19,0.358886,86,119
384,12,17,0.00582595,86,124
385,19,22,0.304286,136,169
386,13,5,0.320176,182,204
387,2,19,0.300554,136,168
388,5,4,0.190615,230,263
389,23,11,0.239732,232,269
390,2,19,0.306149,38,70
391,2,13,0.110316,234,267
392,1,22,0.232759,230,250
393,16,19,0.650849,40,68
394,17,20,0.29751,234,258
395,19,21,0.76178,42,62
396,1,22,0.229804,90,110
397,10,24,0.763311,38,65
398,24,19,0.794831,40,78
399,22,14,0.23112,40,76
400,17,13,0.983615,88,106
401,0,21,0.407799,40,68
402,22,10,0.0630795,42,73
403,23,21,0.879429,230,255
404,17,11,0.122492,138,172
405,21,5,0.00454545,138,168
406,24,15,0.122877,232,248
407,17,1,0.500482,232,258
408,1,6,0.556497,182,203
409,11,22,0.826367,234,262
410,3,5,0.801212,232,267
411,16,3,0.390119,38,55
412,11,3,0.609222,134,162
413,0,1,0.90967,232,249
414,24,3,0.0174981,232,277
415,3,19,0.780817,186,209
416,5,8,0.0504194,136,172
417,16,4,0.746394,230,255
418,2,3,0.341463,86,113
419,14,21,0.814989,90,112
420,23,3,0.72294,88,125
421,5,8,0.0437272,90,126
422,10,24,0.853373,40,67
423,16,19,0.654647,230,258
424,0,13,0.338767,134,165
425,4,19,0.00886599,40,71
426,23,10,0.765566,90,108
427,24,17,0.704734,234,263
428,1,17,0.844653,42,70
429,22,11,0.39366,134,162
430,22,10,0.0676655,186,217
431,21,11,0.0536679,136,167
432,21,3,0.169433,134,159
433,8,4,0.00921783,40,67
434,16,15,0.534305,136,179
435,5,4,0.189282,88,121
436,10,17,0.167327,90,113
437,19,10,0.244645,186,237
438,11,10,0.278669,138,178
439,24,6,0.391387,230,265
440,13,18,0.952761,138,157
441,10,20,0.0929888,234,267
442,23,10,0.638269,138,156
443,5,15,0.416244,136,172
444,0,22,0.24384,182,207
445,0,19,0.274336,232,262
446,13,2,0.294665,182,214
447,0,8,0.379527,42,68
448,23,20,0.0315869,182,209
449,21,13,0.811293,234,254
450,5,13,0.431141,38,60
451,1,17,0.799305,230,258
452,8,15,0.0397984,184,223
453,14,15,0.73677,88,132
454,14,23,0.376887,138,171
455,23,17,0.804261,186,203
456,2,13,0.124491,138,171
457,1,17,0.659883,232,260
458,3,5,0.778526,182,217
459,2,19,0.299931,90,122
460,13,5,0.300513,232,254
461,10,4,0.0150785,184,225
462,20,23,0.0952017,40,67
463,5,20,0.351741,234,262
464,18,13,0.255254,232,251
465,23,24,0.373978,42,63
466,4,16,0.461676,40,65
467,16,19,0.643296,42,70
468,19,20,0.363237,232,267
469,13,10,0.81876,186,210
470,4,19,0.00875658,184,215
471,3,10,0.0913106,88,132
472,1,12,0.851788,42,64
473,5,17,0.445169,232,260
474,2,13,0.124311,40,73
475,5,24,0.0684378,182,215
476,16,22,0.199137,42,72
477,14,0,0.66384,138,171
478,0,19,0.27093,38,68
479,2,15,0.436792,42,85
480,19,10,0.252127,90,141
481,14,21,0.868063,42,64
482,2,22,0.209377,90,117
483,15,1,0.10283,86,122
484,15,23,0.657815,134,157
485,0,2,0.0930367,182,206
486,13,5,0.31274,90,112
487,2,0,0.0533282,42,66
488,13,19,0.411367,134,162
489,2,1,0.406612,234,253
490,16,21,0.614475,136,157
491,17,0,0.00837044,88,119
492,5,13,0.505212,232,254
493,18,10,0.330675,234,256
494,20,23,0.105935,186,213
495,3,22,0.380177,136,161
496,23,22,0.965358,86,109
497,1,19,0.709978,182,207
498,10,14,0.11599,88,129
499,11,17,0.372126,138,172
500,19,11,0.741298,138,171
501,0,16,0.79131,184,209
502,3,2,0.885546,38,65
503,11,13,0.0929062,186,214
504,12,10,0.768626,184,232
505,19,18,0.924339,234,267
506,5,19,0.128402,88,126
507,0,21,0.409842,134,162
508,3,1,0.169154,38,58
509,13,0,0.6738,138,168
510,19,21,0.64177,90,110
511,11,23,0.759249,186,223
512,0,6,0.107931,42,68
513,3,19,0.697564,38,61
514,11,17,0.372377,136,170
515,1,12,0.160428,138,160
516,24,5,0.0414729,42,75
517,3,21,0.168712,40,66
518,23,11,0.29941,40,77
519,23,6,0.609613,184,217
520,13,15,0.922549,182,208
521,24,11,0.758319,230,270
522,23,17,0.424952,232,249
523,4,10,0.0513559,38,82
524,11,24,0.0956574,86,125
525,19,9,0.188251,186,223
526,4,6,0.067794,136,163
527,10,1,0.819384,184,219
528,0,1,0.437288,88,105
529,17,24,0.620432,38,67
530,1,21,0.829244,186,209
531,15,19,0.878113,38,78
532,6,17,0.0560308,38,75
533,15,5,0.415886,134,172
534,6,17,0.0519312,230,267
535,3,0,0.299898,182,207
536,21,18,0.203113,234,259
537,18,21,0.63181,138,161
538,2,21,0.00560617,234,264
539,22,4,0.0367437,230,256
540,12,11,0.212639,186,216
541,13,15,0.524321,184,210
542,0,13,0.380619,186,217
543,14,16,0.0557187,182,210
544,19,13,0.541971,138,166
545,5,17,0.379585,234,262
546,24,15,0.409426,88,104
547,24,8,0.0518472,42,77
548,10,20,0.0948714,86,119
549,13,18,0.963777,230,249
550,21,0,0.0854093,42,70
551,18,1,0.897116,136,165
552,1,0,0.055601,230,247
553,4,14,0.437169,38,69
554,11,15,0.869906,88,130
555,14,18,0.566507,186,221
556,18,8,0.476551,38,66
557,22,3,0.11971,230,254
558,19,13,0.536826,90,118
559,12,9,0.219164,186,220
560,13,5,0.309201,40,62
561,0,20,0.704005,138,165
562,20,17,0.433272,234,258
563,13,11,0.0519224,138,167
564,13,1,0.834948,42,67
565,19,17,0.30486,184,212
566,1,24,0.503695,186,222
567,3,14,0.574343,230,253
568,21,12,0.0129665,138,168
569,18,24,0.945256,232,251
570,19,13,0.538159,182,210
571,15,20,0.061523,184,218
572,4,6,0.0649471,42,69
573,14,21,0.913267,136,158
574,10,20,0.103766,90,123
575,2,13,0.116759,90,123
576,8,14,0.0157968,182,209
577,2,8,0.48108,42,70
578,22,15,0.118686,42,75
579,13,20,0.45863,136,154
580,22,2,0.705391,230,257
581,11,15,0.948282,134,176
582,11,4,0.224933,42,68
583,4,11,0.248768,38,64
584,13,23,0.746075,186,207
585,19,3,0.931066,40,63
586,22,1,0.832802,182,202
587,12,2,0.246979,88,117
588,12,23,0.0711479,90,130
589,4,15,0.250813,90,132
590,5,18,0.51277,42,71
591,12,23,0.0765154,186,226
592,16,1,0.907008,88,108
593,11,14,0.420103,88,124
594,23,17,0.256699,40,57
595,6,3,0.274342,186,215
596,8,3,0.882422,186,207
597,23,24,0.698953,86,107
598,23,17,0.814695,184,201
599,20,15,0.413722,138,170
