NODES,25
INDEX,Name,X-coordinate,Y-coordinate
0,0,-,-
1,1,-,-
2,2,-,-
3,3,-,-
4,4,-,-
5,5,-,-
6,6,-,-
7,7,-,-
8,8,-,-
9,9,-,-
10,10,-,-
11,11,-,-
12,12,-,-
13,13,-,-
14,14,-,-
15,15,-,-
16,16,-,-
17,17,-,-
18,18,-,-
19,19,-,-
20,20,-,-
21,21,-,-
22,22,-,-
23,23,-,-
24,24,-,-
ARCS,529
Index,Origin,Destination,Variable Cost,Fixed Cost,Capacity,Travel time
0,0,1,0,117.8,1,5
1,1,0,0,117.8,1,5
2,1,2,0,234.05,1,7
3,1,3,0,260.4,1,8
4,1,4,0,175.15,1,6
5,1,5,0,486.7,1,15
6,1,6,0,323.95,1,9
7,1,8,0,323.95,1,9
8,1,9,0,447.95,1,12
9,1,10,0,883.5,1,26
10,1,11,0,255.75,1,8
11,1,12,0,387.5,1,10
12,1,13,0,489.8,1,14
13,1,14,0,525.45,1,16
14,1,15,0,1002.85,1,24
15,1,16,0,252.65,1,8
16,1,17,0,545.6,1,16
17,1,18,0,680.45,1,18
18,1,19,0,503.75,1,13
19,1,20,0,358.05,1,10
20,1,21,0,409.2,1,11
21,1,22,0,266.6,1,8
22,1,23,0,699.05,1,18
23,1,24,0,903.65,1,24
24,2,1,0,234.05,1,7
25,3,1,0,260.4,1,8
26,3,4,0,230.95,1,8
27,3,8,0,311.55,1,9
28,3,12,0,144.15,1,5
29,3,13,0,661.85,1,20
30,3,14,0,418.5,1,11
31,3,16,0,151.9,1,5
32,3,19,0,396.8,1,11
33,3,21,0,469.65,1,14
34,3,22,0,429.35,1,13
35,4,1,0,175.15,1,6
36,4,3,0,230.95,1,8
37,5,1,0,486.7,1,15
38,5,13,0,367.35,1,10
39,6,1,0,323.95,1,9
40,6,13,0,430.9,1,11
41,7,1,0,103.85,1,4
42,8,1,0,323.95,1,9
43,8,3,0,311.55,1,9
44,8,13,0,415.4,1,11
45,8,16,0,161.2,1,6
46,8,21,0,158.1,1,5
47,9,1,0,447.95,1,12
48,10,1,0,891.25,1,23
49,10,23,0,192.2,1,6
50,11,1,0,255.75,1,8
51,11,13,0,592.1,1,16
52,12,1,0,387.5,1,10
53,12,3,0,144.15,1,5
54,13,1,0,489.8,1,13
55,13,3,0,669.6,1,22
56,13,5,0,367.35,1,10
57,13,6,0,430.9,1,12
58,13,10,0,483.6,1,12
59,13,11,0,596.75,1,17
60,13,15,0,553.35,1,14
61,13,17,0,176.7,1,6
62,13,18,0,248,1,7
63,13,19,0,573.5,1,16
64,13,20,0,198.4,1,6
65,13,21,0,275.9,1,8
66,13,22,0,232.5,1,7
67,13,23,0,323.95,1,9
68,13,24,0,449.5,1,11
69,14,1,0,525.45,1,16
70,14,3,0,418.5,1,11
71,14,19,0,111.6,1,4
72,14,21,0,384.4,1,10
73,15,1,0,1002.85,1,24
74,15,13,0,553.35,1,16
75,15,18,0,350.3,1,10
76,15,21,0,747.1,1,20
77,15,23,0,412.3,1,11
78,16,1,0,252.65,1,8
79,16,3,0,151.9,1,5
80,16,8,0,161.2,1,6
81,16,13,0,581.25,1,17
82,16,21,0,305.35,1,9
83,17,1,0,544.05,1,14
84,17,13,0,176.7,1,6
85,17,18,0,127.1,1,5
86,17,21,0,292.95,1,8
87,18,1,0,666.5,1,17
88,18,10,0,308.45,1,10
89,18,13,0,248,1,7
90,18,15,0,350.3,1,10
91,18,17,0,127.1,1,5
92,18,19,0,719.2,1,19
93,18,21,0,421.6,1,11
94,18,22,0,421.6,1,13
95,18,23,0,116.25,1,4
96,18,24,0,237.15,1,7
97,19,1,0,503.75,1,13
98,19,3,0,396.8,1,11
99,19,8,0,240.25,1,7
100,19,14,0,111.6,1,4
101,19,21,0,297.6,1,8
102,20,1,0,358.05,1,10
103,20,13,0,198.4,1,6
104,20,23,0,522.35,1,15
105,21,1,0,409.2,1,11
106,21,3,0,458.8,1,13
107,21,8,0,158.1,1,5
108,21,13,0,275.9,1,8
109,21,14,0,384.4,1,10
110,21,15,0,829.25,1,22
111,21,17,0,292.95,1,8
112,21,18,0,420.05,1,13
113,21,19,0,297.6,1,8
114,21,23,0,440.2,1,11
115,22,1,0,266.6,1,8
116,22,3,0,429.35,1,12
117,22,13,0,232.5,1,7
118,23,1,0,699.05,1,17
119,23,10,0,192.2,1,6
120,23,13,0,323.95,1,9
121,23,15,0,412.3,1,11
122,23,17,0,153.45,1,5
123,23,18,0,116.25,1,4
124,23,21,0,446.4,1,13
125,23,24,0,305.35,1,9
126,24,1,0,903.65,1,24
127,24,13,0,449.5,1,11
128,24,18,0,237.15,1,7
129,24,23,0,305.35,1,9
130,0,2,0,161.2,1,6
131,0,3,0,353.4,1,10
132,0,4,0,285.2,1,9
133,0,5,0,474.3,1,13
134,0,6,0,246.45,1,8
135,0,8,0,427.8,1,12
136,0,9,0,379.75,1,11
137,0,10,0,931.55,1,25
138,0,11,0,158.1,1,5
139,0,12,0,401.45,1,11
140,0,14,0,632.4,1,17
141,0,15,0,1063.3,1,28
142,0,16,0,367.35,1,11
143,0,17,0,596.75,1,16
144,0,18,0,717.65,1,19
145,0,19,0,615.35,1,17
146,0,20,0,361.15,1,10
147,0,21,0,444.85,1,13
148,0,22,0,297.6,1,9
149,0,23,0,739.35,1,20
150,0,24,0,957.9,1,25
151,1,7,0,103.85,1,4
152,2,0,0,161.2,1,6
153,2,3,0,480.5,1,13
154,2,4,0,409.2,1,12
155,2,5,0,257.3,1,8
156,2,6,0,110.05,1,4
157,2,8,0,412.3,1,12
158,2,9,0,229.4,1,7
159,2,10,0,872.65,1,23
160,2,11,0,182.9,1,6
161,2,12,0,582.8,1,16
162,2,13,0,390.6,1,11
163,2,14,0,790.5,1,21
164,2,15,0,940.85,1,25
165,2,16,0,475.85,1,13
166,2,17,0,568.85,1,16
167,2,18,0,638.6,1,17
168,2,19,0,643.25,1,17
169,2,20,0,207.7,1,7
170,2,21,0,424.7,1,12
171,2,22,0,308.45,1,9
172,2,23,0,716.1,1,19
173,2,24,0,847.85,1,23
174,3,0,0,353.4,1,10
175,3,2,0,480.5,1,13
176,3,6,0,554.9,1,15
177,3,9,0,685.1,1,18
178,3,10,0,995.1,1,26
179,3,11,0,477.4,1,13
180,3,15,0,1224.5,1,32
181,3,17,0,764.15,1,20
182,3,18,0,833.9,1,22
183,3,20,0,620,1,17
184,3,23,0,888.15,1,23
185,3,24,0,1108.25,1,29
186,4,0,0,285.2,1,9
187,4,2,0,409.2,1,12
188,4,6,0,494.45,1,14
189,4,7,0,75.95,1,3
190,4,8,0,142.6,1,5
191,4,9,0,624.65,1,17
192,4,10,0,838.55,1,22
193,4,11,0,406.1,1,12
194,4,12,0,331.7,1,9
195,4,13,0,427.8,1,12
196,4,14,0,410.75,1,12
197,4,15,0,970.3,1,26
198,4,16,0,147.25,1,5
199,4,17,0,503.75,1,14
200,4,18,0,624.65,1,17
201,4,19,0,390.6,1,11
202,4,20,0,413.85,1,12
203,4,21,0,263.5,1,8
204,4,22,0,204.6,1,7
205,4,23,0,646.35,1,18
206,4,24,0,861.8,1,23
207,5,0,0,474.3,1,13
208,5,2,0,257.3,1,8
209,5,6,0,161.2,1,5
210,5,9,0,198.4,1,6
211,5,11,0,320.85,1,9
212,5,18,0,660.3,1,16
213,5,20,0,178.25,1,6
214,5,23,0,720.75,1,19
215,6,0,0,246.45,1,8
216,6,2,0,110.05,1,4
217,6,3,0,554.9,1,15
218,6,4,0,494.45,1,14
219,6,5,0,161.2,1,5
220,6,8,0,637.05,1,17
221,6,9,0,141.05,1,5
222,6,10,0,939.3,1,25
223,6,11,0,165.85,1,5
224,6,12,0,623.1,1,17
225,6,14,0,840.1,1,22
226,6,15,0,982.7,1,26
227,6,16,0,576.6,1,16
228,6,17,0,615.35,1,17
229,6,18,0,685.1,1,18
230,6,19,0,824.6,1,22
231,6,20,0,243.35,1,7
232,6,21,0,593.65,1,16
233,6,22,0,446.4,1,13
234,6,23,0,761.05,1,20
235,6,24,0,877.3,1,23
236,7,3,0,246.45,1,8
237,7,4,0,75.95,1,3
238,8,0,0,427.8,1,12
239,8,2,0,412.3,1,12
240,8,4,0,142.6,1,5
241,8,6,0,637.05,1,17
242,8,9,0,767.25,1,21
243,8,10,0,714.55,1,19
244,8,11,0,545.6,1,15
245,8,12,0,460.35,1,13
246,8,14,0,328.6,1,10
247,8,15,0,883.5,1,23
248,8,17,0,427.8,1,12
249,8,18,0,542.5,1,15
250,8,19,0,240.25,1,7
251,8,20,0,444.85,1,13
252,8,22,0,203.05,1,7
253,8,23,0,536.3,1,15
254,8,24,0,801.35,1,21
255,9,0,0,379.75,1,11
256,9,2,0,229.4,1,7
257,9,3,0,685.1,1,18
258,9,4,0,624.65,1,17
259,9,5,0,198.4,1,6
260,9,6,0,141.05,1,5
261,9,8,0,767.25,1,21
262,9,10,0,1069.5,1,28
263,9,11,0,297.6,1,8
264,9,12,0,753.3,1,20
265,9,13,0,469.65,1,12
266,9,14,0,652.55,1,18
267,9,15,0,1112.9,1,29
268,9,16,0,706.8,1,19
269,9,17,0,646.35,1,18
270,9,18,0,711.45,1,18
271,9,19,0,954.8,1,25
272,9,20,0,279,1,8
273,9,21,0,723.85,1,19
274,9,22,0,576.6,1,16
275,9,23,0,891.25,1,24
276,9,24,0,1019.9,1,27
277,10,0,0,931.55,1,25
278,10,2,0,872.65,1,23
279,10,3,0,995.1,1,26
280,10,4,0,838.55,1,22
281,10,6,0,939.3,1,25
282,10,8,0,714.55,1,19
283,10,9,0,1069.5,1,28
284,10,11,0,1133.05,1,30
285,10,12,0,1086.55,1,28
286,10,13,0,483.6,1,12
287,10,14,0,970.3,1,26
288,10,15,0,224.75,1,7
289,10,16,0,872.65,1,23
290,10,17,0,334.8,1,9
291,10,18,0,306.9,1,9
292,10,19,0,909.85,1,24
293,10,20,0,714.55,1,19
294,10,21,0,623.1,1,16
295,10,22,0,623.1,1,17
296,10,24,0,286.75,1,8
297,11,0,0,158.1,1,5
298,11,2,0,182.9,1,6
299,11,3,0,477.4,1,13
300,11,4,0,406.1,1,12
301,11,5,0,320.85,1,9
302,11,6,0,165.85,1,5
303,11,8,0,545.6,1,15
304,11,9,0,297.6,1,9
305,11,10,0,1133.05,1,30
306,11,12,0,523.9,1,14
307,11,14,0,770.35,1,21
308,11,15,0,1112.9,1,29
309,11,16,0,488.25,1,14
310,11,17,0,798.25,1,21
311,11,18,0,832.35,1,21
312,11,19,0,748.65,1,20
313,11,20,0,406.1,1,11
314,11,21,0,649.45,1,18
315,11,22,0,499.1,1,14
316,11,23,0,852.5,1,23
317,11,24,0,1021.45,1,27
318,12,0,0,401.45,1,11
319,12,2,0,582.8,1,16
320,12,4,0,331.7,1,10
321,12,6,0,623.1,1,17
322,12,8,0,460.35,1,13
323,12,9,0,753.3,1,20
324,12,10,0,1086.55,1,28
325,12,11,0,523.9,1,14
326,12,13,0,776.55,1,20
327,12,14,0,550.25,1,15
328,12,15,0,1233.8,1,32
329,12,16,0,296.05,1,9
330,12,17,0,776.55,1,21
331,12,18,0,1038.5,1,27
332,12,19,0,523.9,1,14
333,12,20,0,637.05,1,17
334,12,21,0,554.9,1,15
335,12,22,0,556.45,1,15
336,12,23,0,919.15,1,24
337,12,24,0,1137.7,1,30
338,13,2,0,390.6,1,11
339,13,4,0,427.8,1,12
340,13,8,0,415.4,1,11
341,13,9,0,469.65,1,12
342,13,14,0,655.65,1,17
343,13,16,0,530.1,1,14
344,14,0,0,632.4,1,17
345,14,2,0,790.5,1,21
346,14,4,0,410.75,1,12
347,14,6,0,840.1,1,22
348,14,8,0,328.6,1,10
349,14,9,0,652.55,1,18
350,14,10,0,970.3,1,26
351,14,11,0,770.35,1,21
352,14,12,0,550.25,1,15
353,14,13,0,655.65,1,17
354,14,15,0,1106.7,1,28
355,14,16,0,272.8,1,8
356,14,17,0,671.15,1,18
357,14,18,0,798.25,1,20
358,14,20,0,852.5,1,23
359,14,22,0,527,1,15
360,14,23,0,818.4,1,20
361,14,24,0,995.1,1,26
362,15,0,0,1063.3,1,28
363,15,2,0,940.85,1,25
364,15,3,0,1224.5,1,32
365,15,4,0,970.3,1,26
366,15,6,0,982.7,1,26
367,15,8,0,883.5,1,23
368,15,9,0,1112.9,1,29
369,15,10,0,224.75,1,7
370,15,11,0,1112.9,1,29
371,15,12,0,1233.8,1,32
372,15,14,0,1106.7,1,28
373,15,16,0,1027.65,1,27
374,15,17,0,454.15,1,12
375,15,19,0,1023,1,27
376,15,20,0,757.95,1,19
377,15,22,0,733.15,1,19
378,15,24,0,110.05,1,4
379,16,0,0,367.35,1,11
380,16,2,0,475.85,1,13
381,16,4,0,147.25,1,5
382,16,6,0,576.6,1,16
383,16,7,0,155,1,5
384,16,9,0,706.8,1,19
385,16,10,0,872.65,1,23
386,16,11,0,488.25,1,14
387,16,12,0,296.05,1,8
388,16,14,0,272.8,1,8
389,16,15,0,1027.65,1,27
390,16,17,0,570.4,1,16
391,16,18,0,686.65,1,19
392,16,19,0,251.1,1,7
393,16,20,0,525.45,1,15
394,16,22,0,302.25,1,9
395,16,23,0,692.85,1,19
396,16,24,0,951.7,1,25
397,17,0,0,596.75,1,16
398,17,2,0,568.85,1,16
399,17,3,0,764.15,1,20
400,17,4,0,503.75,1,14
401,17,5,0,530.1,1,14
402,17,6,0,615.35,1,17
403,17,8,0,427.8,1,12
404,17,9,0,649.45,1,18
405,17,10,0,334.8,1,10
406,17,11,0,798.25,1,21
407,17,12,0,776.55,1,21
408,17,14,0,671.15,1,17
409,17,15,0,454.15,1,12
410,17,16,0,570.4,1,16
411,17,19,0,581.25,1,16
412,17,20,0,373.55,1,10
413,17,22,0,294.5,1,8
414,17,23,0,153.45,1,5
415,17,24,0,362.7,1,10
416,18,0,0,719.2,1,19
417,18,2,0,638.6,1,17
418,18,3,0,833.9,1,22
419,18,4,0,624.65,1,17
420,18,5,0,660.3,1,16
421,18,6,0,685.1,1,18
422,18,8,0,542.5,1,15
423,18,9,0,711.45,1,18
424,18,11,0,832.35,1,21
425,18,12,0,1038.5,1,27
426,18,14,0,798.25,1,21
427,18,16,0,686.65,1,19
428,18,20,0,438.65,1,12
429,19,0,0,615.35,1,17
430,19,2,0,643.25,1,17
431,19,4,0,390.6,1,11
432,19,6,0,824.6,1,22
433,19,9,0,954.8,1,25
434,19,10,0,909.85,1,24
435,19,11,0,748.65,1,20
436,19,12,0,523.9,1,14
437,19,13,0,565.75,1,14
438,19,15,0,1023,1,27
439,19,16,0,251.1,1,7
440,19,17,0,581.25,1,16
441,19,18,0,709.9,1,18
442,19,20,0,764.15,1,20
443,19,22,0,437.1,1,12
444,19,23,0,728.5,1,18
445,19,24,0,942.4,1,25
446,20,0,0,361.15,1,10
447,20,2,0,207.7,1,7
448,20,3,0,620,1,17
449,20,4,0,413.85,1,12
450,20,5,0,178.25,1,6
451,20,6,0,243.35,1,7
452,20,8,0,444.85,1,13
453,20,9,0,279,1,8
454,20,10,0,714.55,1,19
455,20,11,0,406.1,1,11
456,20,12,0,637.05,1,17
457,20,14,0,878.85,1,23
458,20,15,0,757.95,1,19
459,20,16,0,525.45,1,15
460,20,17,0,373.55,1,11
461,20,18,0,438.65,1,12
462,20,19,0,764.15,1,20
463,20,21,0,466.55,1,13
464,20,22,0,272.8,1,8
465,20,24,0,641.7,1,17
466,21,0,0,444.85,1,13
467,21,2,0,424.7,1,12
468,21,4,0,263.5,1,8
469,21,6,0,593.65,1,16
470,21,9,0,723.85,1,19
471,21,10,0,623.1,1,16
472,21,11,0,646.35,1,18
473,21,12,0,554.9,1,15
474,21,16,0,305.35,1,9
475,21,20,0,466.55,1,13
476,21,22,0,142.6,1,5
477,21,24,0,651,1,18
478,22,0,0,297.6,1,9
479,22,2,0,308.45,1,10
480,22,4,0,204.6,1,7
481,22,6,0,446.4,1,13
482,22,8,0,203.05,1,6
483,22,9,0,576.6,1,16
484,22,10,0,623.1,1,17
485,22,11,0,499.1,1,14
486,22,12,0,556.45,1,15
487,22,14,0,527,1,15
488,22,15,0,733.15,1,19
489,22,16,0,302.25,1,9
490,22,17,0,294.5,1,8
491,22,18,0,404.55,1,10
492,22,19,0,437.1,1,12
493,22,20,0,272.8,1,9
494,22,21,0,142.6,1,5
495,22,23,0,432.45,1,11
496,22,24,0,643.25,1,17
497,23,0,0,739.35,1,20
498,23,2,0,716.1,1,19
499,23,3,0,888.15,1,23
500,23,4,0,646.35,1,18
501,23,6,0,761.05,1,20
502,23,8,0,536.3,1,15
503,23,9,0,891.25,1,24
504,23,11,0,852.5,1,23
505,23,12,0,919.15,1,24
506,23,14,0,818.4,1,20
507,23,16,0,692.85,1,19
508,23,19,0,728.5,1,18
509,23,20,0,522.35,1,14
510,23,22,0,432.45,1,11
511,24,0,0,957.9,1,25
512,24,2,0,847.85,1,23
513,24,3,0,1108.25,1,29
514,24,4,0,861.8,1,23
515,24,6,0,877.3,1,23
516,24,8,0,801.35,1,21
517,24,9,0,1019.9,1,27
518,24,10,0,286.75,1,8
519,24,11,0,1021.45,1,27
520,24,12,0,1137.7,1,30
521,24,14,0,995.1,1,26
522,24,15,0,110.05,1,4
523,24,16,0,951.7,1,25
524,24,17,0,362.7,1,10
525,24,19,0,942.4,1,25
526,24,20,0,641.7,1,17
527,24,21,0,651,1,16
528,24,22,0,643.25,1,17
PATHS,600
Index,Shipment origin,Shipment destination,1st terminal on path,2nd terminal on path,.....,6th terminal on path
0,0,1,0,1
1,0,2,0,1,2
2,0,3,0,1,3
3,0,4,0,1,4
4,0,5,0,1,5
5,0,6,0,1,6
6,0,7,0,1,7
7,0,8,0,1,8
8,0,9,0,1,9
9,0,10,0,1,10
10,0,11,0,1,11
11,0,12,0,1,12
12,0,13,0,1,13
13,0,14,0,1,14
14,0,15,0,1,15
15,0,16,0,1,16
16,0,17,0,1,17
17,0,18,0,1,18
18,0,19,0,1,19
19,0,20,0,1,20
20,0,21,0,1,21
21,0,22,0,1,22
22,0,23,0,1,23
23,0,24,0,1,24
24,1,0,1,0
25,1,2,1,2
26,1,3,1,3
27,1,4,1,4
28,1,5,1,5
29,1,6,1,6
30,1,7,1,7
31,1,8,1,8
32,1,9,1,9
33,1,10,1,10
34,1,11,1,11
35,1,12,1,12
36,1,13,1,13
37,1,14,1,14
38,1,15,1,15
39,1,16,1,16
40,1,17,1,17
41,1,18,1,18
42,1,19,1,19
43,1,20,1,20
44,1,21,1,21
45,1,22,1,22
46,1,23,1,23
47,1,24,1,24
48,2,0,2,1,0
49,2,1,2,1
50,2,3,2,1,3
51,2,4,2,1,4
52,2,5,2,1,5
53,2,6,2,1,6
54,2,8,2,1,8
55,2,7,2,1,7
56,2,9,2,1,9
57,2,10,2,1,10
58,2,11,2,1,11
59,2,12,2,1,12
60,2,13,2,1,13
61,2,14,2,1,14
62,2,15,2,1,15
63,2,16,2,1,16
64,2,17,2,1,17
65,2,18,2,1,18
66,2,19,2,1,19
67,2,20,2,1,20
68,2,21,2,1,21
69,2,22,2,1,22
70,2,23,2,1,23
71,2,24,2,1,24
72,3,0,3,1,0
73,3,1,3,1
74,3,2,3,1,2
75,3,4,3,4
76,3,5,3,1,5
77,3,6,3,1,6
78,3,7,3,1,7
79,3,8,3,8
80,3,9,3,1,9
81,3,10,3,13,10
82,3,11,3,1,11
83,3,12,3,12
84,3,13,3,13
85,3,14,3,14
86,3,15,3,13,15
87,3,16,3,16
88,3,17,3,13,17
89,3,18,3,13,18
90,3,19,3,19
91,3,20,3,1,20
92,3,21,3,21
93,3,22,3,22
94,3,23,3,21,23
95,3,24,3,13,24
96,4,0,4,1,0
97,4,1,4,1
98,4,2,4,1,2
99,4,3,4,3
100,4,5,4,1,5
101,4,6,4,1,6
102,4,7,4,1,7
103,4,8,4,1,8
104,4,9,4,1,9
105,4,10,4,1,10
106,4,11,4,1,11
107,4,12,4,3,12
108,4,13,4,1,13
109,4,14,4,3,14
110,4,15,4,1,15
111,4,16,4,3,16
112,4,17,4,1,17
113,4,18,4,1,18
114,4,19,4,3,19
115,4,20,4,1,20
116,4,21,4,1,21
117,4,22,4,1,22
118,4,23,4,1,23
119,4,24,4,1,24
120,5,0,5,1,0
121,5,1,5,1
122,5,2,5,1,2
123,5,3,5,1,3
124,5,4,5,1,4
125,5,6,5,1,6
126,5,7,5,1,7
127,5,8,5,1,8
128,5,9,5,1,9
129,5,10,5,13,10
130,5,11,5,1,11
131,5,12,5,1,12
132,5,13,5,13
133,5,14,5,1,14
134,5,15,5,13,15
135,5,16,5,1,16
136,5,17,5,13,17
137,5,18,5,13,18
138,5,19,5,13,21,19
139,5,20,5,13,20
140,5,21,5,13,21
141,5,22,5,1,22
142,5,23,5,13,23
143,5,24,5,13,24
144,6,0,6,1,0
145,6,1,6,1
146,6,2,6,1,2
147,6,3,6,1,3
148,6,4,6,1,4
149,6,5,6,1,5
150,6,7,6,1,7
151,6,8,6,1,8
152,6,9,6,1,9
153,6,10,6,1,10
154,6,11,6,1,11
155,6,12,6,1,12
156,6,13,6,1,13
157,6,14,6,1,14
158,6,15,6,1,15
159,6,16,6,1,16
160,6,17,6,1,17
161,6,18,6,1,18
162,6,19,6,1,19
163,6,20,6,1,20
164,6,21,6,1,21
165,6,22,6,1,22
166,6,23,6,1,23
167,6,24,6,1,24
168,7,0,7,1,0
169,7,1,7,1
170,7,2,7,1,2
171,7,3,7,3
172,7,4,7,4
173,7,5,7,1,5
174,7,6,7,3,6
175,7,8,7,3,8
176,7,9,7,1,9
177,7,10,7,1,9
178,7,11,7,3,11
179,7,12,7,4,12
180,7,13,7,4,13
181,7,14,7,4,14
182,7,15,7,4,15
183,7,16,7,4,16
184,7,17,7,1,17
185,7,18,7,1,18
186,7,19,7,1,19
187,7,20,7,1,20
188,7,21,7,1,21
189,7,22,7,1,22
190,7,23,7,1,23
191,7,24,7,1,24
192,8,0,8,1,0
193,8,1,8,1
194,8,2,8,1,2
195,8,3,8,3
196,8,4,8,1,4
197,8,5,8,1,5
198,8,6,8,1,6
199,8,7,8,1,7
200,8,9,8,1,9
201,8,10,8,21,23,10
202,8,11,8,1,11
203,8,12,8,3,12
204,8,13,8,21,13
205,8,14,8,21,14
206,8,15,8,21,13,15
207,8,16,8,3,16
208,8,17,8,21,17
209,8,18,8,21,18
210,8,19,8,21,19
211,8,20,8,1,20
212,8,21,8,21
213,8,22,8,1,22
214,8,23,8,21,23
215,8,24,8,21,13,24
216,9,0,9,1,0
217,9,1,9,1
218,9,2,9,1,2
219,9,3,9,1,3
220,9,4,9,1,4
221,9,5,9,1,5
222,9,6,9,1,6
223,9,7,9,1,7
224,9,8,9,1,8
225,9,10,9,1,10
226,9,11,9,1,11
227,9,12,9,1,12
228,9,13,9,1,13
229,9,14,9,1,14
230,9,15,9,1,15
231,9,16,9,1,16
232,9,17,9,1,17
233,9,18,9,1,18
234,9,19,9,1,19
235,9,20,9,1,20
236,9,21,9,1,21
237,9,22,9,1,22
238,9,23,9,1,23
239,9,24,9,1,24
240,10,0,10,1,0
241,10,1,10,1
242,10,2,10,1,2
243,10,3,10,1,3
244,10,4,10,1,4
245,10,5,10,23,13,5
246,10,6,10,23,13,6
247,10,7,10,1,7
248,10,8,10,23,21,8
249,10,9,10,1,9
250,10,11,10,1,11
251,10,12,10,1,12
252,10,13,10,23,13
253,10,14,10,23,21,14
254,10,15,10,23,15
255,10,16,10,1,16
256,10,17,10,23,17
257,10,18,10,23,18
258,10,19,10,23,21,19
259,10,20,10,23,13,20
260,10,21,10,23,21
261,10,22,10,23,22
262,10,23,10,23
263,10,24,10,23,24
264,11,0,11,1,0
265,11,1,11,1
266,11,2,11,1,2
267,11,3,11,1,3
268,11,4,11,1,4
269,11,5,11,1,5
270,11,6,11,1,6
271,11,7,11,1,7
272,11,8,11,1,8
273,11,9,11,1,9
274,11,10,11,13,10
275,11,12,11,1,12
276,11,13,11,13
277,11,14,11,1,14
278,11,15,11,13,15
279,11,16,11,1,16
280,11,17,11,13,17
281,11,18,11,13,18
282,11,19,11,1,19
283,11,20,11,1,20
284,11,21,11,1,21
285,11,22,11,1,22
286,11,23,11,13,23
287,11,24,11,13,24
288,12,0,12,1,0
289,12,1,12,1
290,12,2,12,1,2
291,12,3,12,3
292,12,4,12,3,4
293,12,5,12,1,5
294,12,6,12,1,6
295,12,7,12,1,7
296,12,8,12,3,8
297,12,9,12,1,9
298,12,10,12,1,10
299,12,11,12,1,11
300,12,13,12,3,13
301,12,14,12,3,14
302,12,15,12,1,15
303,12,16,12,3,16
304,12,17,12,1,17
305,12,18,12,1,18
306,12,19,12,3,19
307,12,20,12,1,20
308,12,21,12,3,21
309,12,22,12,3,22
310,12,23,12,1,23
311,12,24,12,1,24
312,13,0,13,1,0
313,13,1,13,1
314,13,2,13,1,2
315,13,3,13,3
316,13,4,13,4
317,13,5,13,5
318,13,6,13,6
319,13,7,13,1,7
320,13,8,13,21,8
321,13,9,13,1,9
322,13,10,13,10
323,13,11,13,11
324,13,12,13,3,12
325,13,14,13,21,14
326,13,15,13,15
327,13,16,13,1,16
328,13,17,13,17
329,13,18,13,18
330,13,19,13,21,19
331,13,20,13,20
332,13,21,13,21
333,13,22,13,22
334,13,23,13,23
335,13,24,13,24
336,14,0,14,1,0
337,14,1,14,1
338,14,2,14,1,2
339,14,3,14,3
340,14,4,14,3,4
341,14,5,14,1,5
342,14,6,14,1,6
343,14,7,14,1,7
344,14,8,14,3,8
345,14,9,14,1,9
346,14,10,14,21,23,10
347,14,11,14,1,11
348,14,12,14,3,12
349,14,13,14,21,13
350,14,15,14,21,13,15
351,14,16,14,3,16
352,14,17,14,21,17
353,14,18,14,21,18
354,14,19,14,1,19
355,14,20,14,1,20
356,14,21,14,21
357,14,22,14,1,22
358,14,23,14,21,23
359,14,24,14,21,13,24
360,15,0,15,1,0
361,15,1,15,1
362,15,2,15,1,2
363,15,3,15,13,3
364,15,4,15,1,4
365,15,5,15,13,5
366,15,6,15,13,6
367,15,7,15,1,7
368,15,8,15,21,8
369,15,9,15,1,9
370,15,10,15,10
371,15,11,15,1,11
372,15,12,15,1,12
373,15,13,15,13
374,15,14,15,21,14
375,15,16,15,1,16
376,15,17,15,17
377,15,18,15,18
378,15,19,15,21,19
379,15,20,15,13,20
380,15,21,15,21
381,15,22,15,13,22
382,15,23,15,23
383,15,24,15,24
384,16,0,16,1,0
385,16,1,16,1
386,16,2,16,1,2
387,16,3,16,3
388,16,4,16,3,4
389,16,5,16,1,5
390,16,6,16,1,6
391,16,7,16,1,7
392,16,8,16,3,8
393,16,9,16,1,9
394,16,10,16,13,10
395,16,11,16,1,11
396,16,12,16,3,12
397,16,13,16,13
398,16,14,16,3,14
399,16,15,16,13,15
400,16,17,16,13,17
401,16,18,16,13,18
402,16,19,16,3,19
403,16,20,16,1,20
404,16,21,16,21
405,16,22,16,3,22
406,16,23,16,13,23
407,16,24,16,13,24
408,17,0,17,1,0
409,17,1,17,1
410,17,2,17,1,2
411,17,3,17,13,3
412,17,4,17,1,4
413,17,5,17,13,5
414,17,6,17,13,6
415,17,7,17,1,7
416,17,8,17,21,8
417,17,9,17,1,9
418,17,10,17,13,10
419,17,11,17,1,11
420,17,12,17,1,12
421,17,13,17,13
422,17,14,17,21,14
423,17,15,17,13,15
424,17,16,17,1,16
425,17,18,17,18
426,17,19,17,21,19
427,17,20,17,13,20
428,17,21,17,21
429,17,22,17,13,22
430,17,23,17,13,23
431,17,24,17,13,24
432,18,0,18,1,0
433,18,1,18,1
434,18,2,18,1,2
435,18,3,18,13,3
436,18,4,18,1,4
437,18,5,18,13,5
438,18,6,18,13,6
439,18,7,18,1,7
440,18,8,18,21,8
441,18,9,18,13,1,9
442,18,10,18,10
443,18,11,18,1,11
444,18,12,18,1,12
445,18,13,18,13
446,18,14,18,21,14
447,18,15,18,15
448,18,16,18,1,16
449,18,17,18,17
450,18,19,18,21,19
451,18,20,18,13,20
452,18,21,18,21
453,18,22,18,13,22
454,18,23,18,23
455,18,24,18,24
456,19,0,19,1,0
457,19,1,19,1
458,19,2,19,1,2
459,19,3,19,3
460,19,4,19,3,4
461,19,5,19,1,5
462,19,6,19,1,6
463,19,7,19,1,7
464,19,8,19,21,8
465,19,9,19,1,9
466,19,10,19,1,10
467,19,11,19,1,11
468,19,12,19,3,12
469,19,13,19,21,13
470,19,14,19,1,14
471,19,15,19,21,13,15
472,19,16,19,3,16
473,19,17,19,21,17
474,19,18,19,21,18
475,19,20,19,1,20
476,19,21,19,21
477,19,22,19,1,22
478,19,23,19,21,23
479,19,24,19,21,13,24
480,20,0,20,1,0
481,20,1,20,1
482,20,2,20,1,2
483,20,3,20,1,3
484,20,4,20,1,4
485,20,5,20,1,5
486,20,6,20,1,6
487,20,7,20,1,7
488,20,8,20,1,8
489,20,9,20,1,9
490,20,10,20,13,10
491,20,11,20,1,11
492,20,12,20,1,12
493,20,13,20,13
494,20,14,20,1,14
495,20,15,20,13,15
496,20,16,20,1,16
497,20,17,20,13,17
498,20,18,20,13,18
499,20,19,20,1,19
500,20,21,20,1,21
501,20,22,20,13,22
502,20,23,20,13,23
503,20,24,20,13,24
504,21,0,21,1,0
505,21,1,21,1
506,21,2,21,1,2
507,21,3,21,3
508,21,4,21,1,4
509,21,5,21,13,5
510,21,6,21,13,6
511,21,7,21,1,7
512,21,8,21,8
513,21,9,21,1,9
514,21,10,21,23,10
515,21,11,21,1,11
516,21,12,21,3,12
517,21,13,21,13
518,21,14,21,14
519,21,15,21,13,15
520,21,16,21,3,16
521,21,17,21,17
522,21,18,21,18
523,21,19,21,19
524,21,20,21,1,20
525,21,22,21,1,22
526,21,23,21,23
527,21,24,21,13,24
528,22,0,22,1,0
529,22,1,22,1
530,22,2,22,1,2
531,22,3,22,3
532,22,4,22,1,4
533,22,5,22,13,5
534,22,6,22,1,6
535,22,7,22,1,7
536,22,8,22,1,8
537,22,9,22,1,9
538,22,10,22,13,10
539,22,11,22,1,11
540,22,12,22,3,12
541,22,13,22,13
542,22,14,22,1,14
543,22,15,22,13,15
544,22,16,22,1,16
545,22,17,22,13,17
546,22,18,22,13,18
547,22,19,22,1,19
548,22,20,22,13,20
549,22,21,22,1,21
550,22,23,22,13,23
551,22,24,22,13,24
552,23,0,23,1,0
553,23,1,23,1
554,23,2,23,1,2
555,23,3,23,1,3
556,23,4,23,1,4
557,23,5,23,13,5
558,23,6,23,13,6
559,23,7,23,1,7
560,23,8,23,21,8
561,23,9,23,1,9
562,23,10,23,10
563,23,11,23,1,11
564,23,12,23,1,12
565,23,13,23,13
566,23,14,23,21,14
567,23,15,23,15
568,23,16,23,1,16
569,23,17,23,17
570,23,18,23,18
571,23,19,23,21,19
572,23,20,23,13,20
573,23,21,23,21
574,23,22,23,22
575,23,24,23,24
576,24,0,24,1,0
577,24,1,24,1
578,24,2,24,1,2
579,24,3,24,13,3
580,24,4,24,1,4
581,24,5,24,13,5
582,24,6,24,13,6
583,24,7,24,1,7
584,24,8,24,18,21,8
585,24,9,24,13,1,9
586,24,10,24,23,10
587,24,11,24,13,11
588,24,12,24,1,12
589,24,13,24,13
590,24,14,24,18,21,14
591,24,15,24,15
592,24,16,24,1,16
593,24,17,24,13,17
594,24,18,24,18
595,24,19,24,18,21,19
596,24,20,24,13,20
597,24,21,24,18,21
598,24,22,24,13,22
599,24,23,24,23
COMMODITIES,450
Index,Origin,Destination,Demand/Size,Earliest available time,Latest delivery time
0,23,11,0.23896,86,135
1,15,0,0.425272,136,189
2,0,16,0.726228,232,269
3,3,1,0.705008,136,168
4,13,24,0.349173,230,265
5,18,16,0.493055,88,137
6,15,17,0.586298,232,268
7,18,3,0.911066,42,95
8,3,18,0.523781,38,89
9,13,11,0.96537,230,271
10,1,13,0.536409,86,124
11,3,1,0.297719,90,122
12,20,3,0.350279,138,180
13,24,20,0.0225628,136,177
14,22,23,0.613317,40,80
15,11,4,0.124854,184,222
16,22,24,0.462027,86,128
17,1,21,0.304599,230,265
18,23,0,0.688622,88,134
19,11,24,0.192713,186,237
20,17,15,0.25544,232,276
21,15,12,0.801973,88,146
22,24,10,0.990046,234,273
23,22,5,0.389424,88,129
24,18,19,0.582477,186,229
25,19,8,0.438836,90,127
26,15,17,0.714076,138,174
27,23,24,0.92905,230,263
28,5,19,0.1151,186,236
29,1,19,0.16693,136,173
30,16,19,0.661026,90,130
31,21,23,0.345982,136,171
32,10,23,0.703024,134,164
33,18,14,0.22663,230,275
34,23,16,0.216796,232,281
35,18,4,0.73401,38,85
36,12,1,0.0308232,182,216
37,14,9,0.565178,90,142
38,19,10,0.228659,90,153
39,5,20,0.297328,138,178
40,22,13,0.716895,134,165
41,23,3,0.802702,230,279
42,2,15,0.343181,38,93
43,10,23,0.894453,40,70
44,3,9,0.518216,184,228
45,15,14,0.305819,234,288
46,10,15,0.331966,134,175
47,23,15,0.684948,134,169
48,20,15,0.496495,86,130
49,22,21,0.514778,90,133
50,5,15,0.425451,42,90
51,8,17,0.586439,230,267
52,13,14,0.110501,136,178
53,5,23,0.807558,234,277
54,21,3,0.31699,38,75
55,3,21,0.0216584,86,124
56,1,4,0.220544,232,262
57,18,0,0.224286,230,276
58,22,5,0.40902,38,79
59,3,24,0.92841,88,143
60,0,23,0.948158,138,185
61,3,13,0.442992,182,226
62,23,1,0.0921961,182,223
63,13,22,0.308146,88,119
64,1,18,0.199968,42,84
65,5,3,0.584812,184,231
66,19,1,0.658137,184,221
67,13,6,0.843236,184,220
68,4,24,0.3349,230,284
69,14,0,0.587377,136,181
70,0,11,0.957285,42,79
71,13,11,0.304876,186,227
72,22,12,0.505076,184,225
73,22,2,0.674644,38,77
74,11,23,0.971006,38,87
75,19,16,0.104733,138,178
76,24,10,0.13873,182,221
77,19,1,0.887051,40,77
78,1,13,0.118034,42,80
79,1,2,0.825145,230,261
80,22,1,0.808491,42,74
81,3,9,0.612125,230,274
82,0,6,0.117799,138,176
83,18,21,0.0773154,40,75
84,15,20,0.176461,232,278
85,0,20,0.711304,42,81
86,16,2,0.316009,42,81
87,12,21,0.318736,232,275
88,3,1,0.745363,184,216
89,20,13,0.147077,40,70
90,3,16,0.842956,38,67
91,23,22,0.0928985,184,219
92,14,3,0.0801026,40,75
93,24,18,0.802766,40,71
94,11,14,0.470046,186,234
95,16,3,0.167693,186,215
96,23,18,0.675469,184,212
97,12,21,0.322571,90,133
98,14,13,0.703805,232,274
99,8,19,0.0929434,186,223
100,5,15,0.466903,88,136
101,14,21,0.769884,134,168
102,22,2,0.606307,86,125
103,0,21,0.436403,88,128
104,10,18,0.424763,234,268
105,24,15,0.425542,230,258
106,18,24,0.830055,136,167
107,19,17,0.265227,232,272
108,15,18,0.468032,232,266
109,4,1,0.820255,86,116
110,14,23,0.418998,134,179
111,3,1,0.800239,138,170
112,5,13,0.496466,90,124
113,1,23,0.868266,234,276
114,18,0,0.244761,90,136
115,3,14,0.475205,230,265
116,3,22,0.0755157,90,127
117,18,4,0.743399,40,87
118,13,6,0.896242,38,74
119,15,24,0.355051,40,68
120,20,14,0.36491,186,236
121,15,1,0.0490296,90,138
122,1,16,0.796635,138,170
123,19,1,0.644427,230,267
124,23,10,0.658862,134,164
125,4,1,0.783857,40,70
126,13,12,0.119992,88,139
127,11,24,0.105413,88,139
128,14,21,0.782677,234,268
129,15,17,0.568192,42,78
130,13,23,0.336636,88,121
131,13,22,0.188154,86,117
132,24,18,0.0910344,138,169
133,20,13,0.343824,136,166
134,19,5,0.530848,88,140
135,23,16,0.215117,40,89
136,14,2,0.090911,88,135
137,17,21,0.314325,90,122
138,14,16,0.105175,40,80
139,5,4,0.200766,136,181
140,18,8,0.50672,38,78
141,13,15,0.395035,234,272
142,8,12,0.215908,234,272
143,11,23,0.880641,90,139
144,3,6,0.0798457,138,179
145,3,0,0.524409,234,271
146,13,17,0.998193,186,216
147,17,18,0.442611,86,115
148,3,8,0.609806,232,265
149,20,15,0.433017,232,276
150,17,1,0.18252,134,172
151,19,18,0.946788,186,231
152,23,0,0.664723,42,88
153,13,14,0.086292,40,82
154,4,3,0.650524,138,170
155,18,21,0.993324,88,123
156,15,24,0.865483,182,210
157,12,10,0.709714,86,146
158,20,10,0.476215,186,228
159,13,17,0.299429,234,264
160,23,14,0.532727,136,183
161,10,15,0.162636,186,227
162,6,1,0.511371,186,219
163,22,21,0.506099,86,129
164,18,13,0.49954,136,167
165,18,22,0.074052,42,80
166,11,18,0.157246,90,137
167,10,24,0.86661,232,271
168,17,11,0.115325,182,228
169,1,13,0.61668,184,222
170,3,15,0.379878,86,144
171,5,3,0.61908,90,137
172,4,1,0.569192,230,260
173,19,24,0.500453,134,185
174,5,19,0.11475,90,140
175,18,14,0.141574,138,183
176,4,14,0.492746,232,275
177,19,23,0.691005,134,177
178,5,16,0.441706,186,233
179,5,23,0.827242,136,179
180,1,12,0.799335,88,122
181,1,12,0.419304,40,74
182,13,23,0.0369497,86,119
183,23,14,0.540268,234,281
184,6,1,0.488653,136,169
185,13,23,0.0550749,40,73
186,23,16,0.197843,182,231
187,10,24,0.858618,88,127
188,24,20,0.125203,40,81
189,10,23,0.646225,230,260
190,23,1,0.997691,186,227
191,14,18,0.787676,86,133
192,23,8,0.224204,88,130
193,11,14,0.456345,134,182
194,18,24,0.847596,42,73
195,2,23,0.0906127,182,231
196,5,23,0.868175,186,229
197,18,15,0.0421012,232,266
198,19,4,0.0648137,90,133
199,23,17,0.0808024,230,259
200,0,1,0.413891,86,115
201,18,8,0.43687,90,130
202,23,21,0.60018,90,127
203,15,22,0.641296,42,89
204,24,18,0.893123,136,167
205,5,22,0.28457,86,133
206,14,3,0.235468,88,123
207,0,19,0.25101,182,224
208,0,11,0.918515,88,125
209,23,15,0.839469,40,75
210,18,15,0.2674,136,170
211,19,17,0.275298,40,80
212,1,4,0.236658,40,70
213,18,2,0.420692,136,184
214,17,18,0.338378,88,117
215,5,17,0.376671,234,274
216,17,24,0.685173,38,79
217,3,8,0.0422185,182,215
218,15,20,0.077049,88,134
219,5,18,0.601838,136,177
220,11,0,0.889841,230,267
221,5,3,0.57898,186,233
222,15,18,0.250805,136,170
223,19,21,0.674656,90,122
224,0,17,0.232838,186,231
225,22,14,0.239654,42,90
226,14,1,0.831065,90,130
227,24,0,0.0501214,38,91
228,12,20,0.767832,182,226
229,18,13,0.212156,38,69
230,18,19,0.931003,42,85
231,8,12,0.227997,136,174
232,6,1,0.364441,184,217
233,10,6,0.0958707,134,185
234,24,13,0.718588,38,73
235,24,6,0.386651,90,137
236,13,19,0.755577,134,174
237,1,2,0.61354,232,263
238,19,13,0.528463,186,226
239,15,23,0.779822,138,173
240,12,10,0.822499,40,100
241,23,1,0.307339,38,79
242,24,19,0.789426,232,282
243,16,1,0.726616,182,214
244,18,23,0.580974,234,262
245,24,18,0.884931,88,119
246,18,12,0.373349,38,89
247,0,20,0.686284,186,225
248,0,20,0.757861,232,271
249,0,6,0.107374,88,126
250,11,4,0.188231,136,174
251,24,18,0.998788,230,261
252,21,23,0.320674,184,219
253,1,6,0.539787,88,121
254,0,20,0.689286,184,223
255,23,11,0.350275,134,183
256,16,9,0.262928,234,278
257,23,21,0.716735,184,221
258,4,16,0.455083,184,221
259,3,22,0.8527,232,269
260,19,13,0.539108,86,126
261,1,18,0.636692,38,80
262,16,14,0.106582,40,80
263,20,13,0.306542,38,68
264,23,22,0.954107,230,265
265,23,8,0.210558,38,80
266,20,10,0.491558,88,130
267,1,14,0.524626,38,78
268,13,18,0.16445,136,167
269,13,20,0.240647,38,68
270,13,0,0.628987,186,228
271,19,3,0.798319,88,123
272,18,23,0.9569,182,210
273,9,1,0.885916,90,126
274,18,24,0.100192,38,69
275,8,18,0.184423,134,176
276,16,22,0.237145,234,276
277,17,1,0.602237,230,268
278,15,8,0.152621,232,281
279,3,6,0.181676,40,81
280,5,3,0.679519,138,185
281,0,22,0.231782,42,79
282,5,1,0.361878,234,273
283,11,0,0.811212,234,271
284,10,13,0.750321,232,271
285,17,13,0.0168142,138,168
286,1,21,0.7744,232,267
287,15,14,0.347414,230,284
288,3,2,0.952184,42,81
289,17,23,0.303413,234,273
290,16,22,0.334845,182,224
291,19,22,0.452701,138,183
292,16,15,0.630043,86,141
293,5,16,0.416833,90,137
294,16,11,0.71834,86,126
295,1,0,0.533385,42,71
296,3,22,0.0377597,136,173
297,17,24,0.662547,186,227
298,16,14,0.927905,86,126
299,0,3,0.354454,38,75
300,8,3,0.488722,40,73
301,15,10,0.862705,186,217
302,15,12,0.922572,182,240
303,3,23,0.42981,90,139
304,13,19,0.493802,182,222
305,19,10,0.229209,136,199
306,18,5,0.0994465,234,275
307,5,23,0.89112,90,133
308,13,23,0.65767,234,267
309,24,22,0.550871,88,130
310,23,22,0.0536515,88,123
311,3,16,0.233869,136,165
312,16,21,0.678808,184,217
313,16,1,0.606755,40,72
314,11,1,0.597713,86,118
315,22,12,0.461909,38,79
316,6,1,0.71898,42,75
317,23,15,0.817195,38,73
318,1,22,0.716191,230,262
319,19,5,0.490467,134,186
320,8,5,0.0410529,38,86
321,24,15,0.428701,134,162
322,13,18,0.6398,90,121
323,17,18,0.231668,38,67
324,1,20,0.167005,234,268
325,1,17,0.65259,186,226
326,13,22,0.175749,42,73
327,0,1,0.362924,90,119
328,3,12,0.819201,38,67
329,18,8,0.676722,138,178
330,13,11,0.01518,90,131
331,23,21,0.0732792,38,75
332,23,10,0.0287703,232,262
333,15,1,0.5082,88,136
334,24,11,0.650613,230,282
335,3,20,0.0537012,86,128
336,18,8,0.378788,186,226
337,20,18,0.296586,184,221
338,17,5,0.244317,186,226
339,19,22,0.39512,230,275
340,15,0,0.457155,88,141
341,3,6,0.108939,38,79
342,19,18,0.870825,234,279
343,14,0,0.679416,38,83
344,16,1,0.738376,136,168
345,8,1,0.989164,232,265
346,1,12,0.450738,230,264
347,1,8,0.2437,186,219
348,21,24,0.271565,230,273
349,3,21,0.439838,136,174
350,24,17,0.715695,38,79
351,8,17,0.433004,234,271
352,16,14,0.943562,186,226
353,1,21,0.0026084,134,169
354,14,23,0.456525,90,135
355,0,9,0.153187,232,273
356,19,5,0.533066,186,238
357,1,5,0.785303,42,81
358,1,17,0.522102,88,128
359,10,16,0.110265,90,145
360,14,4,0.227049,40,83
361,2,3,0.352449,86,125
362,21,13,0.776895,138,170
363,23,24,0.460675,90,123
364,20,3,0.35243,42,84
365,4,16,0.457892,134,171
366,22,14,0.226183,138,186
367,15,20,0.0568097,230,276
368,0,15,0.498991,186,239
369,13,22,0.174156,234,265
370,1,6,0.67529,184,217
371,22,11,0.432062,184,224
372,3,17,0.142954,134,184
373,11,1,0.662092,230,262
374,18,6,0.740262,182,225
375,4,1,0.0415766,234,264
376,1,9,0.714905,182,218
377,3,14,0.171448,136,171
378,0,16,0.817836,138,175
379,21,8,0.503046,186,215
380,0,11,0.00893436,86,123
381,23,16,0.201339,136,185
382,8,12,0.248141,88,126
383,12,2,0.278919,230,271
384,15,17,0.365433,90,126
385,16,22,0.24232,40,82
386,23,21,0.777438,136,173
387,1,10,0.361876,232,282
388,19,22,0.505837,88,133
389,4,15,0.258745,138,192
390,1,3,0.937023,184,216
391,18,14,0.270023,42,87
392,14,0,0.577284,182,227
393,10,15,0.67616,184,225
394,13,22,0.951139,136,167
395,12,18,0.125136,40,92
396,8,17,0.521071,232,269
397,23,19,0.608323,184,229
398,24,20,0.16375,90,131
399,1,19,0.55811,134,171
400,22,1,0.233375,138,170
401,14,10,0.167378,230,281
402,9,16,0.938052,230,274
403,11,10,0.263589,86,138
404,13,22,0.0566795,134,165
405,15,12,0.93672,184,242
406,13,21,0.406045,184,216
407,10,15,0.429141,136,177
408,15,1,0.616194,186,234
409,12,9,0.249623,38,84
410,16,3,0.412022,134,163
411,13,10,0.691397,88,124
412,19,18,0.0308926,88,133
413,16,2,0.333794,234,273
414,15,16,0.402102,90,146
415,14,9,0.487568,86,138
416,16,22,0.33209,186,228
417,13,12,0.13818,40,91
418,16,9,0.225955,86,130
419,20,10,0.458919,184,226
420,5,3,0.613092,232,279
421,1,14,0.880025,136,176
422,8,1,0.799047,134,167
423,0,16,0.729591,134,171
424,14,13,0.920194,38,80
425,13,10,0.206817,86,122
426,15,18,0.309681,38,72
427,20,0,0.0591122,88,127
428,18,11,0.0662441,90,139
429,11,12,0.434282,230,272
430,3,21,0.837317,38,76
431,2,19,0.29862,184,228
432,11,18,0.098719,40,87
433,11,12,0.323329,90,132
434,16,22,0.295568,184,226
435,24,23,0.216777,234,267
436,13,10,0.189589,230,266
437,8,9,0.245137,134,179
438,17,16,0.0661312,90,136
439,24,18,0.915484,232,263
440,4,3,0.873343,40,72
441,18,3,0.947171,90,143
442,3,11,0.480756,234,274
443,2,22,0.212264,230,269
444,16,3,0.932847,184,213
445,16,9,0.232221,88,132
446,0,1,0.691895,134,163
447,20,17,0.406143,136,172
448,13,5,0.299665,184,218
449,5,3,0.590159,136,183
