NODES,25
INDEX,Name,X-coordinate,Y-coordinate
0,0,-,-
1,1,-,-
2,2,-,-
3,3,-,-
4,4,-,-
5,5,-,-
6,6,-,-
7,7,-,-
8,8,-,-
9,9,-,-
10,10,-,-
11,11,-,-
12,12,-,-
13,13,-,-
14,14,-,-
15,15,-,-
16,16,-,-
17,17,-,-
18,18,-,-
19,19,-,-
20,20,-,-
21,21,-,-
22,22,-,-
23,23,-,-
24,24,-,-
ARCS,529
Index,Origin,Destination,Variable Cost,Fixed Cost,Capacity,Travel time
0,0,1,0,117.8,1,5
1,1,0,0,117.8,1,5
2,1,2,0,234.05,1,7
3,1,3,0,260.4,1,8
4,1,4,0,175.15,1,6
5,1,5,0,486.7,1,15
6,1,6,0,323.95,1,9
7,1,8,0,323.95,1,9
8,1,9,0,447.95,1,12
9,1,10,0,883.5,1,26
10,1,11,0,255.75,1,8
11,1,12,0,387.5,1,10
12,1,13,0,489.8,1,14
13,1,14,0,525.45,1,16
14,1,15,0,1002.85,1,24
15,1,16,0,252.65,1,8
16,1,17,0,545.6,1,16
17,1,18,0,680.45,1,18
18,1,19,0,503.75,1,13
19,1,20,0,358.05,1,10
20,1,21,0,409.2,1,11
21,1,22,0,266.6,1,8
22,1,23,0,699.05,1,18
23,1,24,0,903.65,1,24
24,2,1,0,234.05,1,7
25,3,1,0,260.4,1,8
26,3,4,0,230.95,1,8
27,3,8,0,311.55,1,9
28,3,12,0,144.15,1,5
29,3,13,0,661.85,1,20
30,3,14,0,418.5,1,11
31,3,16,0,151.9,1,5
32,3,19,0,396.8,1,11
33,3,21,0,469.65,1,14
34,3,22,0,429.35,1,13
35,4,1,0,175.15,1,6
36,4,3,0,230.95,1,8
37,5,1,0,486.7,1,15
38,5,13,0,367.35,1,10
39,6,1,0,323.95,1,9
40,6,13,0,430.9,1,11
41,7,1,0,103.85,1,4
42,8,1,0,323.95,1,9
43,8,3,0,311.55,1,9
44,8,13,0,415.4,1,11
45,8,16,0,161.2,1,6
46,8,21,0,158.1,1,5
47,9,1,0,447.95,1,12
48,10,1,0,891.25,1,23
49,10,23,0,192.2,1,6
50,11,1,0,255.75,1,8
51,11,13,0,592.1,1,16
52,12,1,0,387.5,1,10
53,12,3,0,144.15,1,5
54,13,1,0,489.8,1,13
55,13,3,0,669.6,1,22
56,13,5,0,367.35,1,10
57,13,6,0,430.9,1,12
58,13,10,0,483.6,1,12
59,13,11,0,596.75,1,17
60,13,15,0,553.35,1,14
61,13,17,0,176.7,1,6
62,13,18,0,248,1,7
63,13,19,0,573.5,1,16
64,13,20,0,198.4,1,6
65,13,21,0,275.9,1,8
66,13,22,0,232.5,1,7
67,13,23,0,323.95,1,9
68,13,24,0,449.5,1,11
69,14,1,0,525.45,1,16
70,14,3,0,418.5,1,11
71,14,19,0,111.6,1,4
72,14,21,0,384.4,1,10
73,15,1,0,1002.85,1,24
74,15,13,0,553.35,1,16
75,15,18,0,350.3,1,10
76,15,21,0,747.1,1,20
77,15,23,0,412.3,1,11
78,16,1,0,252.65,1,8
79,16,3,0,151.9,1,5
80,16,8,0,161.2,1,6
81,16,13,0,581.25,1,17
82,16,21,0,305.35,1,9
83,17,1,0,544.05,1,14
84,17,13,0,176.7,1,6
85,17,18,0,127.1,1,5
86,17,21,0,292.95,1,8
87,18,1,0,666.5,1,17
88,18,10,0,308.45,1,10
89,18,13,0,248,1,7
90,18,15,0,350.3,1,10
91,18,17,0,127.1,1,5
92,18,19,0,719.2,1,19
93,18,21,0,421.6,1,11
94,18,22,0,421.6,1,13
95,18,23,0,116.25,1,4
96,18,24,0,237.15,1,7
97,19,1,0,503.75,1,13
98,19,3,0,396.8,1,11
99,19,8,0,240.25,1,7
100,19,14,0,111.6,1,4
101,19,21,0,297.6,1,8
102,20,1,0,358.05,1,10
103,20,13,0,198.4,1,6
104,20,23,0,522.35,1,15
105,21,1,0,409.2,1,11
106,21,3,0,458.8,1,13
107,21,8,0,158.1,1,5
108,21,13,0,275.9,1,8
109,21,14,0,384.4,1,10
110,21,15,0,829.25,1,22
111,21,17,0,292.95,1,8
112,21,18,0,420.05,1,13
113,21,19,0,297.6,1,8
114,21,23,0,440.2,1,11
115,22,1,0,266.6,1,8
116,22,3,0,429.35,1,12
117,22,13,0,232.5,1,7
118,23,1,0,699.05,1,17
119,23,10,0,192.2,1,6
120,23,13,0,323.95,1,9
121,23,15,0,412.3,1,11
122,23,17,0,153.45,1,5
123,23,18,0,116.25,1,4
124,23,21,0,446.4,1,13
125,23,24,0,305.35,1,9
126,24,1,0,903.65,1,24
127,24,13,0,449.5,1,11
128,24,18,0,237.15,1,7
129,24,23,0,305.35,1,9
130,0,2,0,161.2,1,6
131,0,3,0,353.4,1,10
132,0,4,0,285.2,1,9
133,0,5,0,474.3,1,13
134,0,6,0,246.45,1,8
135,0,8,0,427.8,1,12
136,0,9,0,379.75,1,11
137,0,10,0,931.55,1,25
138,0,11,0,158.1,1,5
139,0,12,0,401.45,1,11
140,0,14,0,632.4,1,17
141,0,15,0,1063.3,1,28
142,0,16,0,367.35,1,11
143,0,17,0,596.75,1,16
144,0,18,0,717.65,1,19
145,0,19,0,615.35,1,17
146,0,20,0,361.15,1,10
147,0,21,0,444.85,1,13
148,0,22,0,297.6,1,9
149,0,23,0,739.35,1,20
150,0,24,0,957.9,1,25
151,1,7,0,103.85,1,4
152,2,0,0,161.2,1,6
153,2,3,0,480.5,1,13
154,2,4,0,409.2,1,12
155,2,5,0,257.3,1,8
156,2,6,0,110.05,1,4
157,2,8,0,412.3,1,12
158,2,9,0,229.4,1,7
159,2,10,0,872.65,1,23
160,2,11,0,182.9,1,6
161,2,12,0,582.8,1,16
162,2,13,0,390.6,1,11
163,2,14,0,790.5,1,21
164,2,15,0,940.85,1,25
165,2,16,0,475.85,1,13
166,2,17,0,568.85,1,16
167,2,18,0,638.6,1,17
168,2,19,0,643.25,1,17
169,2,20,0,207.7,1,7
170,2,21,0,424.7,1,12
171,2,22,0,308.45,1,9
172,2,23,0,716.1,1,19
173,2,24,0,847.85,1,23
174,3,0,0,353.4,1,10
175,3,2,0,480.5,1,13
176,3,6,0,554.9,1,15
177,3,9,0,685.1,1,18
178,3,10,0,995.1,1,26
179,3,11,0,477.4,1,13
180,3,15,0,1224.5,1,32
181,3,17,0,764.15,1,20
182,3,18,0,833.9,1,22
183,3,20,0,620,1,17
184,3,23,0,888.15,1,23
185,3,24,0,1108.25,1,29
186,4,0,0,285.2,1,9
187,4,2,0,409.2,1,12
188,4,6,0,494.45,1,14
189,4,7,0,75.95,1,3
190,4,8,0,142.6,1,5
191,4,9,0,624.65,1,17
192,4,10,0,838.55,1,22
193,4,11,0,406.1,1,12
194,4,12,0,331.7,1,9
195,4,13,0,427.8,1,12
196,4,14,0,410.75,1,12
197,4,15,0,970.3,1,26
198,4,16,0,147.25,1,5
199,4,17,0,503.75,1,14
200,4,18,0,624.65,1,17
201,4,19,0,390.6,1,11
202,4,20,0,413.85,1,12
203,4,21,0,263.5,1,8
204,4,22,0,204.6,1,7
205,4,23,0,646.35,1,18
206,4,24,0,861.8,1,23
207,5,0,0,474.3,1,13
208,5,2,0,257.3,1,8
209,5,6,0,161.2,1,5
210,5,9,0,198.4,1,6
211,5,11,0,320.85,1,9
212,5,18,0,660.3,1,16
213,5,20,0,178.25,1,6
214,5,23,0,720.75,1,19
215,6,0,0,246.45,1,8
216,6,2,0,110.05,1,4
217,6,3,0,554.9,1,15
218,6,4,0,494.45,1,14
219,6,5,0,161.2,1,5
220,6,8,0,637.05,1,17
221,6,9,0,141.05,1,5
222,6,10,0,939.3,1,25
223,6,11,0,165.85,1,5
224,6,12,0,623.1,1,17
225,6,14,0,840.1,1,22
226,6,15,0,982.7,1,26
227,6,16,0,576.6,1,16
228,6,17,0,615.35,1,17
229,6,18,0,685.1,1,18
230,6,19,0,824.6,1,22
231,6,20,0,243.35,1,7
232,6,21,0,593.65,1,16
233,6,22,0,446.4,1,13
234,6,23,0,761.05,1,20
235,6,24,0,877.3,1,23
236,7,3,0,246.45,1,8
237,7,4,0,75.95,1,3
238,8,0,0,427.8,1,12
239,8,2,0,412.3,1,12
240,8,4,0,142.6,1,5
241,8,6,0,637.05,1,17
242,8,9,0,767.25,1,21
243,8,10,0,714.55,1,19
244,8,11,0,545.6,1,15
245,8,12,0,460.35,1,13
246,8,14,0,328.6,1,10
247,8,15,0,883.5,1,23
248,8,17,0,427.8,1,12
249,8,18,0,542.5,1,15
250,8,19,0,240.25,1,7
251,8,20,0,444.85,1,13
252,8,22,0,203.05,1,7
253,8,23,0,536.3,1,15
254,8,24,0,801.35,1,21
255,9,0,0,379.75,1,11
256,9,2,0,229.4,1,7
257,9,3,0,685.1,1,18
258,9,4,0,624.65,1,17
259,9,5,0,198.4,1,6
260,9,6,0,141.05,1,5
261,9,8,0,767.25,1,21
262,9,10,0,1069.5,1,28
263,9,11,0,297.6,1,8
264,9,12,0,753.3,1,20
265,9,13,0,469.65,1,12
266,9,14,0,652.55,1,18
267,9,15,0,1112.9,1,29
268,9,16,0,706.8,1,19
269,9,17,0,646.35,1,18
270,9,18,0,711.45,1,18
271,9,19,0,954.8,1,25
272,9,20,0,279,1,8
273,9,21,0,723.85,1,19
274,9,22,0,576.6,1,16
275,9,23,0,891.25,1,24
276,9,24,0,1019.9,1,27
277,10,0,0,931.55,1,25
278,10,2,0,872.65,1,23
279,10,3,0,995.1,1,26
280,10,4,0,838.55,1,22
281,10,6,0,939.3,1,25
282,10,8,0,714.55,1,19
283,10,9,0,1069.5,1,28
284,10,11,0,1133.05,1,30
285,10,12,0,1086.55,1,28
286,10,13,0,483.6,1,12
287,10,14,0,970.3,1,26
288,10,15,0,224.75,1,7
289,10,16,0,872.65,1,23
290,10,17,0,334.8,1,9
291,10,18,0,306.9,1,9
292,10,19,0,909.85,1,24
293,10,20,0,714.55,1,19
294,10,21,0,623.1,1,16
295,10,22,0,623.1,1,17
296,10,24,0,286.75,1,8
297,11,0,0,158.1,1,5
298,11,2,0,182.9,1,6
299,11,3,0,477.4,1,13
300,11,4,0,406.1,1,12
301,11,5,0,320.85,1,9
302,11,6,0,165.85,1,5
303,11,8,0,545.6,1,15
304,11,9,0,297.6,1,9
305,11,10,0,1133.05,1,30
306,11,12,0,523.9,1,14
307,11,14,0,770.35,1,21
308,11,15,0,1112.9,1,29
309,11,16,0,488.25,1,14
310,11,17,0,798.25,1,21
311,11,18,0,832.35,1,21
312,11,19,0,748.65,1,20
313,11,20,0,406.1,1,11
314,11,21,0,649.45,1,18
315,11,22,0,499.1,1,14
316,11,23,0,852.5,1,23
317,11,24,0,1021.45,1,27
318,12,0,0,401.45,1,11
319,12,2,0,582.8,1,16
320,12,4,0,331.7,1,10
321,12,6,0,623.1,1,17
322,12,8,0,460.35,1,13
323,12,9,0,753.3,1,20
324,12,10,0,1086.55,1,28
325,12,11,0,523.9,1,14
326,12,13,0,776.55,1,20
327,12,14,0,550.25,1,15
328,12,15,0,1233.8,1,32
329,12,16,0,296.05,1,9
330,12,17,0,776.55,1,21
331,12,18,0,1038.5,1,27
332,12,19,0,523.9,1,14
333,12,20,0,637.05,1,17
334,12,21,0,554.9,1,15
335,12,22,0,556.45,1,15
336,12,23,0,919.15,1,24
337,12,24,0,1137.7,1,30
338,13,2,0,390.6,1,11
339,13,4,0,427.8,1,12
340,13,8,0,415.4,1,11
341,13,9,0,469.65,1,12
342,13,14,0,655.65,1,17
343,13,16,0,530.1,1,14
344,14,0,0,632.4,1,17
345,14,2,0,790.5,1,21
346,14,4,0,410.75,1,12
347,14,6,0,840.1,1,22
348,14,8,0,328.6,1,10
349,14,9,0,652.55,1,18
350,14,10,0,970.3,1,26
351,14,11,0,770.35,1,21
352,14,12,0,550.25,1,15
353,14,13,0,655.65,1,17
354,14,15,0,1106.7,1,28
355,14,16,0,272.8,1,8
356,14,17,0,671.15,1,18
357,14,18,0,798.25,1,20
358,14,20,0,852.5,1,23
359,14,22,0,527,1,15
360,14,23,0,818.4,1,20
361,14,24,0,995.1,1,26
362,15,0,0,1063.3,1,28
363,15,2,0,940.85,1,25
364,15,3,0,1224.5,1,32
365,15,4,0,970.3,1,26
366,15,6,0,982.7,1,26
367,15,8,0,883.5,1,23
368,15,9,0,1112.9,1,29
369,15,10,0,224.75,1,7
370,15,11,0,1112.9,1,29
371,15,12,0,1233.8,1,32
372,15,14,0,1106.7,1,28
373,15,16,0,1027.65,1,27
374,15,17,0,454.15,1,12
375,15,19,0,1023,1,27
376,15,20,0,757.95,1,19
377,15,22,0,733.15,1,19
378,15,24,0,110.05,1,4
379,16,0,0,367.35,1,11
380,16,2,0,475.85,1,13
381,16,4,0,147.25,1,5
382,16,6,0,576.6,1,16
383,16,7,0,155,1,5
384,16,9,0,706.8,1,19
385,16,10,0,872.65,1,23
386,16,11,0,488.25,1,14
387,16,12,0,296.05,1,8
388,16,14,0,272.8,1,8
389,16,15,0,1027.65,1,27
390,16,17,0,570.4,1,16
391,16,18,0,686.65,1,19
392,16,19,0,251.1,1,7
393,16,20,0,525.45,1,15
394,16,22,0,302.25,1,9
395,16,23,0,692.85,1,19
396,16,24,0,951.7,1,25
397,17,0,0,596.75,1,16
398,17,2,0,568.85,1,16
399,17,3,0,764.15,1,20
400,17,4,0,503.75,1,14
401,17,5,0,530.1,1,14
402,17,6,0,615.35,1,17
403,17,8,0,427.8,1,12
404,17,9,0,649.45,1,18
405,17,10,0,334.8,1,10
406,17,11,0,798.25,1,21
407,17,12,0,776.55,1,21
408,17,14,0,671.15,1,17
409,17,15,0,454.15,1,12
410,17,16,0,570.4,1,16
411,17,19,0,581.25,1,16
412,17,20,0,373.55,1,10
413,17,22,0,294.5,1,8
414,17,23,0,153.45,1,5
415,17,24,0,362.7,1,10
416,18,0,0,719.2,1,19
417,18,2,0,638.6,1,17
418,18,3,0,833.9,1,22
419,18,4,0,624.65,1,17
420,18,5,0,660.3,1,16
421,18,6,0,685.1,1,18
422,18,8,0,542.5,1,15
423,18,9,0,711.45,1,18
424,18,11,0,832.35,1,21
425,18,12,0,1038.5,1,27
426,18,14,0,798.25,1,21
427,18,16,0,686.65,1,19
428,18,20,0,438.65,1,12
429,19,0,0,615.35,1,17
430,19,2,0,643.25,1,17
431,19,4,0,390.6,1,11
432,19,6,0,824.6,1,22
433,19,9,0,954.8,1,25
434,19,10,0,909.85,1,24
435,19,11,0,748.65,1,20
436,19,12,0,523.9,1,14
437,19,13,0,565.75,1,14
438,19,15,0,1023,1,27
439,19,16,0,251.1,1,7
440,19,17,0,581.25,1,16
441,19,18,0,709.9,1,18
442,19,20,0,764.15,1,20
443,19,22,0,437.1,1,12
444,19,23,0,728.5,1,18
445,19,24,0,942.4,1,25
446,20,0,0,361.15,1,10
447,20,2,0,207.7,1,7
448,20,3,0,620,1,17
449,20,4,0,413.85,1,12
450,20,5,0,178.25,1,6
451,20,6,0,243.35,1,7
452,20,8,0,444.85,1,13
453,20,9,0,279,1,8
454,20,10,0,714.55,1,19
455,20,11,0,406.1,1,11
456,20,12,0,637.05,1,17
457,20,14,0,878.85,1,23
458,20,15,0,757.95,1,19
459,20,16,0,525.45,1,15
460,20,17,0,373.55,1,11
461,20,18,0,438.65,1,12
462,20,19,0,764.15,1,20
463,20,21,0,466.55,1,13
464,20,22,0,272.8,1,8
465,20,24,0,641.7,1,17
466,21,0,0,444.85,1,13
467,21,2,0,424.7,1,12
468,21,4,0,263.5,1,8
469,21,6,0,593.65,1,16
470,21,9,0,723.85,1,19
471,21,10,0,623.1,1,16
472,21,11,0,646.35,1,18
473,21,12,0,554.9,1,15
474,21,16,0,305.35,1,9
475,21,20,0,466.55,1,13
476,21,22,0,142.6,1,5
477,21,24,0,651,1,18
478,22,0,0,297.6,1,9
479,22,2,0,308.45,1,10
480,22,4,0,204.6,1,7
481,22,6,0,446.4,1,13
482,22,8,0,203.05,1,6
483,22,9,0,576.6,1,16
484,22,10,0,623.1,1,17
485,22,11,0,499.1,1,14
486,22,12,0,556.45,1,15
487,22,14,0,527,1,15
488,22,15,0,733.15,1,19
489,22,16,0,302.25,1,9
490,22,17,0,294.5,1,8
491,22,18,0,404.55,1,10
492,22,19,0,437.1,1,12
493,22,20,0,272.8,1,9
494,22,21,0,142.6,1,5
495,22,23,0,432.45,1,11
496,22,24,0,643.25,1,17
497,23,0,0,739.35,1,20
498,23,2,0,716.1,1,19
499,23,3,0,888.15,1,23
500,23,4,0,646.35,1,18
501,23,6,0,761.05,1,20
502,23,8,0,536.3,1,15
503,23,9,0,891.25,1,24
504,23,11,0,852.5,1,23
505,23,12,0,919.15,1,24
506,23,14,0,818.4,1,20
507,23,16,0,692.85,1,19
508,23,19,0,728.5,1,18
509,23,20,0,522.35,1,14
510,23,22,0,432.45,1,11
511,24,0,0,957.9,1,25
512,24,2,0,847.85,1,23
513,24,3,0,1108.25,1,29
514,24,4,0,861.8,1,23
515,24,6,0,877.3,1,23
516,24,8,0,801.35,1,21
517,24,9,0,1019.9,1,27
518,24,10,0,286.75,1,8
519,24,11,0,1021.45,1,27
520,24,12,0,1137.7,1,30
521,24,14,0,995.1,1,26
522,24,15,0,110.05,1,4
523,24,16,0,951.7,1,25
524,24,17,0,362.7,1,10
525,24,19,0,942.4,1,25
526,24,20,0,641.7,1,17
527,24,21,0,651,1,16
528,24,22,0,643.25,1,17
PATHS,600
Index,Shipment origin,Shipment destination,1st terminal on path,2nd terminal on path,.....,6th terminal on path
0,0,1,0,1
1,0,2,0,1,2
2,0,3,0,1,3
3,0,4,0,1,4
4,0,5,0,1,5
5,0,6,0,1,6
6,0,7,0,1,7
7,0,8,0,1,8
8,0,9,0,1,9
9,0,10,0,1,10
10,0,11,0,1,11
11,0,12,0,1,12
12,0,13,0,1,13
13,0,14,0,1,14
14,0,15,0,1,15
15,0,16,0,1,16
16,0,17,0,1,17
17,0,18,0,1,18
18,0,19,0,1,19
19,0,20,0,1,20
20,0,21,0,1,21
21,0,22,0,1,22
22,0,23,0,1,23
23,0,24,0,1,24
24,1,0,1,0
25,1,2,1,2
26,1,3,1,3
27,1,4,1,4
28,1,5,1,5
29,1,6,1,6
30,1,7,1,7
31,1,8,1,8
32,1,9,1,9
33,1,10,1,10
34,1,11,1,11
35,1,12,1,12
36,1,13,1,13
37,1,14,1,14
38,1,15,1,15
39,1,16,1,16
40,1,17,1,17
41,1,18,1,18
42,1,19,1,19
43,1,20,1,20
44,1,21,1,21
45,1,22,1,22
46,1,23,1,23
47,1,24,1,24
48,2,0,2,1,0
49,2,1,2,1
50,2,3,2,1,3
51,2,4,2,1,4
52,2,5,2,1,5
53,2,6,2,1,6
54,2,8,2,1,8
55,2,7,2,1,7
56,2,9,2,1,9
57,2,10,2,1,10
58,2,11,2,1,11
59,2,12,2,1,12
60,2,13,2,1,13
61,2,14,2,1,14
62,2,15,2,1,15
63,2,16,2,1,16
64,2,17,2,1,17
65,2,18,2,1,18
66,2,19,2,1,19
67,2,20,2,1,20
68,2,21,2,1,21
69,2,22,2,1,22
70,2,23,2,1,23
71,2,24,2,1,24
72,3,0,3,1,0
73,3,1,3,1
74,3,2,3,1,2
75,3,4,3,4
76,3,5,3,1,5
77,3,6,3,1,6
78,3,7,3,1,7
79,3,8,3,8
80,3,9,3,1,9
81,3,10,3,13,10
82,3,11,3,1,11
83,3,12,3,12
84,3,13,3,13
85,3,14,3,14
86,3,15,3,13,15
87,3,16,3,16
88,3,17,3,13,17
89,3,18,3,13,18
90,3,19,3,19
91,3,20,3,1,20
92,3,21,3,21
93,3,22,3,22
94,3,23,3,21,23
95,3,24,3,13,24
96,4,0,4,1,0
97,4,1,4,1
98,4,2,4,1,2
99,4,3,4,3
100,4,5,4,1,5
101,4,6,4,1,6
102,4,7,4,1,7
103,4,8,4,1,8
104,4,9,4,1,9
105,4,10,4,1,10
106,4,11,4,1,11
107,4,12,4,3,12
108,4,13,4,1,13
109,4,14,4,3,14
110,4,15,4,1,15
111,4,16,4,3,16
112,4,17,4,1,17
113,4,18,4,1,18
114,4,19,4,3,19
115,4,20,4,1,20
116,4,21,4,1,21
117,4,22,4,1,22
118,4,23,4,1,23
119,4,24,4,1,24
120,5,0,5,1,0
121,5,1,5,1
122,5,2,5,1,2
123,5,3,5,1,3
124,5,4,5,1,4
125,5,6,5,1,6
126,5,7,5,1,7
127,5,8,5,1,8
128,5,9,5,1,9
129,5,10,5,13,10
130,5,11,5,1,11
131,5,12,5,1,12
132,5,13,5,13
133,5,14,5,1,14
134,5,15,5,13,15
135,5,16,5,1,16
136,5,17,5,13,17
137,5,18,5,13,18
138,5,19,5,13,21,19
139,5,20,5,13,20
140,5,21,5,13,21
141,5,22,5,1,22
142,5,23,5,13,23
143,5,24,5,13,24
144,6,0,6,1,0
145,6,1,6,1
146,6,2,6,1,2
147,6,3,6,1,3
148,6,4,6,1,4
149,6,5,6,1,5
150,6,7,6,1,7
151,6,8,6,1,8
152,6,9,6,1,9
153,6,10,6,1,10
154,6,11,6,1,11
155,6,12,6,1,12
156,6,13,6,1,13
157,6,14,6,1,14
158,6,15,6,1,15
159,6,16,6,1,16
160,6,17,6,1,17
161,6,18,6,1,18
162,6,19,6,1,19
163,6,20,6,1,20
164,6,21,6,1,21
165,6,22,6,1,22
166,6,23,6,1,23
167,6,24,6,1,24
168,7,0,7,1,0
169,7,1,7,1
170,7,2,7,1,2
171,7,3,7,3
172,7,4,7,4
173,7,5,7,1,5
174,7,6,7,3,6
175,7,8,7,3,8
176,7,9,7,1,9
177,7,10,7,1,9
178,7,11,7,3,11
179,7,12,7,4,12
180,7,13,7,4,13
181,7,14,7,4,14
182,7,15,7,4,15
183,7,16,7,4,16
184,7,17,7,1,17
185,7,18,7,1,18
186,7,19,7,1,19
187,7,20,7,1,20
188,7,21,7,1,21
189,7,22,7,1,22
190,7,23,7,1,23
191,7,24,7,1,24
192,8,0,8,1,0
193,8,1,8,1
194,8,2,8,1,2
195,8,3,8,3
196,8,4,8,1,4
197,8,5,8,1,5
198,8,6,8,1,6
199,8,7,8,1,7
200,8,9,8,1,9
201,8,10,8,21,23,10
202,8,11,8,1,11
203,8,12,8,3,12
204,8,13,8,21,13
205,8,14,8,21,14
206,8,15,8,21,13,15
207,8,16,8,3,16
208,8,17,8,21,17
209,8,18,8,21,18
210,8,19,8,21,19
211,8,20,8,1,20
212,8,21,8,21
213,8,22,8,1,22
214,8,23,8,21,23
215,8,24,8,21,13,24
216,9,0,9,1,0
217,9,1,9,1
218,9,2,9,1,2
219,9,3,9,1,3
220,9,4,9,1,4
221,9,5,9,1,5
222,9,6,9,1,6
223,9,7,9,1,7
224,9,8,9,1,8
225,9,10,9,1,10
226,9,11,9,1,11
227,9,12,9,1,12
228,9,13,9,1,13
229,9,14,9,1,14
230,9,15,9,1,15
231,9,16,9,1,16
232,9,17,9,1,17
233,9,18,9,1,18
234,9,19,9,1,19
235,9,20,9,1,20
236,9,21,9,1,21
237,9,22,9,1,22
238,9,23,9,1,23
239,9,24,9,1,24
240,10,0,10,1,0
241,10,1,10,1
242,10,2,10,1,2
243,10,3,10,1,3
244,10,4,10,1,4
245,10,5,10,23,13,5
246,10,6,10,23,13,6
247,10,7,10,1,7
248,10,8,10,23,21,8
249,10,9,10,1,9
250,10,11,10,1,11
251,10,12,10,1,12
252,10,13,10,23,13
253,10,14,10,23,21,14
254,10,15,10,23,15
255,10,16,10,1,16
256,10,17,10,23,17
257,10,18,10,23,18
258,10,19,10,23,21,19
259,10,20,10,23,13,20
260,10,21,10,23,21
261,10,22,10,23,22
262,10,23,10,23
263,10,24,10,23,24
264,11,0,11,1,0
265,11,1,11,1
266,11,2,11,1,2
267,11,3,11,1,3
268,11,4,11,1,4
269,11,5,11,1,5
270,11,6,11,1,6
271,11,7,11,1,7
272,11,8,11,1,8
273,11,9,11,1,9
274,11,10,11,13,10
275,11,12,11,1,12
276,11,13,11,13
277,11,14,11,1,14
278,11,15,11,13,15
279,11,16,11,1,16
280,11,17,11,13,17
281,11,18,11,13,18
282,11,19,11,1,19
283,11,20,11,1,20
284,11,21,11,1,21
285,11,22,11,1,22
286,11,23,11,13,23
287,11,24,11,13,24
288,12,0,12,1,0
289,12,1,12,1
290,12,2,12,1,2
291,12,3,12,3
292,12,4,12,3,4
293,12,5,12,1,5
294,12,6,12,1,6
295,12,7,12,1,7
296,12,8,12,3,8
297,12,9,12,1,9
298,12,10,12,1,10
299,12,11,12,1,11
300,12,13,12,3,13
301,12,14,12,3,14
302,12,15,12,1,15
303,12,16,12,3,16
304,12,17,12,1,17
305,12,18,12,1,18
306,12,19,12,3,19
307,12,20,12,1,20
308,12,21,12,3,21
309,12,22,12,3,22
310,12,23,12,1,23
311,12,24,12,1,24
312,13,0,13,1,0
313,13,1,13,1
314,13,2,13,1,2
315,13,3,13,3
316,13,4,13,4
317,13,5,13,5
318,13,6,13,6
319,13,7,13,1,7
320,13,8,13,21,8
321,13,9,13,1,9
322,13,10,13,10
323,13,11,13,11
324,13,12,13,3,12
325,13,14,13,21,14
326,13,15,13,15
327,13,16,13,1,16
328,13,17,13,17
329,13,18,13,18
330,13,19,13,21,19
331,13,20,13,20
332,13,21,13,21
333,13,22,13,22
334,13,23,13,23
335,13,24,13,24
336,14,0,14,1,0
337,14,1,14,1
338,14,2,14,1,2
339,14,3,14,3
340,14,4,14,3,4
341,14,5,14,1,5
342,14,6,14,1,6
343,14,7,14,1,7
344,14,8,14,3,8
345,14,9,14,1,9
346,14,10,14,21,23,10
347,14,11,14,1,11
348,14,12,14,3,12
349,14,13,14,21,13
350,14,15,14,21,13,15
351,14,16,14,3,16
352,14,17,14,21,17
353,14,18,14,21,18
354,14,19,14,1,19
355,14,20,14,1,20
356,14,21,14,21
357,14,22,14,1,22
358,14,23,14,21,23
359,14,24,14,21,13,24
360,15,0,15,1,0
361,15,1,15,1
362,15,2,15,1,2
363,15,3,15,13,3
364,15,4,15,1,4
365,15,5,15,13,5
366,15,6,15,13,6
367,15,7,15,1,7
368,15,8,15,21,8
369,15,9,15,1,9
370,15,10,15,10
371,15,11,15,1,11
372,15,12,15,1,12
373,15,13,15,13
374,15,14,15,21,14
375,15,16,15,1,16
376,15,17,15,17
377,15,18,15,18
378,15,19,15,21,19
379,15,20,15,13,20
380,15,21,15,21
381,15,22,15,13,22
382,15,23,15,23
383,15,24,15,24
384,16,0,16,1,0
385,16,1,16,1
386,16,2,16,1,2
387,16,3,16,3
388,16,4,16,3,4
389,16,5,16,1,5
390,16,6,16,1,6
391,16,7,16,1,7
392,16,8,16,3,8
393,16,9,16,1,9
394,16,10,16,13,10
395,16,11,16,1,11
396,16,12,16,3,12
397,16,13,16,13
398,16,14,16,3,14
399,16,15,16,13,15
400,16,17,16,13,17
401,16,18,16,13,18
402,16,19,16,3,19
403,16,20,16,1,20
404,16,21,16,21
405,16,22,16,3,22
406,16,23,16,13,23
407,16,24,16,13,24
408,17,0,17,1,0
409,17,1,17,1
410,17,2,17,1,2
411,17,3,17,13,3
412,17,4,17,1,4
413,17,5,17,13,5
414,17,6,17,13,6
415,17,7,17,1,7
416,17,8,17,21,8
417,17,9,17,1,9
418,17,10,17,13,10
419,17,11,17,1,11
420,17,12,17,1,12
421,17,13,17,13
422,17,14,17,21,14
423,17,15,17,13,15
424,17,16,17,1,16
425,17,18,17,18
426,17,19,17,21,19
427,17,20,17,13,20
428,17,21,17,21
429,17,22,17,13,22
430,17,23,17,13,23
431,17,24,17,13,24
432,18,0,18,1,0
433,18,1,18,1
434,18,2,18,1,2
435,18,3,18,13,3
436,18,4,18,1,4
437,18,5,18,13,5
438,18,6,18,13,6
439,18,7,18,1,7
440,18,8,18,21,8
441,18,9,18,13,1,9
442,18,10,18,10
443,18,11,18,1,11
444,18,12,18,1,12
445,18,13,18,13
446,18,14,18,21,14
447,18,15,18,15
448,18,16,18,1,16
449,18,17,18,17
450,18,19,18,21,19
451,18,20,18,13,20
452,18,21,18,21
453,18,22,18,13,22
454,18,23,18,23
455,18,24,18,24
456,19,0,19,1,0
457,19,1,19,1
458,19,2,19,1,2
459,19,3,19,3
460,19,4,19,3,4
461,19,5,19,1,5
462,19,6,19,1,6
463,19,7,19,1,7
464,19,8,19,21,8
465,19,9,19,1,9
466,19,10,19,1,10
467,19,11,19,1,11
468,19,12,19,3,12
469,19,13,19,21,13
470,19,14,19,1,14
471,19,15,19,21,13,15
472,19,16,19,3,16
473,19,17,19,21,17
474,19,18,19,21,18
475,19,20,19,1,20
476,19,21,19,21
477,19,22,19,1,22
478,19,23,19,21,23
479,19,24,19,21,13,24
480,20,0,20,1,0
481,20,1,20,1
482,20,2,20,1,2
483,20,3,20,1,3
484,20,4,20,1,4
485,20,5,20,1,5
486,20,6,20,1,6
487,20,7,20,1,7
488,20,8,20,1,8
489,20,9,20,1,9
490,20,10,20,13,10
491,20,11,20,1,11
492,20,12,20,1,12
493,20,13,20,13
494,20,14,20,1,14
495,20,15,20,13,15
496,20,16,20,1,16
497,20,17,20,13,17
498,20,18,20,13,18
499,20,19,20,1,19
500,20,21,20,1,21
501,20,22,20,13,22
502,20,23,20,13,23
503,20,24,20,13,24
504,21,0,21,1,0
505,21,1,21,1
506,21,2,21,1,2
507,21,3,21,3
508,21,4,21,1,4
509,21,5,21,13,5
510,21,6,21,13,6
511,21,7,21,1,7
512,21,8,21,8
513,21,9,21,1,9
514,21,10,21,23,10
515,21,11,21,1,11
516,21,12,21,3,12
517,21,13,21,13
518,21,14,21,14
519,21,15,21,13,15
520,21,16,21,3,16
521,21,17,21,17
522,21,18,21,18
523,21,19,21,19
524,21,20,21,1,20
525,21,22,21,1,22
526,21,23,21,23
527,21,24,21,13,24
528,22,0,22,1,0
529,22,1,22,1
530,22,2,22,1,2
531,22,3,22,3
532,22,4,22,1,4
533,22,5,22,13,5
534,22,6,22,1,6
535,22,7,22,1,7
536,22,8,22,1,8
537,22,9,22,1,9
538,22,10,22,13,10
539,22,11,22,1,11
540,22,12,22,3,12
541,22,13,22,13
542,22,14,22,1,14
543,22,15,22,13,15
544,22,16,22,1,16
545,22,17,22,13,17
546,22,18,22,13,18
547,22,19,22,1,19
548,22,20,22,13,20
549,22,21,22,1,21
550,22,23,22,13,23
551,22,24,22,13,24
552,23,0,23,1,0
553,23,1,23,1
554,23,2,23,1,2
555,23,3,23,1,3
556,23,4,23,1,4
557,23,5,23,13,5
558,23,6,23,13,6
559,23,7,23,1,7
560,23,8,23,21,8
561,23,9,23,1,9
562,23,10,23,10
563,23,11,23,1,11
564,23,12,23,1,12
565,23,13,23,13
566,23,14,23,21,14
567,23,15,23,15
568,23,16,23,1,16
569,23,17,23,17
570,23,18,23,18
571,23,19,23,21,19
572,23,20,23,13,20
573,23,21,23,21
574,23,22,23,22
575,23,24,23,24
576,24,0,24,1,0
577,24,1,24,1
578,24,2,24,1,2
579,24,3,24,13,3
580,24,4,24,1,4
581,24,5,24,13,5
582,24,6,24,13,6
583,24,7,24,1,7
584,24,8,24,18,21,8
585,24,9,24,13,1,9
586,24,10,24,23,10
587,24,11,24,13,11
588,24,12,24,1,12
589,24,13,24,13
590,24,14,24,18,21,14
591,24,15,24,15
592,24,16,24,1,16
593,24,17,24,13,17
594,24,18,24,18
595,24,19,24,18,21,19
596,24,20,24,13,20
597,24,21,24,18,21
598,24,22,24,13,22
599,24,23,24,23
COMMODITIES,600
Index,Origin,Destination,Demand/Size,Earliest available time,Latest delivery time
0,15,24,0.437459,186,262
1,24,5,0.0372398,88,181
2,11,22,0.880171,138,226
3,4,21,0.0113061,40,129
4,24,14,0.154627,134,234
5,8,19,0.0973308,40,125
6,10,20,0.0979887,40,133
7,22,11,0.398632,184,272
8,1,17,0.414297,134,222
9,17,10,0.517485,184,274
10,23,17,0.446202,134,211
11,8,9,0.280385,42,135
12,20,18,0.307093,88,173
13,20,17,0.411907,138,222
14,23,17,0.44655,90,167
15,0,10,0.487696,86,189
16,8,1,0.313086,90,171
17,14,21,0.842653,42,124
18,11,14,0.470777,90,186
19,17,8,0.198503,182,267
20,8,12,0.249369,42,128
21,8,5,0.0408657,40,136
22,18,12,0.429493,88,187
23,10,1,0.962692,182,277
24,11,14,0.417957,42,138
25,24,20,0.0535903,40,129
26,13,20,0.35941,184,262
27,1,0,0.402286,40,117
28,8,2,0.0302183,134,222
29,18,17,0.178375,182,259
30,23,1,0.562865,42,131
31,21,11,0.0568366,40,131
32,19,5,0.511369,186,286
33,11,18,0.191728,38,133
34,8,13,0.294666,138,223
35,24,13,0.250585,136,219
36,21,20,0.00709135,182,275
37,12,1,0.784307,182,264
38,23,0,0.618827,186,280
39,12,3,0.272276,138,215
40,3,18,0.455864,40,139
41,13,20,0.461037,88,166
42,0,10,0.447445,182,285
43,0,14,0.316473,42,135
44,20,1,0.830506,88,170
45,14,4,0.214573,40,131
46,10,5,0.0260319,182,279
47,17,14,0.0075622,138,228
48,23,3,0.807729,86,183
49,8,17,0.556989,134,219
50,6,3,0.244802,186,275
51,22,14,0.268193,186,282
52,21,0,0.0977517,42,130
53,10,17,0.19053,90,173
54,17,18,0.309353,138,215
55,22,2,0.615059,182,269
56,13,19,0.637598,134,222
57,13,18,0.464648,184,263
58,0,21,0.424522,90,178
59,10,19,0.445726,186,285
60,20,3,0.422014,38,128
61,16,2,0.292705,38,125
62,15,2,0.0132784,38,141
63,14,6,0.150189,42,139
64,20,14,0.35401,90,188
65,10,19,0.45731,134,233
66,2,14,0.729974,186,281
67,22,16,0.123368,38,126
68,5,18,0.614252,182,271
69,17,19,0.737544,88,176
70,8,15,0.0396016,138,237
71,18,20,0.0629448,138,223
72,2,19,0.27673,38,130
73,17,22,0.151114,186,271
74,14,11,0.7896,38,134
75,16,14,0.0343386,184,272
76,5,13,0.49266,138,220
77,17,8,0.196554,90,175
78,8,15,0.0458739,38,137
79,1,0,0.914979,86,163
80,4,23,0.0496951,40,136
81,6,4,0.0173379,182,269
82,10,4,0.0149089,138,239
83,14,18,0.702543,86,181
84,16,1,0.174231,134,214
85,2,18,0.0369833,90,187
86,1,9,0.189946,38,122
87,15,16,0.389326,42,146
88,18,0,0.251624,90,184
89,15,10,0.241639,90,169
90,21,12,0.0134198,182,272
91,24,20,0.989826,182,271
92,16,14,0.000972039,186,274
93,21,24,0.310526,138,229
94,13,23,0.933658,134,215
95,4,1,0.83603,138,216
96,22,16,0.125339,90,178
97,19,11,0.650253,136,229
98,5,17,0.39325,42,130
99,0,20,0.732381,88,175
100,1,11,0.320677,86,166
101,15,4,0.223039,184,286
102,21,23,0.313165,182,265
103,21,3,0.317608,136,221
104,4,14,0.439485,136,227
105,5,8,0.0452837,88,184
106,6,22,0.026412,86,175
107,12,15,0.394047,134,240
108,19,11,0.764325,42,135
109,11,23,0.568888,184,281
110,10,19,0.480511,42,141
111,14,11,0.762116,136,232
112,5,20,0.338048,86,174
113,22,17,0.307378,136,221
114,3,6,0.0351513,184,273
115,11,12,0.638516,86,176
116,12,9,0.248179,186,280
117,11,0,0.846563,186,271
118,22,23,0.589088,38,126
119,17,18,0.398509,184,261
120,11,1,0.947596,86,166
121,16,22,0.199841,138,228
122,13,1,0.833535,182,267
123,13,17,0.322846,184,262
124,14,11,0.796672,88,184
125,18,6,0.824734,38,129
126,15,22,0.672404,138,233
127,4,24,0.326425,138,240
128,10,9,0.336981,38,145
129,12,2,0.221283,134,223
130,8,3,0.0475157,184,265
131,8,24,0.0260558,186,282
132,9,1,0.584651,184,268
133,9,16,0.90184,88,180
134,5,17,0.442853,182,270
135,18,5,0.132797,186,275
136,14,24,0.0368242,38,139
137,3,4,0.240102,90,170
138,19,1,0.281828,184,269
139,1,22,0.152743,42,122
140,13,8,0.846378,88,173
141,12,23,0.0635766,136,236
142,22,8,0.189174,88,177
143,3,6,0.196289,38,127
144,12,9,0.211931,134,228
145,16,3,0.844011,186,263
146,6,14,0.0192293,186,283
147,17,24,0.691297,42,131
148,17,2,0.0395548,138,231
149,15,10,0.831033,86,165
150,19,16,0.116536,86,174
151,13,18,0.922901,138,217
152,6,22,0.0286195,90,179
153,4,6,0.071105,182,269
154,1,16,0.457406,184,264
155,21,17,0.357053,88,168
156,15,8,0.00629313,136,233
157,13,21,0.473971,86,166
158,15,16,0.395031,86,190
159,11,13,0.426341,182,270
160,3,9,0.573947,138,230
161,20,12,0.0194911,138,230
162,15,14,0.366054,134,236
163,8,15,0.044351,42,141
164,3,6,0.121883,42,131
165,1,17,0.0715425,136,224
166,23,18,0.500444,40,116
167,23,14,0.478497,40,135
168,24,21,0.102158,42,132
169,3,14,0.623024,136,219
170,16,23,0.0776765,184,282
171,10,5,0.0279533,134,231
172,15,10,0.0844877,134,213
173,15,23,0.300347,186,269
174,3,24,0.0355331,138,241
175,2,3,0.355874,38,125
176,13,15,0.147165,86,172
177,5,20,0.306644,134,222
178,1,6,0.47201,90,171
179,2,13,0.105195,186,279
180,16,4,0.858748,186,271
181,8,3,0.865457,88,169
182,23,12,0.32841,40,139
183,23,0,0.666563,184,278
184,19,10,0.248463,138,249
185,1,24,0.0477617,42,138
186,19,4,0.0609522,184,275
187,10,6,0.0890594,182,281
188,14,1,0.61658,134,222
189,18,16,0.464836,184,281
190,2,1,0.503192,184,263
191,4,16,0.418102,40,125
192,0,8,0.392565,88,174
193,8,17,0.432637,42,127
194,22,21,0.477765,40,131
195,0,12,0.297826,138,225
196,8,1,0.0722366,42,123
197,13,12,0.131977,40,139
198,12,23,0.065261,138,238
199,11,1,0.471652,182,262
200,21,12,0.0137706,86,176
201,10,12,0.0752884,38,143
202,13,3,0.665986,42,136
203,13,5,0.328591,42,124
204,10,20,0.0924681,134,227
205,13,17,0.22227,86,164
206,0,6,0.121723,40,126
207,0,21,0.446259,38,126
208,16,13,0.910376,88,177
209,4,3,0.646443,40,120
210,4,14,0.449711,184,275
211,16,5,0.174102,186,281
212,16,13,0.895623,134,223
213,16,4,0.759244,88,173
214,21,11,0.0527361,86,177
215,4,10,0.0513904,134,238
216,24,17,0.786808,90,179
217,21,24,0.26513,90,181
218,0,5,0.188671,86,178
219,0,20,0.792505,38,125
220,20,22,0.228097,42,127
221,0,12,0.272773,40,127
222,24,17,0.81548,186,275
223,5,3,0.624719,38,133
224,18,2,0.412794,134,230
225,2,20,0.986071,184,273
226,3,6,0.125137,138,227
227,20,16,0.0155267,38,128
228,23,14,0.475514,42,137
229,3,5,0.777515,186,281
230,23,9,0.498845,138,239
231,17,9,0.338008,184,282
232,22,19,0.126818,184,277
233,12,18,0.126559,40,140
234,11,16,0.40147,182,270
235,21,11,0.0498146,42,133
236,20,0,0.0599827,186,273
237,0,12,0.293377,42,129
238,22,9,0.192475,40,132
239,3,19,0.359693,86,169
240,23,1,0.242085,138,227
241,4,16,0.48112,88,173
242,16,23,0.0812599,88,186
243,10,6,0.0918366,90,189
244,0,13,0.386427,88,179
245,16,6,0.101291,182,271
246,11,19,0.308738,186,279
247,10,1,0.0180434,186,281
248,8,15,0.0398467,88,187
249,4,13,0.369249,138,230
250,8,5,0.0435628,88,184
251,14,12,0.172605,86,174
252,19,13,0.51242,42,130
253,15,8,0.0655517,90,187
254,22,2,0.69972,134,221
255,0,13,0.341995,90,181
256,11,22,0.916524,186,274
257,22,2,0.612383,136,223
258,15,18,0.072182,186,268
259,13,5,0.3262,90,172
260,10,1,0.439893,42,137
261,0,14,0.286987,86,179
262,13,15,0.741777,138,224
263,4,24,0.317513,86,188
264,22,18,0.716897,38,124
265,16,15,0.62505,134,237
266,19,9,0.210781,184,281
267,21,12,0.0144345,90,180
268,21,12,0.0136423,42,132
269,10,20,0.0947067,88,181
270,13,18,0.219124,88,167
271,12,3,0.013228,186,263
272,14,18,0.752363,136,231
273,20,16,0.0140935,134,224
274,4,24,0.30491,186,288
275,16,2,0.318626,136,223
276,0,21,0.407258,42,130
277,12,18,0.144851,86,186
278,6,3,0.244814,138,227
279,24,19,0.746923,136,234
280,10,12,0.0759805,90,195
281,2,3,0.323083,182,269
282,22,14,0.22656,134,230
283,5,15,0.436743,38,134
284,20,3,0.375857,138,228
285,21,8,0.442183,136,213
286,16,20,0.225537,138,228
287,3,19,0.984318,134,217
288,3,21,0.285897,90,176
289,4,18,0.384745,186,282
290,23,19,0.520675,182,275
291,17,22,0.156003,138,223
292,18,15,0.220809,184,266
293,0,1,0.303713,184,261
294,11,15,0.066911,134,236
295,14,10,0.199968,42,141
296,10,20,0.0903823,184,277
297,16,11,0.756073,184,272
298,8,16,0.0113599,136,222
299,18,2,0.453597,186,282
300,10,2,0.0228642,86,188
301,24,2,0.35889,88,191
302,16,4,0.811464,136,221
303,2,19,0.32854,42,134
304,19,24,0.445487,138,237
305,14,24,0.0368992,42,143
306,11,22,0.888536,42,130
307,11,8,0.393416,40,129
308,24,14,0.159432,90,190
309,17,14,0.00742964,86,176
310,14,18,0.535925,90,185
311,23,17,0.626431,184,261
312,19,18,0.912532,88,181
313,23,8,0.265083,90,180
314,4,17,0.00532036,138,232
315,12,6,0.142813,40,131
316,4,16,0.483394,86,171
317,4,21,0.012611,134,223
318,2,13,0.107383,184,277
319,2,8,0.445379,42,130
320,6,22,0.0280444,40,129
321,16,20,0.235558,88,178
322,13,23,0.699591,86,167
323,20,3,0.379274,182,272
324,22,5,0.429731,138,227
325,19,9,0.206676,90,187
326,14,12,0.174611,90,178
327,11,23,0.706241,40,137
328,12,14,0.0355376,38,126
329,4,14,0.474119,38,129
330,0,2,0.110904,136,220
331,11,15,0.19929,136,238
332,0,10,0.529046,136,239
333,23,24,0.371731,90,171
334,12,21,0.374876,186,277
335,13,4,0.0767013,186,270
336,10,19,0.464794,38,137
337,2,18,0.0328636,134,231
338,4,17,0.00634179,182,276
339,13,12,0.124869,88,187
340,12,13,0.189927,134,231
341,4,6,0.0660775,40,127
342,18,14,0.13902,182,275
343,15,22,0.710974,86,181
344,20,0,0.0647562,182,269
345,17,13,0.985883,86,164
346,18,20,0.172696,186,271
347,20,8,0.273147,134,225
348,5,3,0.575345,86,181
349,5,3,0.567083,88,183
350,11,0,0.862156,184,269
351,18,24,0.806215,88,167
352,23,22,0.0331913,134,217
353,3,19,0.366031,90,173
354,23,11,0.303043,134,231
355,16,2,0.339124,184,271
356,21,17,0.361801,182,262
357,5,20,0.303323,88,176
358,13,17,0.17712,90,168
359,14,12,0.180177,138,226
360,4,18,0.391052,88,184
361,17,16,0.0682049,134,228
362,5,23,0.803548,136,227
363,22,21,0.473987,136,227
364,11,17,0.343652,38,132
365,16,10,0.0273123,40,141
366,3,19,0.38703,182,265
367,8,5,0.0361922,184,280
368,15,1,0.188491,42,138
369,3,8,0.488717,186,267
370,9,1,0.894382,186,270
371,23,11,0.316546,90,187
372,18,15,0.709639,138,220
373,4,23,0.0187123,186,282
374,19,4,0.0635056,182,273
375,24,2,0.346732,136,239
376,19,4,0.067155,88,179
377,23,22,0.243424,138,221
378,6,17,0.0485214,138,235
379,2,14,0.635112,88,183
380,2,13,0.120187,90,183
381,22,5,0.377801,86,175
382,18,15,0.760488,90,172
383,24,21,0.111931,138,228
384,8,14,0.0187519,86,173
385,0,12,0.284119,38,125
386,5,8,0.0496738,186,282
387,0,22,0.22414,182,267
388,20,17,0.417839,40,124
389,13,8,0.946411,90,175
390,1,22,0.530222,186,266
391,9,1,0.856016,86,170
392,10,1,0.646186,38,133
393,0,6,0.12143,86,172
394,10,2,0.0199966,88,190
395,23,11,0.354056,40,137
396,16,8,0.220976,42,128
397,6,1,0.643174,90,171
398,15,24,0.235401,42,118
399,3,6,0.241152,186,275
400,20,12,0.017297,40,132
401,3,1,0.0897757,40,120
402,19,10,0.267909,86,197
403,17,16,0.0703275,138,232
404,4,18,0.347387,184,280
405,4,17,0.00548413,134,228
406,19,24,0.485728,182,281
407,13,17,0.183561,186,264
408,17,1,0.29118,186,272
409,22,2,0.608919,138,225
410,16,15,0.551221,182,285
411,14,15,0.698435,42,146
412,0,6,0.116305,184,270
413,23,21,0.0708351,136,221
414,8,2,0.0355058,184,272
415,4,17,0.00600834,88,182
416,23,3,0.973013,134,231
417,2,1,0.936683,90,169
418,17,0,0.00901949,40,131
419,24,6,0.386822,186,281
420,13,23,0.946048,182,263
421,0,8,0.365744,40,126
422,9,16,0.899748,134,226
423,4,15,0.250096,184,286
424,13,8,0.748187,134,219
425,14,1,0.856407,88,176
426,20,0,0.067732,134,221
427,6,14,0.0175374,138,235
428,3,6,0.116798,136,225
429,14,23,0.42262,42,135
430,4,21,0.0124877,90,179
431,5,18,0.540331,134,223
432,0,3,0.351206,182,267
433,24,18,0.834058,136,215
434,4,14,0.432056,90,181
435,24,14,0.149946,42,142
436,14,5,0.385795,40,143
437,5,24,0.0689841,86,179
438,23,0,0.633363,40,134
439,24,8,0.0622231,40,135
440,13,10,0.913415,40,124
441,13,10,0.977387,38,122
442,16,0,0.714562,86,171
443,15,23,0.53058,138,221
444,20,14,0.367933,182,280
445,14,17,0.0849158,136,226
446,24,2,0.392473,38,141
447,0,12,0.2896,88,175
448,13,17,0.243882,88,166
449,23,24,0.598303,86,167
450,15,22,0.599995,186,281
451,14,17,0.0832092,186,276
452,19,13,0.582186,138,226
453,14,18,0.925412,38,133
454,5,12,0.0163137,86,183
455,0,9,0.140108,136,225
456,18,16,0.469652,182,279
457,19,9,0.202681,40,137
458,19,11,0.658689,86,179
459,0,1,0.805555,40,117
460,21,11,0.0536097,136,227
461,6,4,0.0185273,136,223
462,4,1,0.947302,88,166
463,17,19,0.679249,40,128
464,20,18,0.31989,86,171
465,2,14,0.724535,38,133
466,11,10,0.312074,186,286
467,20,23,0.101418,38,125
468,18,0,0.250307,38,132
469,13,11,0.997098,38,127
470,12,16,0.70952,184,266
471,23,13,0.997351,86,167
472,14,24,0.0355662,134,235
473,14,9,0.56731,38,138
474,15,22,0.609251,182,277
475,15,2,0.0119944,42,145
476,20,18,0.271465,184,269
477,20,14,0.340705,184,282
478,15,16,0.358223,90,194
479,14,15,0.661733,86,190
480,0,6,0.130014,182,268
481,20,17,0.465894,42,126
482,17,0,0.00826063,138,229
483,19,9,0.191624,88,185
484,24,13,0.511624,86,169
485,13,10,0.675512,136,220
486,20,3,0.367074,184,274
487,16,1,0.716516,186,266
488,3,9,0.483094,136,228
489,12,16,0.700169,38,120
490,6,16,0.351843,38,127
491,4,24,0.32515,136,238
492,4,1,0.970786,40,118
493,2,1,0.154024,38,117
494,6,16,0.348942,90,179
495,11,1,0.290911,88,168
496,22,5,0.410538,136,225
497,23,3,0.764702,136,233
498,18,14,0.319032,90,183
499,11,22,0.857348,38,126
500,2,13,0.120619,40,133
501,19,23,0.773394,86,177
502,20,17,0.395853,186,270
503,6,4,0.0175936,186,273
504,0,21,0.415847,86,174
505,3,6,0.297422,182,271
506,13,5,0.29629,136,218
507,6,16,0.385913,42,131
508,9,1,0.980371,134,218
509,24,19,0.84531,90,188
510,5,12,0.0162497,40,137
511,0,9,0.151428,134,223
512,15,22,0.665436,42,137
513,17,14,0.00703038,42,132
514,10,17,0.19402,40,123
515,8,2,0.0331016,38,126
516,10,15,0.641997,86,175
517,15,24,0.91875,134,210
518,6,18,0.0318245,134,233
519,19,21,0.748158,134,214
520,16,12,0.18534,88,170
521,2,0,0.0530774,88,172
522,6,4,0.0178502,86,173
523,2,17,0.122132,186,281
524,5,12,0.0152246,90,187
525,0,17,0.226623,38,131
526,11,14,0.46306,184,280
527,24,16,0.0220351,182,286
528,13,17,0.943499,182,260
529,4,13,0.352275,38,130
530,19,5,0.483176,184,284
531,18,14,0.163439,86,179
532,16,3,0.0876414,182,259
533,2,20,0.927103,182,271
534,17,24,0.582851,182,271
535,14,21,0.771463,136,218
536,0,15,0.443422,184,285
537,11,13,0.419985,134,222
538,6,4,0.0161631,138,225
539,23,16,0.209729,88,185
540,22,15,0.109262,88,181
541,18,15,0.423555,136,218
542,21,3,0.178185,134,219
543,13,20,0.326142,182,260
544,6,18,0.0325964,86,185
545,10,13,0.693732,86,173
546,15,22,0.641667,134,229
547,4,16,0.464364,138,223
548,0,22,0.249322,138,223
549,14,13,0.968595,184,274
550,17,8,0.200098,186,271
551,11,8,0.377203,42,131
552,17,18,0.306223,88,165
553,22,2,0.67174,86,173
554,24,5,0.0402434,136,229
555,8,5,0.0371224,86,182
556,6,18,0.0323516,186,285
557,19,8,0.440247,90,175
558,21,17,0.365296,86,166
559,11,1,0.315734,40,120
560,14,12,0.179924,88,176
561,19,23,0.697043,38,129
562,17,16,0.0648484,184,278
563,16,0,0.707469,136,221
564,1,22,0.909523,86,166
565,5,3,0.660561,138,233
566,0,8,0.39134,182,268
567,16,5,0.156861,38,133
568,5,4,0.196759,134,227
569,1,8,0.989412,90,171
570,10,12,0.0645996,42,147
571,12,1,0.190342,184,266
572,21,12,0.0126627,136,226
573,23,21,0.93617,38,123
574,3,19,0.975184,38,121
575,16,9,0.237916,136,228
576,0,15,0.423096,138,239
577,4,18,0.369516,136,232
578,6,17,0.055757,86,183
579,2,12,0.0525253,40,129
580,4,6,0.0633679,134,221
581,1,24,0.804821,90,186
582,1,8,0.969309,186,267
583,22,11,0.443525,40,128
584,23,14,0.519821,182,277
585,23,3,0.638793,182,279
586,3,20,0.99614,86,176
587,12,23,0.0747353,90,190
588,22,8,0.314919,184,273
589,16,9,0.225827,182,274
590,10,15,0.412461,38,127
591,16,14,0.0456883,88,176
592,1,17,0.668218,40,128
593,0,14,0.331503,90,183
594,1,8,0.0110085,86,167
595,0,15,0.42467,136,237
596,18,5,0.11988,40,129
597,14,22,0.688699,90,186
598,10,2,0.0216779,184,286
599,4,24,0.299137,134,236
