NODES,25
INDEX,Name,X-coordinate,Y-coordinate
0,0,-,-
1,1,-,-
2,2,-,-
3,3,-,-
4,4,-,-
5,5,-,-
6,6,-,-
7,7,-,-
8,8,-,-
9,9,-,-
10,10,-,-
11,11,-,-
12,12,-,-
13,13,-,-
14,14,-,-
15,15,-,-
16,16,-,-
17,17,-,-
18,18,-,-
19,19,-,-
20,20,-,-
21,21,-,-
22,22,-,-
23,23,-,-
24,24,-,-
ARCS,529
Index,Origin,Destination,Variable Cost,Fixed Cost,Capacity,Travel time
0,0,1,0,117.8,1,5
1,1,0,0,117.8,1,5
2,1,2,0,234.05,1,7
3,1,3,0,260.4,1,8
4,1,4,0,175.15,1,6
5,1,5,0,486.7,1,15
6,1,6,0,323.95,1,9
7,1,8,0,323.95,1,9
8,1,9,0,447.95,1,12
9,1,10,0,883.5,1,26
10,1,11,0,255.75,1,8
11,1,12,0,387.5,1,10
12,1,13,0,489.8,1,14
13,1,14,0,525.45,1,16
14,1,15,0,1002.85,1,24
15,1,16,0,252.65,1,8
16,1,17,0,545.6,1,16
17,1,18,0,680.45,1,18
18,1,19,0,503.75,1,13
19,1,20,0,358.05,1,10
20,1,21,0,409.2,1,11
21,1,22,0,266.6,1,8
22,1,23,0,699.05,1,18
23,1,24,0,903.65,1,24
24,2,1,0,234.05,1,7
25,3,1,0,260.4,1,8
26,3,4,0,230.95,1,8
27,3,8,0,311.55,1,9
28,3,12,0,144.15,1,5
29,3,13,0,661.85,1,20
30,3,14,0,418.5,1,11
31,3,16,0,151.9,1,5
32,3,19,0,396.8,1,11
33,3,21,0,469.65,1,14
34,3,22,0,429.35,1,13
35,4,1,0,175.15,1,6
36,4,3,0,230.95,1,8
37,5,1,0,486.7,1,15
38,5,13,0,367.35,1,10
39,6,1,0,323.95,1,9
40,6,13,0,430.9,1,11
41,7,1,0,103.85,1,4
42,8,1,0,323.95,1,9
43,8,3,0,311.55,1,9
44,8,13,0,415.4,1,11
45,8,16,0,161.2,1,6
46,8,21,0,158.1,1,5
47,9,1,0,447.95,1,12
48,10,1,0,891.25,1,23
49,10,23,0,192.2,1,6
50,11,1,0,255.75,1,8
51,11,13,0,592.1,1,16
52,12,1,0,387.5,1,10
53,12,3,0,144.15,1,5
54,13,1,0,489.8,1,13
55,13,3,0,669.6,1,22
56,13,5,0,367.35,1,10
57,13,6,0,430.9,1,12
58,13,10,0,483.6,1,12
59,13,11,0,596.75,1,17
60,13,15,0,553.35,1,14
61,13,17,0,176.7,1,6
62,13,18,0,248,1,7
63,13,19,0,573.5,1,16
64,13,20,0,198.4,1,6
65,13,21,0,275.9,1,8
66,13,22,0,232.5,1,7
67,13,23,0,323.95,1,9
68,13,24,0,449.5,1,11
69,14,1,0,525.45,1,16
70,14,3,0,418.5,1,11
71,14,19,0,111.6,1,4
72,14,21,0,384.4,1,10
73,15,1,0,1002.85,1,24
74,15,13,0,553.35,1,16
75,15,18,0,350.3,1,10
76,15,21,0,747.1,1,20
77,15,23,0,412.3,1,11
78,16,1,0,252.65,1,8
79,16,3,0,151.9,1,5
80,16,8,0,161.2,1,6
81,16,13,0,581.25,1,17
82,16,21,0,305.35,1,9
83,17,1,0,544.05,1,14
84,17,13,0,176.7,1,6
85,17,18,0,127.1,1,5
86,17,21,0,292.95,1,8
87,18,1,0,666.5,1,17
88,18,10,0,308.45,1,10
89,18,13,0,248,1,7
90,18,15,0,350.3,1,10
91,18,17,0,127.1,1,5
92,18,19,0,719.2,1,19
93,18,21,0,421.6,1,11
94,18,22,0,421.6,1,13
95,18,23,0,116.25,1,4
96,18,24,0,237.15,1,7
97,19,1,0,503.75,1,13
98,19,3,0,396.8,1,11
99,19,8,0,240.25,1,7
100,19,14,0,111.6,1,4
101,19,21,0,297.6,1,8
102,20,1,0,358.05,1,10
103,20,13,0,198.4,1,6
104,20,23,0,522.35,1,15
105,21,1,0,409.2,1,11
106,21,3,0,458.8,1,13
107,21,8,0,158.1,1,5
108,21,13,0,275.9,1,8
109,21,14,0,384.4,1,10
110,21,15,0,829.25,1,22
111,21,17,0,292.95,1,8
112,21,18,0,420.05,1,13
113,21,19,0,297.6,1,8
114,21,23,0,440.2,1,11
115,22,1,0,266.6,1,8
116,22,3,0,429.35,1,12
117,22,13,0,232.5,1,7
118,23,1,0,699.05,1,17
119,23,10,0,192.2,1,6
120,23,13,0,323.95,1,9
121,23,15,0,412.3,1,11
122,23,17,0,153.45,1,5
123,23,18,0,116.25,1,4
124,23,21,0,446.4,1,13
125,23,24,0,305.35,1,9
126,24,1,0,903.65,1,24
127,24,13,0,449.5,1,11
128,24,18,0,237.15,1,7
129,24,23,0,305.35,1,9
130,0,2,0,161.2,1,6
131,0,3,0,353.4,1,10
132,0,4,0,285.2,1,9
133,0,5,0,474.3,1,13
134,0,6,0,246.45,1,8
135,0,8,0,427.8,1,12
136,0,9,0,379.75,1,11
137,0,10,0,931.55,1,25
138,0,11,0,158.1,1,5
139,0,12,0,401.45,1,11
140,0,14,0,632.4,1,17
141,0,15,0,1063.3,1,28
142,0,16,0,367.35,1,11
143,0,17,0,596.75,1,16
144,0,18,0,717.65,1,19
145,0,19,0,615.35,1,17
146,0,20,0,361.15,1,10
147,0,21,0,444.85,1,13
148,0,22,0,297.6,1,9
149,0,23,0,739.35,1,20
150,0,24,0,957.9,1,25
151,1,7,0,103.85,1,4
152,2,0,0,161.2,1,6
153,2,3,0,480.5,1,13
154,2,4,0,409.2,1,12
155,2,5,0,257.3,1,8
156,2,6,0,110.05,1,4
157,2,8,0,412.3,1,12
158,2,9,0,229.4,1,7
159,2,10,0,872.65,1,23
160,2,11,0,182.9,1,6
161,2,12,0,582.8,1,16
162,2,13,0,390.6,1,11
163,2,14,0,790.5,1,21
164,2,15,0,940.85,1,25
165,2,16,0,475.85,1,13
166,2,17,0,568.85,1,16
167,2,18,0,638.6,1,17
168,2,19,0,643.25,1,17
169,2,20,0,207.7,1,7
170,2,21,0,424.7,1,12
171,2,22,0,308.45,1,9
172,2,23,0,716.1,1,19
173,2,24,0,847.85,1,23
174,3,0,0,353.4,1,10
175,3,2,0,480.5,1,13
176,3,6,0,554.9,1,15
177,3,9,0,685.1,1,18
178,3,10,0,995.1,1,26
179,3,11,0,477.4,1,13
180,3,15,0,1224.5,1,32
181,3,17,0,764.15,1,20
182,3,18,0,833.9,1,22
183,3,20,0,620,1,17
184,3,23,0,888.15,1,23
185,3,24,0,1108.25,1,29
186,4,0,0,285.2,1,9
187,4,2,0,409.2,1,12
188,4,6,0,494.45,1,14
189,4,7,0,75.95,1,3
190,4,8,0,142.6,1,5
191,4,9,0,624.65,1,17
192,4,10,0,838.55,1,22
193,4,11,0,406.1,1,12
194,4,12,0,331.7,1,9
195,4,13,0,427.8,1,12
196,4,14,0,410.75,1,12
197,4,15,0,970.3,1,26
198,4,16,0,147.25,1,5
199,4,17,0,503.75,1,14
200,4,18,0,624.65,1,17
201,4,19,0,390.6,1,11
202,4,20,0,413.85,1,12
203,4,21,0,263.5,1,8
204,4,22,0,204.6,1,7
205,4,23,0,646.35,1,18
206,4,24,0,861.8,1,23
207,5,0,0,474.3,1,13
208,5,2,0,257.3,1,8
209,5,6,0,161.2,1,5
210,5,9,0,198.4,1,6
211,5,11,0,320.85,1,9
212,5,18,0,660.3,1,16
213,5,20,0,178.25,1,6
214,5,23,0,720.75,1,19
215,6,0,0,246.45,1,8
216,6,2,0,110.05,1,4
217,6,3,0,554.9,1,15
218,6,4,0,494.45,1,14
219,6,5,0,161.2,1,5
220,6,8,0,637.05,1,17
221,6,9,0,141.05,1,5
222,6,10,0,939.3,1,25
223,6,11,0,165.85,1,5
224,6,12,0,623.1,1,17
225,6,14,0,840.1,1,22
226,6,15,0,982.7,1,26
227,6,16,0,576.6,1,16
228,6,17,0,615.35,1,17
229,6,18,0,685.1,1,18
230,6,19,0,824.6,1,22
231,6,20,0,243.35,1,7
232,6,21,0,593.65,1,16
233,6,22,0,446.4,1,13
234,6,23,0,761.05,1,20
235,6,24,0,877.3,1,23
236,7,3,0,246.45,1,8
237,7,4,0,75.95,1,3
238,8,0,0,427.8,1,12
239,8,2,0,412.3,1,12
240,8,4,0,142.6,1,5
241,8,6,0,637.05,1,17
242,8,9,0,767.25,1,21
243,8,10,0,714.55,1,19
244,8,11,0,545.6,1,15
245,8,12,0,460.35,1,13
246,8,14,0,328.6,1,10
247,8,15,0,883.5,1,23
248,8,17,0,427.8,1,12
249,8,18,0,542.5,1,15
250,8,19,0,240.25,1,7
251,8,20,0,444.85,1,13
252,8,22,0,203.05,1,7
253,8,23,0,536.3,1,15
254,8,24,0,801.35,1,21
255,9,0,0,379.75,1,11
256,9,2,0,229.4,1,7
257,9,3,0,685.1,1,18
258,9,4,0,624.65,1,17
259,9,5,0,198.4,1,6
260,9,6,0,141.05,1,5
261,9,8,0,767.25,1,21
262,9,10,0,1069.5,1,28
263,9,11,0,297.6,1,8
264,9,12,0,753.3,1,20
265,9,13,0,469.65,1,12
266,9,14,0,652.55,1,18
267,9,15,0,1112.9,1,29
268,9,16,0,706.8,1,19
269,9,17,0,646.35,1,18
270,9,18,0,711.45,1,18
271,9,19,0,954.8,1,25
272,9,20,0,279,1,8
273,9,21,0,723.85,1,19
274,9,22,0,576.6,1,16
275,9,23,0,891.25,1,24
276,9,24,0,1019.9,1,27
277,10,0,0,931.55,1,25
278,10,2,0,872.65,1,23
279,10,3,0,995.1,1,26
280,10,4,0,838.55,1,22
281,10,6,0,939.3,1,25
282,10,8,0,714.55,1,19
283,10,9,0,1069.5,1,28
284,10,11,0,1133.05,1,30
285,10,12,0,1086.55,1,28
286,10,13,0,483.6,1,12
287,10,14,0,970.3,1,26
288,10,15,0,224.75,1,7
289,10,16,0,872.65,1,23
290,10,17,0,334.8,1,9
291,10,18,0,306.9,1,9
292,10,19,0,909.85,1,24
293,10,20,0,714.55,1,19
294,10,21,0,623.1,1,16
295,10,22,0,623.1,1,17
296,10,24,0,286.75,1,8
297,11,0,0,158.1,1,5
298,11,2,0,182.9,1,6
299,11,3,0,477.4,1,13
300,11,4,0,406.1,1,12
301,11,5,0,320.85,1,9
302,11,6,0,165.85,1,5
303,11,8,0,545.6,1,15
304,11,9,0,297.6,1,9
305,11,10,0,1133.05,1,30
306,11,12,0,523.9,1,14
307,11,14,0,770.35,1,21
308,11,15,0,1112.9,1,29
309,11,16,0,488.25,1,14
310,11,17,0,798.25,1,21
311,11,18,0,832.35,1,21
312,11,19,0,748.65,1,20
313,11,20,0,406.1,1,11
314,11,21,0,649.45,1,18
315,11,22,0,499.1,1,14
316,11,23,0,852.5,1,23
317,11,24,0,1021.45,1,27
318,12,0,0,401.45,1,11
319,12,2,0,582.8,1,16
320,12,4,0,331.7,1,10
321,12,6,0,623.1,1,17
322,12,8,0,460.35,1,13
323,12,9,0,753.3,1,20
324,12,10,0,1086.55,1,28
325,12,11,0,523.9,1,14
326,12,13,0,776.55,1,20
327,12,14,0,550.25,1,15
328,12,15,0,1233.8,1,32
329,12,16,0,296.05,1,9
330,12,17,0,776.55,1,21
331,12,18,0,1038.5,1,27
332,12,19,0,523.9,1,14
333,12,20,0,637.05,1,17
334,12,21,0,554.9,1,15
335,12,22,0,556.45,1,15
336,12,23,0,919.15,1,24
337,12,24,0,1137.7,1,30
338,13,2,0,390.6,1,11
339,13,4,0,427.8,1,12
340,13,8,0,415.4,1,11
341,13,9,0,469.65,1,12
342,13,14,0,655.65,1,17
343,13,16,0,530.1,1,14
344,14,0,0,632.4,1,17
345,14,2,0,790.5,1,21
346,14,4,0,410.75,1,12
347,14,6,0,840.1,1,22
348,14,8,0,328.6,1,10
349,14,9,0,652.55,1,18
350,14,10,0,970.3,1,26
351,14,11,0,770.35,1,21
352,14,12,0,550.25,1,15
353,14,13,0,655.65,1,17
354,14,15,0,1106.7,1,28
355,14,16,0,272.8,1,8
356,14,17,0,671.15,1,18
357,14,18,0,798.25,1,20
358,14,20,0,852.5,1,23
359,14,22,0,527,1,15
360,14,23,0,818.4,1,20
361,14,24,0,995.1,1,26
362,15,0,0,1063.3,1,28
363,15,2,0,940.85,1,25
364,15,3,0,1224.5,1,32
365,15,4,0,970.3,1,26
366,15,6,0,982.7,1,26
367,15,8,0,883.5,1,23
368,15,9,0,1112.9,1,29
369,15,10,0,224.75,1,7
370,15,11,0,1112.9,1,29
371,15,12,0,1233.8,1,32
372,15,14,0,1106.7,1,28
373,15,16,0,1027.65,1,27
374,15,17,0,454.15,1,12
375,15,19,0,1023,1,27
376,15,20,0,757.95,1,19
377,15,22,0,733.15,1,19
378,15,24,0,110.05,1,4
379,16,0,0,367.35,1,11
380,16,2,0,475.85,1,13
381,16,4,0,147.25,1,5
382,16,6,0,576.6,1,16
383,16,7,0,155,1,5
384,16,9,0,706.8,1,19
385,16,10,0,872.65,1,23
386,16,11,0,488.25,1,14
387,16,12,0,296.05,1,8
388,16,14,0,272.8,1,8
389,16,15,0,1027.65,1,27
390,16,17,0,570.4,1,16
391,16,18,0,686.65,1,19
392,16,19,0,251.1,1,7
393,16,20,0,525.45,1,15
394,16,22,0,302.25,1,9
395,16,23,0,692.85,1,19
396,16,24,0,951.7,1,25
397,17,0,0,596.75,1,16
398,17,2,0,568.85,1,16
399,17,3,0,764.15,1,20
400,17,4,0,503.75,1,14
401,17,5,0,530.1,1,14
402,17,6,0,615.35,1,17
403,17,8,0,427.8,1,12
404,17,9,0,649.45,1,18
405,17,10,0,334.8,1,10
406,17,11,0,798.25,1,21
407,17,12,0,776.55,1,21
408,17,14,0,671.15,1,17
409,17,15,0,454.15,1,12
410,17,16,0,570.4,1,16
411,17,19,0,581.25,1,16
412,17,20,0,373.55,1,10
413,17,22,0,294.5,1,8
414,17,23,0,153.45,1,5
415,17,24,0,362.7,1,10
416,18,0,0,719.2,1,19
417,18,2,0,638.6,1,17
418,18,3,0,833.9,1,22
419,18,4,0,624.65,1,17
420,18,5,0,660.3,1,16
421,18,6,0,685.1,1,18
422,18,8,0,542.5,1,15
423,18,9,0,711.45,1,18
424,18,11,0,832.35,1,21
425,18,12,0,1038.5,1,27
426,18,14,0,798.25,1,21
427,18,16,0,686.65,1,19
428,18,20,0,438.65,1,12
429,19,0,0,615.35,1,17
430,19,2,0,643.25,1,17
431,19,4,0,390.6,1,11
432,19,6,0,824.6,1,22
433,19,9,0,954.8,1,25
434,19,10,0,909.85,1,24
435,19,11,0,748.65,1,20
436,19,12,0,523.9,1,14
437,19,13,0,565.75,1,14
438,19,15,0,1023,1,27
439,19,16,0,251.1,1,7
440,19,17,0,581.25,1,16
441,19,18,0,709.9,1,18
442,19,20,0,764.15,1,20
443,19,22,0,437.1,1,12
444,19,23,0,728.5,1,18
445,19,24,0,942.4,1,25
446,20,0,0,361.15,1,10
447,20,2,0,207.7,1,7
448,20,3,0,620,1,17
449,20,4,0,413.85,1,12
450,20,5,0,178.25,1,6
451,20,6,0,243.35,1,7
452,20,8,0,444.85,1,13
453,20,9,0,279,1,8
454,20,10,0,714.55,1,19
455,20,11,0,406.1,1,11
456,20,12,0,637.05,1,17
457,20,14,0,878.85,1,23
458,20,15,0,757.95,1,19
459,20,16,0,525.45,1,15
460,20,17,0,373.55,1,11
461,20,18,0,438.65,1,12
462,20,19,0,764.15,1,20
463,20,21,0,466.55,1,13
464,20,22,0,272.8,1,8
465,20,24,0,641.7,1,17
466,21,0,0,444.85,1,13
467,21,2,0,424.7,1,12
468,21,4,0,263.5,1,8
469,21,6,0,593.65,1,16
470,21,9,0,723.85,1,19
471,21,10,0,623.1,1,16
472,21,11,0,646.35,1,18
473,21,12,0,554.9,1,15
474,21,16,0,305.35,1,9
475,21,20,0,466.55,1,13
476,21,22,0,142.6,1,5
477,21,24,0,651,1,18
478,22,0,0,297.6,1,9
479,22,2,0,308.45,1,10
480,22,4,0,204.6,1,7
481,22,6,0,446.4,1,13
482,22,8,0,203.05,1,6
483,22,9,0,576.6,1,16
484,22,10,0,623.1,1,17
485,22,11,0,499.1,1,14
486,22,12,0,556.45,1,15
487,22,14,0,527,1,15
488,22,15,0,733.15,1,19
489,22,16,0,302.25,1,9
490,22,17,0,294.5,1,8
491,22,18,0,404.55,1,10
492,22,19,0,437.1,1,12
493,22,20,0,272.8,1,9
494,22,21,0,142.6,1,5
495,22,23,0,432.45,1,11
496,22,24,0,643.25,1,17
497,23,0,0,739.35,1,20
498,23,2,0,716.1,1,19
499,23,3,0,888.15,1,23
500,23,4,0,646.35,1,18
501,23,6,0,761.05,1,20
502,23,8,0,536.3,1,15
503,23,9,0,891.25,1,24
504,23,11,0,852.5,1,23
505,23,12,0,919.15,1,24
506,23,14,0,818.4,1,20
507,23,16,0,692.85,1,19
508,23,19,0,728.5,1,18
509,23,20,0,522.35,1,14
510,23,22,0,432.45,1,11
511,24,0,0,957.9,1,25
512,24,2,0,847.85,1,23
513,24,3,0,1108.25,1,29
514,24,4,0,861.8,1,23
515,24,6,0,877.3,1,23
516,24,8,0,801.35,1,21
517,24,9,0,1019.9,1,27
518,24,10,0,286.75,1,8
519,24,11,0,1021.45,1,27
520,24,12,0,1137.7,1,30
521,24,14,0,995.1,1,26
522,24,15,0,110.05,1,4
523,24,16,0,951.7,1,25
524,24,17,0,362.7,1,10
525,24,19,0,942.4,1,25
526,24,20,0,641.7,1,17
527,24,21,0,651,1,16
528,24,22,0,643.25,1,17
PATHS,600
Index,Shipment origin,Shipment destination,1st terminal on path,2nd terminal on path,.....,6th terminal on path
0,0,1,0,1
1,0,2,0,1,2
2,0,3,0,1,3
3,0,4,0,1,4
4,0,5,0,1,5
5,0,6,0,1,6
6,0,7,0,1,7
7,0,8,0,1,8
8,0,9,0,1,9
9,0,10,0,1,10
10,0,11,0,1,11
11,0,12,0,1,12
12,0,13,0,1,13
13,0,14,0,1,14
14,0,15,0,1,15
15,0,16,0,1,16
16,0,17,0,1,17
17,0,18,0,1,18
18,0,19,0,1,19
19,0,20,0,1,20
20,0,21,0,1,21
21,0,22,0,1,22
22,0,23,0,1,23
23,0,24,0,1,24
24,1,0,1,0
25,1,2,1,2
26,1,3,1,3
27,1,4,1,4
28,1,5,1,5
29,1,6,1,6
30,1,7,1,7
31,1,8,1,8
32,1,9,1,9
33,1,10,1,10
34,1,11,1,11
35,1,12,1,12
36,1,13,1,13
37,1,14,1,14
38,1,15,1,15
39,1,16,1,16
40,1,17,1,17
41,1,18,1,18
42,1,19,1,19
43,1,20,1,20
44,1,21,1,21
45,1,22,1,22
46,1,23,1,23
47,1,24,1,24
48,2,0,2,1,0
49,2,1,2,1
50,2,3,2,1,3
51,2,4,2,1,4
52,2,5,2,1,5
53,2,6,2,1,6
54,2,8,2,1,8
55,2,7,2,1,7
56,2,9,2,1,9
57,2,10,2,1,10
58,2,11,2,1,11
59,2,12,2,1,12
60,2,13,2,1,13
61,2,14,2,1,14
62,2,15,2,1,15
63,2,16,2,1,16
64,2,17,2,1,17
65,2,18,2,1,18
66,2,19,2,1,19
67,2,20,2,1,20
68,2,21,2,1,21
69,2,22,2,1,22
70,2,23,2,1,23
71,2,24,2,1,24
72,3,0,3,1,0
73,3,1,3,1
74,3,2,3,1,2
75,3,4,3,4
76,3,5,3,1,5
77,3,6,3,1,6
78,3,7,3,1,7
79,3,8,3,8
80,3,9,3,1,9
81,3,10,3,13,10
82,3,11,3,1,11
83,3,12,3,12
84,3,13,3,13
85,3,14,3,14
86,3,15,3,13,15
87,3,16,3,16
88,3,17,3,13,17
89,3,18,3,13,18
90,3,19,3,19
91,3,20,3,1,20
92,3,21,3,21
93,3,22,3,22
94,3,23,3,21,23
95,3,24,3,13,24
96,4,0,4,1,0
97,4,1,4,1
98,4,2,4,1,2
99,4,3,4,3
100,4,5,4,1,5
101,4,6,4,1,6
102,4,7,4,1,7
103,4,8,4,1,8
104,4,9,4,1,9
105,4,10,4,1,10
106,4,11,4,1,11
107,4,12,4,3,12
108,4,13,4,1,13
109,4,14,4,3,14
110,4,15,4,1,15
111,4,16,4,3,16
112,4,17,4,1,17
113,4,18,4,1,18
114,4,19,4,3,19
115,4,20,4,1,20
116,4,21,4,1,21
117,4,22,4,1,22
118,4,23,4,1,23
119,4,24,4,1,24
120,5,0,5,1,0
121,5,1,5,1
122,5,2,5,1,2
123,5,3,5,1,3
124,5,4,5,1,4
125,5,6,5,1,6
126,5,7,5,1,7
127,5,8,5,1,8
128,5,9,5,1,9
129,5,10,5,13,10
130,5,11,5,1,11
131,5,12,5,1,12
132,5,13,5,13
133,5,14,5,1,14
134,5,15,5,13,15
135,5,16,5,1,16
136,5,17,5,13,17
137,5,18,5,13,18
138,5,19,5,13,21,19
139,5,20,5,13,20
140,5,21,5,13,21
141,5,22,5,1,22
142,5,23,5,13,23
143,5,24,5,13,24
144,6,0,6,1,0
145,6,1,6,1
146,6,2,6,1,2
147,6,3,6,1,3
148,6,4,6,1,4
149,6,5,6,1,5
150,6,7,6,1,7
151,6,8,6,1,8
152,6,9,6,1,9
153,6,10,6,1,10
154,6,11,6,1,11
155,6,12,6,1,12
156,6,13,6,1,13
157,6,14,6,1,14
158,6,15,6,1,15
159,6,16,6,1,16
160,6,17,6,1,17
161,6,18,6,1,18
162,6,19,6,1,19
163,6,20,6,1,20
164,6,21,6,1,21
165,6,22,6,1,22
166,6,23,6,1,23
167,6,24,6,1,24
168,7,0,7,1,0
169,7,1,7,1
170,7,2,7,1,2
171,7,3,7,3
172,7,4,7,4
173,7,5,7,1,5
174,7,6,7,3,6
175,7,8,7,3,8
176,7,9,7,1,9
177,7,10,7,1,9
178,7,11,7,3,11
179,7,12,7,4,12
180,7,13,7,4,13
181,7,14,7,4,14
182,7,15,7,4,15
183,7,16,7,4,16
184,7,17,7,1,17
185,7,18,7,1,18
186,7,19,7,1,19
187,7,20,7,1,20
188,7,21,7,1,21
189,7,22,7,1,22
190,7,23,7,1,23
191,7,24,7,1,24
192,8,0,8,1,0
193,8,1,8,1
194,8,2,8,1,2
195,8,3,8,3
196,8,4,8,1,4
197,8,5,8,1,5
198,8,6,8,1,6
199,8,7,8,1,7
200,8,9,8,1,9
201,8,10,8,21,23,10
202,8,11,8,1,11
203,8,12,8,3,12
204,8,13,8,21,13
205,8,14,8,21,14
206,8,15,8,21,13,15
207,8,16,8,3,16
208,8,17,8,21,17
209,8,18,8,21,18
210,8,19,8,21,19
211,8,20,8,1,20
212,8,21,8,21
213,8,22,8,1,22
214,8,23,8,21,23
215,8,24,8,21,13,24
216,9,0,9,1,0
217,9,1,9,1
218,9,2,9,1,2
219,9,3,9,1,3
220,9,4,9,1,4
221,9,5,9,1,5
222,9,6,9,1,6
223,9,7,9,1,7
224,9,8,9,1,8
225,9,10,9,1,10
226,9,11,9,1,11
227,9,12,9,1,12
228,9,13,9,1,13
229,9,14,9,1,14
230,9,15,9,1,15
231,9,16,9,1,16
232,9,17,9,1,17
233,9,18,9,1,18
234,9,19,9,1,19
235,9,20,9,1,20
236,9,21,9,1,21
237,9,22,9,1,22
238,9,23,9,1,23
239,9,24,9,1,24
240,10,0,10,1,0
241,10,1,10,1
242,10,2,10,1,2
243,10,3,10,1,3
244,10,4,10,1,4
245,10,5,10,23,13,5
246,10,6,10,23,13,6
247,10,7,10,1,7
248,10,8,10,23,21,8
249,10,9,10,1,9
250,10,11,10,1,11
251,10,12,10,1,12
252,10,13,10,23,13
253,10,14,10,23,21,14
254,10,15,10,23,15
255,10,16,10,1,16
256,10,17,10,23,17
257,10,18,10,23,18
258,10,19,10,23,21,19
259,10,20,10,23,13,20
260,10,21,10,23,21
261,10,22,10,23,22
262,10,23,10,23
263,10,24,10,23,24
264,11,0,11,1,0
265,11,1,11,1
266,11,2,11,1,2
267,11,3,11,1,3
268,11,4,11,1,4
269,11,5,11,1,5
270,11,6,11,1,6
271,11,7,11,1,7
272,11,8,11,1,8
273,11,9,11,1,9
274,11,10,11,13,10
275,11,12,11,1,12
276,11,13,11,13
277,11,14,11,1,14
278,11,15,11,13,15
279,11,16,11,1,16
280,11,17,11,13,17
281,11,18,11,13,18
282,11,19,11,1,19
283,11,20,11,1,20
284,11,21,11,1,21
285,11,22,11,1,22
286,11,23,11,13,23
287,11,24,11,13,24
288,12,0,12,1,0
289,12,1,12,1
290,12,2,12,1,2
291,12,3,12,3
292,12,4,12,3,4
293,12,5,12,1,5
294,12,6,12,1,6
295,12,7,12,1,7
296,12,8,12,3,8
297,12,9,12,1,9
298,12,10,12,1,10
299,12,11,12,1,11
300,12,13,12,3,13
301,12,14,12,3,14
302,12,15,12,1,15
303,12,16,12,3,16
304,12,17,12,1,17
305,12,18,12,1,18
306,12,19,12,3,19
307,12,20,12,1,20
308,12,21,12,3,21
309,12,22,12,3,22
310,12,23,12,1,23
311,12,24,12,1,24
312,13,0,13,1,0
313,13,1,13,1
314,13,2,13,1,2
315,13,3,13,3
316,13,4,13,4
317,13,5,13,5
318,13,6,13,6
319,13,7,13,1,7
320,13,8,13,21,8
321,13,9,13,1,9
322,13,10,13,10
323,13,11,13,11
324,13,12,13,3,12
325,13,14,13,21,14
326,13,15,13,15
327,13,16,13,1,16
328,13,17,13,17
329,13,18,13,18
330,13,19,13,21,19
331,13,20,13,20
332,13,21,13,21
333,13,22,13,22
334,13,23,13,23
335,13,24,13,24
336,14,0,14,1,0
337,14,1,14,1
338,14,2,14,1,2
339,14,3,14,3
340,14,4,14,3,4
341,14,5,14,1,5
342,14,6,14,1,6
343,14,7,14,1,7
344,14,8,14,3,8
345,14,9,14,1,9
346,14,10,14,21,23,10
347,14,11,14,1,11
348,14,12,14,3,12
349,14,13,14,21,13
350,14,15,14,21,13,15
351,14,16,14,3,16
352,14,17,14,21,17
353,14,18,14,21,18
354,14,19,14,1,19
355,14,20,14,1,20
356,14,21,14,21
357,14,22,14,1,22
358,14,23,14,21,23
359,14,24,14,21,13,24
360,15,0,15,1,0
361,15,1,15,1
362,15,2,15,1,2
363,15,3,15,13,3
364,15,4,15,1,4
365,15,5,15,13,5
366,15,6,15,13,6
367,15,7,15,1,7
368,15,8,15,21,8
369,15,9,15,1,9
370,15,10,15,10
371,15,11,15,1,11
372,15,12,15,1,12
373,15,13,15,13
374,15,14,15,21,14
375,15,16,15,1,16
376,15,17,15,17
377,15,18,15,18
378,15,19,15,21,19
379,15,20,15,13,20
380,15,21,15,21
381,15,22,15,13,22
382,15,23,15,23
383,15,24,15,24
384,16,0,16,1,0
385,16,1,16,1
386,16,2,16,1,2
387,16,3,16,3
388,16,4,16,3,4
389,16,5,16,1,5
390,16,6,16,1,6
391,16,7,16,1,7
392,16,8,16,3,8
393,16,9,16,1,9
394,16,10,16,13,10
395,16,11,16,1,11
396,16,12,16,3,12
397,16,13,16,13
398,16,14,16,3,14
399,16,15,16,13,15
400,16,17,16,13,17
401,16,18,16,13,18
402,16,19,16,3,19
403,16,20,16,1,20
404,16,21,16,21
405,16,22,16,3,22
406,16,23,16,13,23
407,16,24,16,13,24
408,17,0,17,1,0
409,17,1,17,1
410,17,2,17,1,2
411,17,3,17,13,3
412,17,4,17,1,4
413,17,5,17,13,5
414,17,6,17,13,6
415,17,7,17,1,7
416,17,8,17,21,8
417,17,9,17,1,9
418,17,10,17,13,10
419,17,11,17,1,11
420,17,12,17,1,12
421,17,13,17,13
422,17,14,17,21,14
423,17,15,17,13,15
424,17,16,17,1,16
425,17,18,17,18
426,17,19,17,21,19
427,17,20,17,13,20
428,17,21,17,21
429,17,22,17,13,22
430,17,23,17,13,23
431,17,24,17,13,24
432,18,0,18,1,0
433,18,1,18,1
434,18,2,18,1,2
435,18,3,18,13,3
436,18,4,18,1,4
437,18,5,18,13,5
438,18,6,18,13,6
439,18,7,18,1,7
440,18,8,18,21,8
441,18,9,18,13,1,9
442,18,10,18,10
443,18,11,18,1,11
444,18,12,18,1,12
445,18,13,18,13
446,18,14,18,21,14
447,18,15,18,15
448,18,16,18,1,16
449,18,17,18,17
450,18,19,18,21,19
451,18,20,18,13,20
452,18,21,18,21
453,18,22,18,13,22
454,18,23,18,23
455,18,24,18,24
456,19,0,19,1,0
457,19,1,19,1
458,19,2,19,1,2
459,19,3,19,3
460,19,4,19,3,4
461,19,5,19,1,5
462,19,6,19,1,6
463,19,7,19,1,7
464,19,8,19,21,8
465,19,9,19,1,9
466,19,10,19,1,10
467,19,11,19,1,11
468,19,12,19,3,12
469,19,13,19,21,13
470,19,14,19,1,14
471,19,15,19,21,13,15
472,19,16,19,3,16
473,19,17,19,21,17
474,19,18,19,21,18
475,19,20,19,1,20
476,19,21,19,21
477,19,22,19,1,22
478,19,23,19,21,23
479,19,24,19,21,13,24
480,20,0,20,1,0
481,20,1,20,1
482,20,2,20,1,2
483,20,3,20,1,3
484,20,4,20,1,4
485,20,5,20,1,5
486,20,6,20,1,6
487,20,7,20,1,7
488,20,8,20,1,8
489,20,9,20,1,9
490,20,10,20,13,10
491,20,11,20,1,11
492,20,12,20,1,12
493,20,13,20,13
494,20,14,20,1,14
495,20,15,20,13,15
496,20,16,20,1,16
497,20,17,20,13,17
498,20,18,20,13,18
499,20,19,20,1,19
500,20,21,20,1,21
501,20,22,20,13,22
502,20,23,20,13,23
503,20,24,20,13,24
504,21,0,21,1,0
505,21,1,21,1
506,21,2,21,1,2
507,21,3,21,3
508,21,4,21,1,4
509,21,5,21,13,5
510,21,6,21,13,6
511,21,7,21,1,7
512,21,8,21,8
513,21,9,21,1,9
514,21,10,21,23,10
515,21,11,21,1,11
516,21,12,21,3,12
517,21,13,21,13
518,21,14,21,14
519,21,15,21,13,15
520,21,16,21,3,16
521,21,17,21,17
522,21,18,21,18
523,21,19,21,19
524,21,20,21,1,20
525,21,22,21,1,22
526,21,23,21,23
527,21,24,21,13,24
528,22,0,22,1,0
529,22,1,22,1
530,22,2,22,1,2
531,22,3,22,3
532,22,4,22,1,4
533,22,5,22,13,5
534,22,6,22,1,6
535,22,7,22,1,7
536,22,8,22,1,8
537,22,9,22,1,9
538,22,10,22,13,10
539,22,11,22,1,11
540,22,12,22,3,12
541,22,13,22,13
542,22,14,22,1,14
543,22,15,22,13,15
544,22,16,22,1,16
545,22,17,22,13,17
546,22,18,22,13,18
547,22,19,22,1,19
548,22,20,22,13,20
549,22,21,22,1,21
550,22,23,22,13,23
551,22,24,22,13,24
552,23,0,23,1,0
553,23,1,23,1
554,23,2,23,1,2
555,23,3,23,1,3
556,23,4,23,1,4
557,23,5,23,13,5
558,23,6,23,13,6
559,23,7,23,1,7
560,23,8,23,21,8
561,23,9,23,1,9
562,23,10,23,10
563,23,11,23,1,11
564,23,12,23,1,12
565,23,13,23,13
566,23,14,23,21,14
567,23,15,23,15
568,23,16,23,1,16
569,23,17,23,17
570,23,18,23,18
571,23,19,23,21,19
572,23,20,23,13,20
573,23,21,23,21
574,23,22,23,22
575,23,24,23,24
576,24,0,24,1,0
577,24,1,24,1
578,24,2,24,1,2
579,24,3,24,13,3
580,24,4,24,1,4
581,24,5,24,13,5
582,24,6,24,13,6
583,24,7,24,1,7
584,24,8,24,18,21,8
585,24,9,24,13,1,9
586,24,10,24,23,10
587,24,11,24,13,11
588,24,12,24,1,12
589,24,13,24,13
590,24,14,24,18,21,14
591,24,15,24,15
592,24,16,24,1,16
593,24,17,24,13,17
594,24,18,24,18
595,24,19,24,18,21,19
596,24,20,24,13,20
597,24,21,24,18,21
598,24,22,24,13,22
599,24,23,24,23
COMMODITIES,450
Index,Origin,Destination,Demand/Size,Earliest available time,Latest delivery time
0,14,5,0.374238,86,213
1,21,1,0.119457,134,241
2,23,19,0.582101,138,255
3,4,17,0.00598559,138,256
4,1,20,0.355505,182,288
5,23,14,0.526215,138,257
6,20,2,0.220129,90,203
7,12,13,0.184033,134,255
8,22,11,0.418695,38,150
9,1,20,0.828971,90,196
10,4,16,0.416493,136,245
11,12,17,0.00615964,42,164
12,23,24,0.429116,182,287
13,4,13,0.355017,90,206
14,22,16,0.113983,38,150
15,12,20,0.648923,138,254
16,24,20,0.0867308,134,247
17,6,1,0.131005,136,241
18,13,21,0.183208,136,240
19,12,6,0.160639,90,205
20,12,22,0.202501,88,202
21,13,3,0.136475,136,254
22,5,12,0.0145862,90,211
23,21,18,0.226897,88,197
24,22,12,0.452938,42,155
25,21,12,0.0126872,90,204
26,0,22,0.248249,88,197
27,14,5,0.338286,38,165
28,11,13,0.189895,90,202
29,21,3,0.276131,42,151
30,0,1,0.0448483,184,285
31,1,16,0.296439,138,242
32,14,16,0.0221264,134,246
33,10,6,0.0831008,134,257
34,15,2,0.0115129,42,169
35,14,11,0.730187,136,256
36,22,20,0.487028,136,245
37,3,1,0.506369,38,142
38,21,15,0.0716294,38,156
39,22,15,0.129949,138,255
40,24,19,0.850348,136,258
41,22,15,0.125962,40,157
42,21,0,0.084544,86,198
43,3,1,0.774965,90,194
44,22,19,0.120216,42,159
45,18,17,0.954169,186,287
46,17,8,0.185192,136,245
47,0,20,0.809596,138,249
48,13,22,0.154906,136,239
49,12,9,0.212709,38,156
50,0,21,0.436227,86,198
51,15,16,0.404303,88,216
52,21,11,0.0541571,138,253
53,15,3,0.421406,86,220
54,11,21,0.30938,88,203
55,1,11,0.48938,138,242
56,13,10,0.689156,90,198
57,13,0,0.645158,38,152
58,10,3,0.0565836,88,215
59,1,2,0.233458,182,285
60,20,22,0.243674,90,199
61,16,6,0.106627,40,153
62,0,3,0.310373,136,245
63,13,20,0.431683,134,236
64,12,11,0.195958,136,250
65,14,8,0.28838,136,252
66,20,18,0.315688,88,197
67,1,5,0.435643,88,199
68,19,13,0.514893,90,202
69,8,19,0.095739,136,245
70,18,20,0.263043,86,195
71,15,2,0.0115601,134,261
72,10,11,0.0467639,38,165
73,23,11,0.115869,136,257
74,10,3,0.0595612,86,213
75,2,14,0.749754,38,157
76,20,0,0.0596396,42,153
77,9,3,0.534581,86,202
78,17,24,0.690116,40,153
79,8,15,0.0452785,86,209
80,24,5,0.0360166,40,157
81,0,12,0.284585,90,201
82,24,21,0.109116,86,200
83,5,15,0.463517,86,206
84,4,17,0.00530234,88,206
85,0,4,0.0310625,138,245
86,20,4,0.00730404,86,198
87,3,6,0.205023,136,249
88,14,8,0.281812,90,206
89,19,3,0.913455,88,195
90,1,20,0.956802,88,194
91,17,5,0.230976,136,248
92,10,12,0.0664732,42,171
93,14,21,0.794226,90,196
94,4,14,0.467029,136,251
95,5,15,0.432371,134,254
96,3,21,0.983892,86,196
97,0,2,0.110435,90,198
98,12,21,0.36809,136,251
99,14,3,0.984853,138,245
100,14,18,0.633975,88,207
101,15,16,0.386018,86,214
102,15,13,0.073077,42,154
103,24,17,0.725222,38,151
104,0,16,0.749689,40,149
105,11,8,0.415027,138,251
106,16,6,0.109682,90,203
107,14,17,0.0822106,134,248
108,12,21,0.373965,86,201
109,12,19,0.0464131,134,246
110,1,3,0.685362,134,238
111,21,17,0.362695,184,288
112,1,0,0.89564,86,187
113,16,21,0.622739,90,195
114,2,19,0.300779,88,204
115,12,19,0.0472906,42,154
116,3,24,0.936391,38,165
117,24,11,0.633913,40,164
118,18,4,0.77012,40,159
119,2,18,0.0382849,90,211
120,22,16,0.113752,42,154
121,15,13,0.556889,86,198
122,20,0,0.0621144,138,249
123,12,22,0.200601,42,156
124,3,18,0.50191,88,211
125,4,21,0.0135717,86,199
126,14,12,0.175178,40,152
127,10,1,0.483618,90,209
128,17,2,0.0389703,40,157
129,12,2,0.244667,86,199
130,22,6,0.314689,86,199
131,14,24,0.0376979,86,211
132,12,23,0.0646363,40,164
133,23,19,0.929549,40,157
134,13,5,0.320947,86,192
135,8,24,0.0293792,88,208
136,8,23,0.265665,88,200
137,10,11,0.0412999,136,263
138,1,23,0.722825,38,152
139,1,15,0.280277,134,254
140,14,8,0.497544,138,254
141,16,15,0.537556,136,263
142,20,14,0.337715,86,208
143,1,9,0.408136,136,244
144,13,17,0.539228,138,240
145,18,19,0.0550354,138,253
146,22,15,0.126741,86,203
147,12,14,0.0351647,40,152
148,20,14,0.324073,134,256
149,16,11,0.713411,40,152
150,14,3,0.299091,38,145
151,22,12,0.4459,86,199
152,8,15,0.0404033,38,161
153,17,18,0.254453,88,189
154,17,1,0.0268684,88,198
155,11,21,0.330371,42,157
156,4,1,0.375312,134,236
157,19,13,0.525065,138,250
158,21,22,0.0194545,38,153
159,10,5,0.0242723,40,161
160,18,13,0.214013,136,239
161,24,5,0.0405799,134,251
162,10,23,0.516728,40,142
163,15,4,0.203469,88,214
164,21,11,0.0579249,88,203
165,1,14,0.798064,86,198
166,18,8,0.770804,42,154
167,8,3,0.447119,90,195
168,15,14,0.311777,38,164
169,3,16,0.138518,42,143
170,1,3,0.228847,90,194
171,15,21,0.275048,88,204
172,19,20,0.347131,38,157
173,18,13,0.148771,88,191
174,18,0,0.256163,136,254
175,16,15,0.601352,38,165
176,10,16,0.102289,40,167
177,18,21,0.571145,86,193
178,24,22,0.702691,138,252
179,5,22,0.284476,136,255
180,23,5,0.876649,138,253
181,11,13,0.497966,38,150
182,13,6,0.851211,90,198
183,1,17,0.200937,134,246
184,12,14,0.0350676,38,150
185,18,14,0.159978,42,159
186,22,16,0.134142,138,250
187,17,0,0.00876795,38,153
188,14,20,0.0975291,90,212
189,14,24,0.0366563,38,163
190,8,17,0.489063,88,197
191,8,4,0.00941487,38,149
192,0,18,0.894006,38,157
193,2,1,0.467903,136,239
194,2,8,0.521203,136,248
195,13,0,0.595486,90,204
196,3,14,0.307806,138,245
197,21,17,0.378995,38,142
198,8,23,0.303325,90,202
199,10,12,0.0661982,138,267
200,18,19,0.26464,38,153
201,10,17,0.170513,134,241
202,2,21,0.00539456,86,200
203,20,16,0.0148425,90,204
204,11,17,0.308958,136,254
205,12,6,0.156011,40,155
206,18,23,0.753461,40,140
207,4,12,0.164561,42,151
208,14,4,0.231689,86,201
209,17,18,0.249543,134,235
210,0,14,0.312098,134,251
211,13,22,0.139125,134,237
212,18,12,0.442697,134,257
213,13,1,0.510209,136,245
214,22,6,0.305444,42,155
215,11,8,0.447625,42,155
216,20,18,0.293585,90,199
217,15,10,0.304859,136,239
218,5,4,0.213343,136,253
219,15,10,0.277424,38,141
220,3,12,0.0119501,40,141
221,14,9,0.519469,90,214
222,8,19,0.0884817,38,147
223,23,1,0.0748101,134,247
224,1,23,0.207982,138,252
225,1,12,0.106207,38,144
226,24,18,0.00676261,138,241
227,20,19,0.417386,86,205
228,23,2,0.0860167,86,206
229,16,4,0.844805,40,149
230,0,1,0.0595655,42,143
231,0,21,0.451899,40,152
232,5,24,0.064949,134,251
233,6,18,0.0319203,86,209
234,16,23,0.0855548,42,164
235,12,22,0.209713,134,248
236,14,5,0.361479,138,265
237,22,3,0.0960181,138,246
238,24,15,0.901435,138,238
239,4,14,0.454966,138,253
240,20,2,0.240513,88,201
241,16,15,0.557759,90,217
242,22,16,0.136946,136,248
243,1,10,0.699593,136,258
244,4,23,0.173144,42,162
245,13,12,0.132612,134,257
246,4,3,0.0971963,134,238
247,10,16,0.114176,38,165
248,2,15,0.315962,136,263
249,12,16,0.694345,182,288
250,12,2,0.234738,38,151
251,24,18,0.818054,182,285
252,22,14,0.254791,138,258
253,10,1,0.185525,38,157
254,13,16,0.0771668,88,205
255,16,1,0.594737,138,242
256,16,23,0.0731479,40,162
257,18,8,0.469326,86,198
258,22,24,0.4532,138,252
259,11,24,0.129879,38,161
260,11,0,0.836994,88,197
261,20,4,0.00704008,38,150
262,12,2,0.111677,88,201
263,15,3,0.449152,90,224
264,8,14,0.0159628,88,199
265,17,1,0.627905,138,248
266,19,16,0.114621,42,154
267,17,23,0.731248,136,247
268,11,14,0.475079,90,210
269,23,5,0.942092,42,157
270,5,17,0.440344,42,154
271,0,1,0.440558,136,237
272,2,1,0.0325596,42,145
273,3,15,0.262718,88,218
274,23,19,0.793592,42,159
275,13,21,0.538809,42,146
276,21,13,0.878177,42,146
277,17,24,0.622781,134,247
278,4,17,0.00579936,40,158
279,22,4,0.0365345,138,248
280,20,0,0.0652191,88,199
281,13,0,0.567696,88,202
282,23,18,0.494147,186,286
283,15,0,0.399176,40,165
284,17,22,0.143947,88,197
285,1,11,0.595939,182,286
286,3,18,0.449305,136,259
287,11,22,0.919422,42,154
288,23,3,0.937212,88,209
289,10,11,0.0460563,90,217
290,17,22,0.162611,40,149
291,11,21,0.30007,40,155
292,3,9,0.736885,42,158
293,16,21,0.611821,42,147
294,21,24,0.296554,138,253
295,16,12,0.191976,40,146
296,0,8,0.366724,42,152
297,14,24,0.0356135,136,261
298,23,6,0.687546,134,251
299,24,2,0.335954,42,169
300,3,16,0.230649,40,141
301,20,2,0.235028,38,151
302,17,10,0.538214,138,252
303,16,13,0.0171817,38,151
304,22,23,0.601391,86,198
305,15,10,0.710921,40,143
306,17,21,0.281177,182,286
307,14,20,0.08898,134,256
308,14,15,0.734531,134,262
309,15,10,0.927939,138,241
310,2,14,0.708196,88,207
311,22,20,0.547001,40,149
312,10,3,0.0587085,40,167
313,0,24,0.509706,38,163
314,8,12,0.238372,90,200
315,9,3,0.500994,40,156
316,4,21,0.0120336,90,203
317,2,20,0.920021,88,201
318,1,3,0.0346201,42,146
319,20,1,0.0172969,40,146
320,12,22,0.21829,40,154
321,18,17,0.161647,138,239
322,10,17,0.180751,88,195
323,24,2,0.350786,38,165
324,15,20,0.176598,88,206
325,24,3,0.0173114,134,263
326,0,13,0.349122,42,157
327,10,20,0.0977167,138,255
328,9,1,0.0163418,42,150
329,19,11,0.652962,38,155
330,2,20,0.017549,90,203
331,0,1,0.909219,134,235
332,17,23,0.572331,38,149
333,8,15,0.0473638,136,259
334,3,11,0.347169,86,198
335,0,2,0.10981,38,146
336,11,0,0.821179,90,199
337,0,2,0.105143,86,194
338,24,15,0.343314,186,286
339,1,5,0.767847,38,149
340,12,9,0.238386,138,256
341,17,2,0.0360651,138,255
342,8,15,0.0423682,90,213
343,1,23,0.764195,40,154
344,16,9,0.229365,40,156
345,15,0,0.378529,136,261
346,21,18,0.226526,134,243
347,21,23,0.310421,136,243
348,19,2,0.0213455,40,156
349,4,21,0.0137887,40,153
350,10,23,0.685416,138,240
351,20,15,0.43931,86,202
352,16,23,0.0836235,136,258
353,5,4,0.202942,86,203
354,3,17,0.130232,88,210
355,21,3,0.177839,38,147
356,13,4,0.0861868,134,242
357,15,10,0.608482,90,193
358,0,16,0.733294,86,195
359,19,3,0.941985,42,149
360,4,23,0.979225,134,254
361,2,18,0.0370773,138,259
362,2,18,0.0368888,42,163
363,23,5,0.849076,40,155
364,24,21,0.119732,88,202
365,12,23,0.0755049,136,260
366,10,6,0.0888143,90,213
367,24,13,0.170464,90,197
368,8,9,0.274168,86,203
369,13,23,0.234475,90,195
370,18,4,0.806571,38,157
371,15,10,0.366506,86,189
372,3,17,0.151686,38,160
373,15,13,0.804206,40,152
374,15,13,0.886568,138,250
375,11,21,0.310929,134,249
376,13,16,0.078754,38,155
377,17,11,0.12069,38,156
378,15,8,0.145351,134,255
379,15,22,0.647463,138,257
380,1,21,0.734424,42,149
381,3,1,0.656775,86,190
382,22,18,0.802287,134,244
383,10,23,0.750558,136,238
384,19,1,0.078324,38,147
385,1,20,0.165505,38,144
386,18,12,0.42527,40,163
387,21,20,0.00758758,40,157
388,21,17,0.429017,138,242
389,22,16,0.124562,40,152
390,13,5,0.32754,136,242
391,16,19,0.64677,40,152
392,0,23,0.0709256,134,253
393,1,10,0.0291219,42,164
394,5,22,0.323085,134,253
395,17,11,0.120359,90,208
396,13,8,0.0625156,88,197
397,0,12,0.27896,86,197
398,15,4,0.207316,138,264
399,15,0,0.377061,86,211
400,19,24,0.455686,138,261
401,3,23,0.362631,136,257
402,0,19,0.251686,136,250
403,21,5,0.00454545,86,200
404,24,15,0.129174,86,186
405,9,1,0.355067,90,198
406,20,22,0.249003,134,243
407,24,19,0.808533,40,162
408,0,1,0.12518,40,141
409,10,11,0.0486302,88,215
410,11,0,0.816861,134,243
411,23,9,0.649949,86,211
412,2,21,0.005494,90,204
413,4,1,0.168411,182,284
414,0,8,0.37542,136,246
415,20,14,0.330358,136,258
416,11,8,0.405197,134,247
417,16,21,0.667878,86,191
418,21,18,0.21712,38,147
419,20,22,0.272038,38,147
420,1,14,0.781382,90,202
421,22,17,0.337988,40,149
422,18,16,0.516101,136,257
423,16,11,0.718955,134,246
424,18,0,0.248413,42,160
425,0,20,0.788468,90,201
426,22,20,0.47632,38,147
427,15,13,0.371458,88,200
428,8,4,0.00915036,86,197
429,14,17,0.0879356,40,154
430,10,16,0.103213,86,213
431,3,16,0.898897,90,191
432,8,17,0.552514,38,147
433,5,4,0.19328,90,207
434,24,0,0.0529087,88,213
435,10,22,0.0682542,40,153
436,3,14,0.651815,86,193
437,0,4,0.034662,90,197
438,1,11,0.389773,38,142
439,21,13,0.813119,86,190
440,3,12,0.560942,138,239
441,20,16,0.0139223,138,252
442,15,22,0.621593,134,253
443,1,3,0.125329,38,142
444,24,12,0.0384344,40,170
445,10,9,0.403021,138,269
446,18,13,0.246048,182,285
447,1,2,0.525377,136,239
448,18,3,0.835127,138,263
449,20,22,0.254365,138,247
