NODES,25
INDEX,Name,X-coordinate,Y-coordinate
0,0,-,-
1,1,-,-
2,2,-,-
3,3,-,-
4,4,-,-
5,5,-,-
6,6,-,-
7,7,-,-
8,8,-,-
9,9,-,-
10,10,-,-
11,11,-,-
12,12,-,-
13,13,-,-
14,14,-,-
15,15,-,-
16,16,-,-
17,17,-,-
18,18,-,-
19,19,-,-
20,20,-,-
21,21,-,-
22,22,-,-
23,23,-,-
24,24,-,-
ARCS,529
Index,Origin,Destination,Variable Cost,Fixed Cost,Capacity,Travel time
0,0,1,0,117.8,1,5
1,1,0,0,117.8,1,5
2,1,2,0,234.05,1,7
3,1,3,0,260.4,1,8
4,1,4,0,175.15,1,6
5,1,5,0,486.7,1,15
6,1,6,0,323.95,1,9
7,1,8,0,323.95,1,9
8,1,9,0,447.95,1,12
9,1,10,0,883.5,1,26
10,1,11,0,255.75,1,8
11,1,12,0,387.5,1,10
12,1,13,0,489.8,1,14
13,1,14,0,525.45,1,16
14,1,15,0,1002.85,1,24
15,1,16,0,252.65,1,8
16,1,17,0,545.6,1,16
17,1,18,0,680.45,1,18
18,1,19,0,503.75,1,13
19,1,20,0,358.05,1,10
20,1,21,0,409.2,1,11
21,1,22,0,266.6,1,8
22,1,23,0,699.05,1,18
23,1,24,0,903.65,1,24
24,2,1,0,234.05,1,7
25,3,1,0,260.4,1,8
26,3,4,0,230.95,1,8
27,3,8,0,311.55,1,9
28,3,12,0,144.15,1,5
29,3,13,0,661.85,1,20
30,3,14,0,418.5,1,11
31,3,16,0,151.9,1,5
32,3,19,0,396.8,1,11
33,3,21,0,469.65,1,14
34,3,22,0,429.35,1,13
35,4,1,0,175.15,1,6
36,4,3,0,230.95,1,8
37,5,1,0,486.7,1,15
38,5,13,0,367.35,1,10
39,6,1,0,323.95,1,9
40,6,13,0,430.9,1,11
41,7,1,0,103.85,1,4
42,8,1,0,323.95,1,9
43,8,3,0,311.55,1,9
44,8,13,0,415.4,1,11
45,8,16,0,161.2,1,6
46,8,21,0,158.1,1,5
47,9,1,0,447.95,1,12
48,10,1,0,891.25,1,23
49,10,23,0,192.2,1,6
50,11,1,0,255.75,1,8
51,11,13,0,592.1,1,16
52,12,1,0,387.5,1,10
53,12,3,0,144.15,1,5
54,13,1,0,489.8,1,13
55,13,3,0,669.6,1,22
56,13,5,0,367.35,1,10
57,13,6,0,430.9,1,12
58,13,10,0,483.6,1,12
59,13,11,0,596.75,1,17
60,13,15,0,553.35,1,14
61,13,17,0,176.7,1,6
62,13,18,0,248,1,7
63,13,19,0,573.5,1,16
64,13,20,0,198.4,1,6
65,13,21,0,275.9,1,8
66,13,22,0,232.5,1,7
67,13,23,0,323.95,1,9
68,13,24,0,449.5,1,11
69,14,1,0,525.45,1,16
70,14,3,0,418.5,1,11
71,14,19,0,111.6,1,4
72,14,21,0,384.4,1,10
73,15,1,0,1002.85,1,24
74,15,13,0,553.35,1,16
75,15,18,0,350.3,1,10
76,15,21,0,747.1,1,20
77,15,23,0,412.3,1,11
78,16,1,0,252.65,1,8
79,16,3,0,151.9,1,5
80,16,8,0,161.2,1,6
81,16,13,0,581.25,1,17
82,16,21,0,305.35,1,9
83,17,1,0,544.05,1,14
84,17,13,0,176.7,1,6
85,17,18,0,127.1,1,5
86,17,21,0,292.95,1,8
87,18,1,0,666.5,1,17
88,18,10,0,308.45,1,10
89,18,13,0,248,1,7
90,18,15,0,350.3,1,10
91,18,17,0,127.1,1,5
92,18,19,0,719.2,1,19
93,18,21,0,421.6,1,11
94,18,22,0,421.6,1,13
95,18,23,0,116.25,1,4
96,18,24,0,237.15,1,7
97,19,1,0,503.75,1,13
98,19,3,0,396.8,1,11
99,19,8,0,240.25,1,7
100,19,14,0,111.6,1,4
101,19,21,0,297.6,1,8
102,20,1,0,358.05,1,10
103,20,13,0,198.4,1,6
104,20,23,0,522.35,1,15
105,21,1,0,409.2,1,11
106,21,3,0,458.8,1,13
107,21,8,0,158.1,1,5
108,21,13,0,275.9,1,8
109,21,14,0,384.4,1,10
110,21,15,0,829.25,1,22
111,21,17,0,292.95,1,8
112,21,18,0,420.05,1,13
113,21,19,0,297.6,1,8
114,21,23,0,440.2,1,11
115,22,1,0,266.6,1,8
116,22,3,0,429.35,1,12
117,22,13,0,232.5,1,7
118,23,1,0,699.05,1,17
119,23,10,0,192.2,1,6
120,23,13,0,323.95,1,9
121,23,15,0,412.3,1,11
122,23,17,0,153.45,1,5
123,23,18,0,116.25,1,4
124,23,21,0,446.4,1,13
125,23,24,0,305.35,1,9
126,24,1,0,903.65,1,24
127,24,13,0,449.5,1,11
128,24,18,0,237.15,1,7
129,24,23,0,305.35,1,9
130,0,2,0,161.2,1,6
131,0,3,0,353.4,1,10
132,0,4,0,285.2,1,9
133,0,5,0,474.3,1,13
134,0,6,0,246.45,1,8
135,0,8,0,427.8,1,12
136,0,9,0,379.75,1,11
137,0,10,0,931.55,1,25
138,0,11,0,158.1,1,5
139,0,12,0,401.45,1,11
140,0,14,0,632.4,1,17
141,0,15,0,1063.3,1,28
142,0,16,0,367.35,1,11
143,0,17,0,596.75,1,16
144,0,18,0,717.65,1,19
145,0,19,0,615.35,1,17
146,0,20,0,361.15,1,10
147,0,21,0,444.85,1,13
148,0,22,0,297.6,1,9
149,0,23,0,739.35,1,20
150,0,24,0,957.9,1,25
151,1,7,0,103.85,1,4
152,2,0,0,161.2,1,6
153,2,3,0,480.5,1,13
154,2,4,0,409.2,1,12
155,2,5,0,257.3,1,8
156,2,6,0,110.05,1,4
157,2,8,0,412.3,1,12
158,2,9,0,229.4,1,7
159,2,10,0,872.65,1,23
160,2,11,0,182.9,1,6
161,2,12,0,582.8,1,16
162,2,13,0,390.6,1,11
163,2,14,0,790.5,1,21
164,2,15,0,940.85,1,25
165,2,16,0,475.85,1,13
166,2,17,0,568.85,1,16
167,2,18,0,638.6,1,17
168,2,19,0,643.25,1,17
169,2,20,0,207.7,1,7
170,2,21,0,424.7,1,12
171,2,22,0,308.45,1,9
172,2,23,0,716.1,1,19
173,2,24,0,847.85,1,23
174,3,0,0,353.4,1,10
175,3,2,0,480.5,1,13
176,3,6,0,554.9,1,15
177,3,9,0,685.1,1,18
178,3,10,0,995.1,1,26
179,3,11,0,477.4,1,13
180,3,15,0,1224.5,1,32
181,3,17,0,764.15,1,20
182,3,18,0,833.9,1,22
183,3,20,0,620,1,17
184,3,23,0,888.15,1,23
185,3,24,0,1108.25,1,29
186,4,0,0,285.2,1,9
187,4,2,0,409.2,1,12
188,4,6,0,494.45,1,14
189,4,7,0,75.95,1,3
190,4,8,0,142.6,1,5
191,4,9,0,624.65,1,17
192,4,10,0,838.55,1,22
193,4,11,0,406.1,1,12
194,4,12,0,331.7,1,9
195,4,13,0,427.8,1,12
196,4,14,0,410.75,1,12
197,4,15,0,970.3,1,26
198,4,16,0,147.25,1,5
199,4,17,0,503.75,1,14
200,4,18,0,624.65,1,17
201,4,19,0,390.6,1,11
202,4,20,0,413.85,1,12
203,4,21,0,263.5,1,8
204,4,22,0,204.6,1,7
205,4,23,0,646.35,1,18
206,4,24,0,861.8,1,23
207,5,0,0,474.3,1,13
208,5,2,0,257.3,1,8
209,5,6,0,161.2,1,5
210,5,9,0,198.4,1,6
211,5,11,0,320.85,1,9
212,5,18,0,660.3,1,16
213,5,20,0,178.25,1,6
214,5,23,0,720.75,1,19
215,6,0,0,246.45,1,8
216,6,2,0,110.05,1,4
217,6,3,0,554.9,1,15
218,6,4,0,494.45,1,14
219,6,5,0,161.2,1,5
220,6,8,0,637.05,1,17
221,6,9,0,141.05,1,5
222,6,10,0,939.3,1,25
223,6,11,0,165.85,1,5
224,6,12,0,623.1,1,17
225,6,14,0,840.1,1,22
226,6,15,0,982.7,1,26
227,6,16,0,576.6,1,16
228,6,17,0,615.35,1,17
229,6,18,0,685.1,1,18
230,6,19,0,824.6,1,22
231,6,20,0,243.35,1,7
232,6,21,0,593.65,1,16
233,6,22,0,446.4,1,13
234,6,23,0,761.05,1,20
235,6,24,0,877.3,1,23
236,7,3,0,246.45,1,8
237,7,4,0,75.95,1,3
238,8,0,0,427.8,1,12
239,8,2,0,412.3,1,12
240,8,4,0,142.6,1,5
241,8,6,0,637.05,1,17
242,8,9,0,767.25,1,21
243,8,10,0,714.55,1,19
244,8,11,0,545.6,1,15
245,8,12,0,460.35,1,13
246,8,14,0,328.6,1,10
247,8,15,0,883.5,1,23
248,8,17,0,427.8,1,12
249,8,18,0,542.5,1,15
250,8,19,0,240.25,1,7
251,8,20,0,444.85,1,13
252,8,22,0,203.05,1,7
253,8,23,0,536.3,1,15
254,8,24,0,801.35,1,21
255,9,0,0,379.75,1,11
256,9,2,0,229.4,1,7
257,9,3,0,685.1,1,18
258,9,4,0,624.65,1,17
259,9,5,0,198.4,1,6
260,9,6,0,141.05,1,5
261,9,8,0,767.25,1,21
262,9,10,0,1069.5,1,28
263,9,11,0,297.6,1,8
264,9,12,0,753.3,1,20
265,9,13,0,469.65,1,12
266,9,14,0,652.55,1,18
267,9,15,0,1112.9,1,29
268,9,16,0,706.8,1,19
269,9,17,0,646.35,1,18
270,9,18,0,711.45,1,18
271,9,19,0,954.8,1,25
272,9,20,0,279,1,8
273,9,21,0,723.85,1,19
274,9,22,0,576.6,1,16
275,9,23,0,891.25,1,24
276,9,24,0,1019.9,1,27
277,10,0,0,931.55,1,25
278,10,2,0,872.65,1,23
279,10,3,0,995.1,1,26
280,10,4,0,838.55,1,22
281,10,6,0,939.3,1,25
282,10,8,0,714.55,1,19
283,10,9,0,1069.5,1,28
284,10,11,0,1133.05,1,30
285,10,12,0,1086.55,1,28
286,10,13,0,483.6,1,12
287,10,14,0,970.3,1,26
288,10,15,0,224.75,1,7
289,10,16,0,872.65,1,23
290,10,17,0,334.8,1,9
291,10,18,0,306.9,1,9
292,10,19,0,909.85,1,24
293,10,20,0,714.55,1,19
294,10,21,0,623.1,1,16
295,10,22,0,623.1,1,17
296,10,24,0,286.75,1,8
297,11,0,0,158.1,1,5
298,11,2,0,182.9,1,6
299,11,3,0,477.4,1,13
300,11,4,0,406.1,1,12
301,11,5,0,320.85,1,9
302,11,6,0,165.85,1,5
303,11,8,0,545.6,1,15
304,11,9,0,297.6,1,9
305,11,10,0,1133.05,1,30
306,11,12,0,523.9,1,14
307,11,14,0,770.35,1,21
308,11,15,0,1112.9,1,29
309,11,16,0,488.25,1,14
310,11,17,0,798.25,1,21
311,11,18,0,832.35,1,21
312,11,19,0,748.65,1,20
313,11,20,0,406.1,1,11
314,11,21,0,649.45,1,18
315,11,22,0,499.1,1,14
316,11,23,0,852.5,1,23
317,11,24,0,1021.45,1,27
318,12,0,0,401.45,1,11
319,12,2,0,582.8,1,16
320,12,4,0,331.7,1,10
321,12,6,0,623.1,1,17
322,12,8,0,460.35,1,13
323,12,9,0,753.3,1,20
324,12,10,0,1086.55,1,28
325,12,11,0,523.9,1,14
326,12,13,0,776.55,1,20
327,12,14,0,550.25,1,15
328,12,15,0,1233.8,1,32
329,12,16,0,296.05,1,9
330,12,17,0,776.55,1,21
331,12,18,0,1038.5,1,27
332,12,19,0,523.9,1,14
333,12,20,0,637.05,1,17
334,12,21,0,554.9,1,15
335,12,22,0,556.45,1,15
336,12,23,0,919.15,1,24
337,12,24,0,1137.7,1,30
338,13,2,0,390.6,1,11
339,13,4,0,427.8,1,12
340,13,8,0,415.4,1,11
341,13,9,0,469.65,1,12
342,13,14,0,655.65,1,17
343,13,16,0,530.1,1,14
344,14,0,0,632.4,1,17
345,14,2,0,790.5,1,21
346,14,4,0,410.75,1,12
347,14,6,0,840.1,1,22
348,14,8,0,328.6,1,10
349,14,9,0,652.55,1,18
350,14,10,0,970.3,1,26
351,14,11,0,770.35,1,21
352,14,12,0,550.25,1,15
353,14,13,0,655.65,1,17
354,14,15,0,1106.7,1,28
355,14,16,0,272.8,1,8
356,14,17,0,671.15,1,18
357,14,18,0,798.25,1,20
358,14,20,0,852.5,1,23
359,14,22,0,527,1,15
360,14,23,0,818.4,1,20
361,14,24,0,995.1,1,26
362,15,0,0,1063.3,1,28
363,15,2,0,940.85,1,25
364,15,3,0,1224.5,1,32
365,15,4,0,970.3,1,26
366,15,6,0,982.7,1,26
367,15,8,0,883.5,1,23
368,15,9,0,1112.9,1,29
369,15,10,0,224.75,1,7
370,15,11,0,1112.9,1,29
371,15,12,0,1233.8,1,32
372,15,14,0,1106.7,1,28
373,15,16,0,1027.65,1,27
374,15,17,0,454.15,1,12
375,15,19,0,1023,1,27
376,15,20,0,757.95,1,19
377,15,22,0,733.15,1,19
378,15,24,0,110.05,1,4
379,16,0,0,367.35,1,11
380,16,2,0,475.85,1,13
381,16,4,0,147.25,1,5
382,16,6,0,576.6,1,16
383,16,7,0,155,1,5
384,16,9,0,706.8,1,19
385,16,10,0,872.65,1,23
386,16,11,0,488.25,1,14
387,16,12,0,296.05,1,8
388,16,14,0,272.8,1,8
389,16,15,0,1027.65,1,27
390,16,17,0,570.4,1,16
391,16,18,0,686.65,1,19
392,16,19,0,251.1,1,7
393,16,20,0,525.45,1,15
394,16,22,0,302.25,1,9
395,16,23,0,692.85,1,19
396,16,24,0,951.7,1,25
397,17,0,0,596.75,1,16
398,17,2,0,568.85,1,16
399,17,3,0,764.15,1,20
400,17,4,0,503.75,1,14
401,17,5,0,530.1,1,14
402,17,6,0,615.35,1,17
403,17,8,0,427.8,1,12
404,17,9,0,649.45,1,18
405,17,10,0,334.8,1,10
406,17,11,0,798.25,1,21
407,17,12,0,776.55,1,21
408,17,14,0,671.15,1,17
409,17,15,0,454.15,1,12
410,17,16,0,570.4,1,16
411,17,19,0,581.25,1,16
412,17,20,0,373.55,1,10
413,17,22,0,294.5,1,8
414,17,23,0,153.45,1,5
415,17,24,0,362.7,1,10
416,18,0,0,719.2,1,19
417,18,2,0,638.6,1,17
418,18,3,0,833.9,1,22
419,18,4,0,624.65,1,17
420,18,5,0,660.3,1,16
421,18,6,0,685.1,1,18
422,18,8,0,542.5,1,15
423,18,9,0,711.45,1,18
424,18,11,0,832.35,1,21
425,18,12,0,1038.5,1,27
426,18,14,0,798.25,1,21
427,18,16,0,686.65,1,19
428,18,20,0,438.65,1,12
429,19,0,0,615.35,1,17
430,19,2,0,643.25,1,17
431,19,4,0,390.6,1,11
432,19,6,0,824.6,1,22
433,19,9,0,954.8,1,25
434,19,10,0,909.85,1,24
435,19,11,0,748.65,1,20
436,19,12,0,523.9,1,14
437,19,13,0,565.75,1,14
438,19,15,0,1023,1,27
439,19,16,0,251.1,1,7
440,19,17,0,581.25,1,16
441,19,18,0,709.9,1,18
442,19,20,0,764.15,1,20
443,19,22,0,437.1,1,12
444,19,23,0,728.5,1,18
445,19,24,0,942.4,1,25
446,20,0,0,361.15,1,10
447,20,2,0,207.7,1,7
448,20,3,0,620,1,17
449,20,4,0,413.85,1,12
450,20,5,0,178.25,1,6
451,20,6,0,243.35,1,7
452,20,8,0,444.85,1,13
453,20,9,0,279,1,8
454,20,10,0,714.55,1,19
455,20,11,0,406.1,1,11
456,20,12,0,637.05,1,17
457,20,14,0,878.85,1,23
458,20,15,0,757.95,1,19
459,20,16,0,525.45,1,15
460,20,17,0,373.55,1,11
461,20,18,0,438.65,1,12
462,20,19,0,764.15,1,20
463,20,21,0,466.55,1,13
464,20,22,0,272.8,1,8
465,20,24,0,641.7,1,17
466,21,0,0,444.85,1,13
467,21,2,0,424.7,1,12
468,21,4,0,263.5,1,8
469,21,6,0,593.65,1,16
470,21,9,0,723.85,1,19
471,21,10,0,623.1,1,16
472,21,11,0,646.35,1,18
473,21,12,0,554.9,1,15
474,21,16,0,305.35,1,9
475,21,20,0,466.55,1,13
476,21,22,0,142.6,1,5
477,21,24,0,651,1,18
478,22,0,0,297.6,1,9
479,22,2,0,308.45,1,10
480,22,4,0,204.6,1,7
481,22,6,0,446.4,1,13
482,22,8,0,203.05,1,6
483,22,9,0,576.6,1,16
484,22,10,0,623.1,1,17
485,22,11,0,499.1,1,14
486,22,12,0,556.45,1,15
487,22,14,0,527,1,15
488,22,15,0,733.15,1,19
489,22,16,0,302.25,1,9
490,22,17,0,294.5,1,8
491,22,18,0,404.55,1,10
492,22,19,0,437.1,1,12
493,22,20,0,272.8,1,9
494,22,21,0,142.6,1,5
495,22,23,0,432.45,1,11
496,22,24,0,643.25,1,17
497,23,0,0,739.35,1,20
498,23,2,0,716.1,1,19
499,23,3,0,888.15,1,23
500,23,4,0,646.35,1,18
501,23,6,0,761.05,1,20
502,23,8,0,536.3,1,15
503,23,9,0,891.25,1,24
504,23,11,0,852.5,1,23
505,23,12,0,919.15,1,24
506,23,14,0,818.4,1,20
507,23,16,0,692.85,1,19
508,23,19,0,728.5,1,18
509,23,20,0,522.35,1,14
510,23,22,0,432.45,1,11
511,24,0,0,957.9,1,25
512,24,2,0,847.85,1,23
513,24,3,0,1108.25,1,29
514,24,4,0,861.8,1,23
515,24,6,0,877.3,1,23
516,24,8,0,801.35,1,21
517,24,9,0,1019.9,1,27
518,24,10,0,286.75,1,8
519,24,11,0,1021.45,1,27
520,24,12,0,1137.7,1,30
521,24,14,0,995.1,1,26
522,24,15,0,110.05,1,4
523,24,16,0,951.7,1,25
524,24,17,0,362.7,1,10
525,24,19,0,942.4,1,25
526,24,20,0,641.7,1,17
527,24,21,0,651,1,16
528,24,22,0,643.25,1,17
PATHS,600
Index,Shipment origin,Shipment destination,1st terminal on path,2nd terminal on path,.....,6th terminal on path
0,0,1,0,1
1,0,2,0,1,2
2,0,3,0,1,3
3,0,4,0,1,4
4,0,5,0,1,5
5,0,6,0,1,6
6,0,7,0,1,7
7,0,8,0,1,8
8,0,9,0,1,9
9,0,10,0,1,10
10,0,11,0,1,11
11,0,12,0,1,12
12,0,13,0,1,13
13,0,14,0,1,14
14,0,15,0,1,15
15,0,16,0,1,16
16,0,17,0,1,17
17,0,18,0,1,18
18,0,19,0,1,19
19,0,20,0,1,20
20,0,21,0,1,21
21,0,22,0,1,22
22,0,23,0,1,23
23,0,24,0,1,24
24,1,0,1,0
25,1,2,1,2
26,1,3,1,3
27,1,4,1,4
28,1,5,1,5
29,1,6,1,6
30,1,7,1,7
31,1,8,1,8
32,1,9,1,9
33,1,10,1,10
34,1,11,1,11
35,1,12,1,12
36,1,13,1,13
37,1,14,1,14
38,1,15,1,15
39,1,16,1,16
40,1,17,1,17
41,1,18,1,18
42,1,19,1,19
43,1,20,1,20
44,1,21,1,21
45,1,22,1,22
46,1,23,1,23
47,1,24,1,24
48,2,0,2,1,0
49,2,1,2,1
50,2,3,2,1,3
51,2,4,2,1,4
52,2,5,2,1,5
53,2,6,2,1,6
54,2,8,2,1,8
55,2,7,2,1,7
56,2,9,2,1,9
57,2,10,2,1,10
58,2,11,2,1,11
59,2,12,2,1,12
60,2,13,2,1,13
61,2,14,2,1,14
62,2,15,2,1,15
63,2,16,2,1,16
64,2,17,2,1,17
65,2,18,2,1,18
66,2,19,2,1,19
67,2,20,2,1,20
68,2,21,2,1,21
69,2,22,2,1,22
70,2,23,2,1,23
71,2,24,2,1,24
72,3,0,3,1,0
73,3,1,3,1
74,3,2,3,1,2
75,3,4,3,4
76,3,5,3,1,5
77,3,6,3,1,6
78,3,7,3,1,7
79,3,8,3,8
80,3,9,3,1,9
81,3,10,3,13,10
82,3,11,3,1,11
83,3,12,3,12
84,3,13,3,13
85,3,14,3,14
86,3,15,3,13,15
87,3,16,3,16
88,3,17,3,13,17
89,3,18,3,13,18
90,3,19,3,19
91,3,20,3,1,20
92,3,21,3,21
93,3,22,3,22
94,3,23,3,21,23
95,3,24,3,13,24
96,4,0,4,1,0
97,4,1,4,1
98,4,2,4,1,2
99,4,3,4,3
100,4,5,4,1,5
101,4,6,4,1,6
102,4,7,4,1,7
103,4,8,4,1,8
104,4,9,4,1,9
105,4,10,4,1,10
106,4,11,4,1,11
107,4,12,4,3,12
108,4,13,4,1,13
109,4,14,4,3,14
110,4,15,4,1,15
111,4,16,4,3,16
112,4,17,4,1,17
113,4,18,4,1,18
114,4,19,4,3,19
115,4,20,4,1,20
116,4,21,4,1,21
117,4,22,4,1,22
118,4,23,4,1,23
119,4,24,4,1,24
120,5,0,5,1,0
121,5,1,5,1
122,5,2,5,1,2
123,5,3,5,1,3
124,5,4,5,1,4
125,5,6,5,1,6
126,5,7,5,1,7
127,5,8,5,1,8
128,5,9,5,1,9
129,5,10,5,13,10
130,5,11,5,1,11
131,5,12,5,1,12
132,5,13,5,13
133,5,14,5,1,14
134,5,15,5,13,15
135,5,16,5,1,16
136,5,17,5,13,17
137,5,18,5,13,18
138,5,19,5,13,21,19
139,5,20,5,13,20
140,5,21,5,13,21
141,5,22,5,1,22
142,5,23,5,13,23
143,5,24,5,13,24
144,6,0,6,1,0
145,6,1,6,1
146,6,2,6,1,2
147,6,3,6,1,3
148,6,4,6,1,4
149,6,5,6,1,5
150,6,7,6,1,7
151,6,8,6,1,8
152,6,9,6,1,9
153,6,10,6,1,10
154,6,11,6,1,11
155,6,12,6,1,12
156,6,13,6,1,13
157,6,14,6,1,14
158,6,15,6,1,15
159,6,16,6,1,16
160,6,17,6,1,17
161,6,18,6,1,18
162,6,19,6,1,19
163,6,20,6,1,20
164,6,21,6,1,21
165,6,22,6,1,22
166,6,23,6,1,23
167,6,24,6,1,24
168,7,0,7,1,0
169,7,1,7,1
170,7,2,7,1,2
171,7,3,7,3
172,7,4,7,4
173,7,5,7,1,5
174,7,6,7,3,6
175,7,8,7,3,8
176,7,9,7,1,9
177,7,10,7,1,9
178,7,11,7,3,11
179,7,12,7,4,12
180,7,13,7,4,13
181,7,14,7,4,14
182,7,15,7,4,15
183,7,16,7,4,16
184,7,17,7,1,17
185,7,18,7,1,18
186,7,19,7,1,19
187,7,20,7,1,20
188,7,21,7,1,21
189,7,22,7,1,22
190,7,23,7,1,23
191,7,24,7,1,24
192,8,0,8,1,0
193,8,1,8,1
194,8,2,8,1,2
195,8,3,8,3
196,8,4,8,1,4
197,8,5,8,1,5
198,8,6,8,1,6
199,8,7,8,1,7
200,8,9,8,1,9
201,8,10,8,21,23,10
202,8,11,8,1,11
203,8,12,8,3,12
204,8,13,8,21,13
205,8,14,8,21,14
206,8,15,8,21,13,15
207,8,16,8,3,16
208,8,17,8,21,17
209,8,18,8,21,18
210,8,19,8,21,19
211,8,20,8,1,20
212,8,21,8,21
213,8,22,8,1,22
214,8,23,8,21,23
215,8,24,8,21,13,24
216,9,0,9,1,0
217,9,1,9,1
218,9,2,9,1,2
219,9,3,9,1,3
220,9,4,9,1,4
221,9,5,9,1,5
222,9,6,9,1,6
223,9,7,9,1,7
224,9,8,9,1,8
225,9,10,9,1,10
226,9,11,9,1,11
227,9,12,9,1,12
228,9,13,9,1,13
229,9,14,9,1,14
230,9,15,9,1,15
231,9,16,9,1,16
232,9,17,9,1,17
233,9,18,9,1,18
234,9,19,9,1,19
235,9,20,9,1,20
236,9,21,9,1,21
237,9,22,9,1,22
238,9,23,9,1,23
239,9,24,9,1,24
240,10,0,10,1,0
241,10,1,10,1
242,10,2,10,1,2
243,10,3,10,1,3
244,10,4,10,1,4
245,10,5,10,23,13,5
246,10,6,10,23,13,6
247,10,7,10,1,7
248,10,8,10,23,21,8
249,10,9,10,1,9
250,10,11,10,1,11
251,10,12,10,1,12
252,10,13,10,23,13
253,10,14,10,23,21,14
254,10,15,10,23,15
255,10,16,10,1,16
256,10,17,10,23,17
257,10,18,10,23,18
258,10,19,10,23,21,19
259,10,20,10,23,13,20
260,10,21,10,23,21
261,10,22,10,23,22
262,10,23,10,23
263,10,24,10,23,24
264,11,0,11,1,0
265,11,1,11,1
266,11,2,11,1,2
267,11,3,11,1,3
268,11,4,11,1,4
269,11,5,11,1,5
270,11,6,11,1,6
271,11,7,11,1,7
272,11,8,11,1,8
273,11,9,11,1,9
274,11,10,11,13,10
275,11,12,11,1,12
276,11,13,11,13
277,11,14,11,1,14
278,11,15,11,13,15
279,11,16,11,1,16
280,11,17,11,13,17
281,11,18,11,13,18
282,11,19,11,1,19
283,11,20,11,1,20
284,11,21,11,1,21
285,11,22,11,1,22
286,11,23,11,13,23
287,11,24,11,13,24
288,12,0,12,1,0
289,12,1,12,1
290,12,2,12,1,2
291,12,3,12,3
292,12,4,12,3,4
293,12,5,12,1,5
294,12,6,12,1,6
295,12,7,12,1,7
296,12,8,12,3,8
297,12,9,12,1,9
298,12,10,12,1,10
299,12,11,12,1,11
300,12,13,12,3,13
301,12,14,12,3,14
302,12,15,12,1,15
303,12,16,12,3,16
304,12,17,12,1,17
305,12,18,12,1,18
306,12,19,12,3,19
307,12,20,12,1,20
308,12,21,12,3,21
309,12,22,12,3,22
310,12,23,12,1,23
311,12,24,12,1,24
312,13,0,13,1,0
313,13,1,13,1
314,13,2,13,1,2
315,13,3,13,3
316,13,4,13,4
317,13,5,13,5
318,13,6,13,6
319,13,7,13,1,7
320,13,8,13,21,8
321,13,9,13,1,9
322,13,10,13,10
323,13,11,13,11
324,13,12,13,3,12
325,13,14,13,21,14
326,13,15,13,15
327,13,16,13,1,16
328,13,17,13,17
329,13,18,13,18
330,13,19,13,21,19
331,13,20,13,20
332,13,21,13,21
333,13,22,13,22
334,13,23,13,23
335,13,24,13,24
336,14,0,14,1,0
337,14,1,14,1
338,14,2,14,1,2
339,14,3,14,3
340,14,4,14,3,4
341,14,5,14,1,5
342,14,6,14,1,6
343,14,7,14,1,7
344,14,8,14,3,8
345,14,9,14,1,9
346,14,10,14,21,23,10
347,14,11,14,1,11
348,14,12,14,3,12
349,14,13,14,21,13
350,14,15,14,21,13,15
351,14,16,14,3,16
352,14,17,14,21,17
353,14,18,14,21,18
354,14,19,14,1,19
355,14,20,14,1,20
356,14,21,14,21
357,14,22,14,1,22
358,14,23,14,21,23
359,14,24,14,21,13,24
360,15,0,15,1,0
361,15,1,15,1
362,15,2,15,1,2
363,15,3,15,13,3
364,15,4,15,1,4
365,15,5,15,13,5
366,15,6,15,13,6
367,15,7,15,1,7
368,15,8,15,21,8
369,15,9,15,1,9
370,15,10,15,10
371,15,11,15,1,11
372,15,12,15,1,12
373,15,13,15,13
374,15,14,15,21,14
375,15,16,15,1,16
376,15,17,15,17
377,15,18,15,18
378,15,19,15,21,19
379,15,20,15,13,20
380,15,21,15,21
381,15,22,15,13,22
382,15,23,15,23
383,15,24,15,24
384,16,0,16,1,0
385,16,1,16,1
386,16,2,16,1,2
387,16,3,16,3
388,16,4,16,3,4
389,16,5,16,1,5
390,16,6,16,1,6
391,16,7,16,1,7
392,16,8,16,3,8
393,16,9,16,1,9
394,16,10,16,13,10
395,16,11,16,1,11
396,16,12,16,3,12
397,16,13,16,13
398,16,14,16,3,14
399,16,15,16,13,15
400,16,17,16,13,17
401,16,18,16,13,18
402,16,19,16,3,19
403,16,20,16,1,20
404,16,21,16,21
405,16,22,16,3,22
406,16,23,16,13,23
407,16,24,16,13,24
408,17,0,17,1,0
409,17,1,17,1
410,17,2,17,1,2
411,17,3,17,13,3
412,17,4,17,1,4
413,17,5,17,13,5
414,17,6,17,13,6
415,17,7,17,1,7
416,17,8,17,21,8
417,17,9,17,1,9
418,17,10,17,13,10
419,17,11,17,1,11
420,17,12,17,1,12
421,17,13,17,13
422,17,14,17,21,14
423,17,15,17,13,15
424,17,16,17,1,16
425,17,18,17,18
426,17,19,17,21,19
427,17,20,17,13,20
428,17,21,17,21
429,17,22,17,13,22
430,17,23,17,13,23
431,17,24,17,13,24
432,18,0,18,1,0
433,18,1,18,1
434,18,2,18,1,2
435,18,3,18,13,3
436,18,4,18,1,4
437,18,5,18,13,5
438,18,6,18,13,6
439,18,7,18,1,7
440,18,8,18,21,8
441,18,9,18,13,1,9
442,18,10,18,10
443,18,11,18,1,11
444,18,12,18,1,12
445,18,13,18,13
446,18,14,18,21,14
447,18,15,18,15
448,18,16,18,1,16
449,18,17,18,17
450,18,19,18,21,19
451,18,20,18,13,20
452,18,21,18,21
453,18,22,18,13,22
454,18,23,18,23
455,18,24,18,24
456,19,0,19,1,0
457,19,1,19,1
458,19,2,19,1,2
459,19,3,19,3
460,19,4,19,3,4
461,19,5,19,1,5
462,19,6,19,1,6
463,19,7,19,1,7
464,19,8,19,21,8
465,19,9,19,1,9
466,19,10,19,1,10
467,19,11,19,1,11
468,19,12,19,3,12
469,19,13,19,21,13
470,19,14,19,1,14
471,19,15,19,21,13,15
472,19,16,19,3,16
473,19,17,19,21,17
474,19,18,19,21,18
475,19,20,19,1,20
476,19,21,19,21
477,19,22,19,1,22
478,19,23,19,21,23
479,19,24,19,21,13,24
480,20,0,20,1,0
481,20,1,20,1
482,20,2,20,1,2
483,20,3,20,1,3
484,20,4,20,1,4
485,20,5,20,1,5
486,20,6,20,1,6
487,20,7,20,1,7
488,20,8,20,1,8
489,20,9,20,1,9
490,20,10,20,13,10
491,20,11,20,1,11
492,20,12,20,1,12
493,20,13,20,13
494,20,14,20,1,14
495,20,15,20,13,15
496,20,16,20,1,16
497,20,17,20,13,17
498,20,18,20,13,18
499,20,19,20,1,19
500,20,21,20,1,21
501,20,22,20,13,22
502,20,23,20,13,23
503,20,24,20,13,24
504,21,0,21,1,0
505,21,1,21,1
506,21,2,21,1,2
507,21,3,21,3
508,21,4,21,1,4
509,21,5,21,13,5
510,21,6,21,13,6
511,21,7,21,1,7
512,21,8,21,8
513,21,9,21,1,9
514,21,10,21,23,10
515,21,11,21,1,11
516,21,12,21,3,12
517,21,13,21,13
518,21,14,21,14
519,21,15,21,13,15
520,21,16,21,3,16
521,21,17,21,17
522,21,18,21,18
523,21,19,21,19
524,21,20,21,1,20
525,21,22,21,1,22
526,21,23,21,23
527,21,24,21,13,24
528,22,0,22,1,0
529,22,1,22,1
530,22,2,22,1,2
531,22,3,22,3
532,22,4,22,1,4
533,22,5,22,13,5
534,22,6,22,1,6
535,22,7,22,1,7
536,22,8,22,1,8
537,22,9,22,1,9
538,22,10,22,13,10
539,22,11,22,1,11
540,22,12,22,3,12
541,22,13,22,13
542,22,14,22,1,14
543,22,15,22,13,15
544,22,16,22,1,16
545,22,17,22,13,17
546,22,18,22,13,18
547,22,19,22,1,19
548,22,20,22,13,20
549,22,21,22,1,21
550,22,23,22,13,23
551,22,24,22,13,24
552,23,0,23,1,0
553,23,1,23,1
554,23,2,23,1,2
555,23,3,23,1,3
556,23,4,23,1,4
557,23,5,23,13,5
558,23,6,23,13,6
559,23,7,23,1,7
560,23,8,23,21,8
561,23,9,23,1,9
562,23,10,23,10
563,23,11,23,1,11
564,23,12,23,1,12
565,23,13,23,13
566,23,14,23,21,14
567,23,15,23,15
568,23,16,23,1,16
569,23,17,23,17
570,23,18,23,18
571,23,19,23,21,19
572,23,20,23,13,20
573,23,21,23,21
574,23,22,23,22
575,23,24,23,24
576,24,0,24,1,0
577,24,1,24,1
578,24,2,24,1,2
579,24,3,24,13,3
580,24,4,24,1,4
581,24,5,24,13,5
582,24,6,24,13,6
583,24,7,24,1,7
584,24,8,24,18,21,8
585,24,9,24,13,1,9
586,24,10,24,23,10
587,24,11,24,13,11
588,24,12,24,1,12
589,24,13,24,13
590,24,14,24,18,21,14
591,24,15,24,15
592,24,16,24,1,16
593,24,17,24,13,17
594,24,18,24,18
595,24,19,24,18,21,19
596,24,20,24,13,20
597,24,21,24,18,21
598,24,22,24,13,22
599,24,23,24,23
COMMODITIES,550
Index,Origin,Destination,Demand/Size,Earliest available time,Latest delivery time
0,8,9,0.275829,42,159
1,18,8,0.719128,86,198
2,0,11,0.0296775,42,151
3,19,4,0.0662105,90,205
4,2,14,0.657606,40,159
5,20,14,0.321084,138,260
6,6,3,0.279574,136,249
7,1,13,0.561915,136,246
8,12,6,0.137538,40,155
9,16,15,0.539334,90,217
10,14,13,0.77294,134,248
11,24,6,0.382016,38,157
12,17,2,0.0401774,88,205
13,13,22,0.268215,42,145
14,15,24,0.728378,184,284
15,17,16,0.0666126,134,252
16,0,21,0.470868,134,246
17,0,11,0.958822,134,243
18,21,15,0.0788997,138,256
19,20,18,0.30459,136,245
20,4,3,0.807395,38,142
21,11,21,0.296188,38,153
22,23,0,0.611786,86,204
23,22,11,0.430651,134,246
24,20,1,0.0082916,182,288
25,12,23,0.0703143,90,214
26,15,16,0.404903,40,168
27,1,19,0.869569,42,151
28,16,15,0.610813,86,213
29,22,10,0.0672684,38,153
30,11,24,0.0977861,86,209
31,19,23,0.769455,42,157
32,22,20,0.527813,38,147
33,0,17,0.218856,138,255
34,15,8,0.993031,38,159
35,16,9,0.25888,90,206
36,18,17,0.741141,40,141
37,10,21,0.044131,38,153
38,19,1,0.846347,40,149
39,16,20,0.211448,40,154
40,4,19,0.00835395,134,249
41,22,20,0.514313,134,243
42,16,14,0.0374981,90,202
43,23,9,0.525322,90,215
44,23,17,0.584697,184,285
45,15,20,0.152812,138,256
46,4,1,0.0384661,138,240
47,23,17,0.0768882,86,187
48,3,5,0.800542,134,253
49,10,18,0.636979,86,192
50,16,10,0.0298098,42,167
51,13,23,0.29556,90,195
52,4,14,0.472945,90,205
53,4,3,0.243642,88,192
54,12,9,0.235664,86,204
55,10,24,0.836916,138,249
56,13,23,0.166395,182,287
57,0,8,0.349146,86,196
58,23,16,0.216219,136,257
59,20,4,0.00675962,138,250
60,11,12,0.634423,40,154
61,12,15,0.450451,138,268
62,17,15,0.31732,38,154
63,2,18,0.0326533,134,255
64,1,19,0.203627,134,243
65,8,18,0.183473,86,200
66,14,8,0.465996,88,204
67,3,16,0.591585,90,191
68,2,19,0.32231,134,250
69,10,4,0.0147826,136,261
70,14,3,0.882285,134,241
71,14,21,0.891541,40,146
72,3,21,0.402415,86,196
73,3,1,0.218445,40,144
74,13,8,0.837773,138,247
75,0,9,0.136164,86,199
76,1,14,0.653183,88,200
77,19,17,0.30206,134,246
78,10,13,0.893272,42,153
79,19,13,0.486607,86,198
80,4,24,0.331783,40,166
81,2,18,0.0364784,40,161
82,16,2,0.287074,42,153
83,20,0,0.069172,38,149
84,13,23,0.425587,88,193
85,19,16,0.115528,136,248
86,11,14,0.460567,38,158
87,3,24,0.896109,86,213
88,24,2,0.374238,134,261
89,17,0,0.00846234,88,203
90,9,12,0.00454545,38,156
91,2,14,0.629714,138,257
92,22,4,0.0380331,42,152
93,15,22,0.607709,86,205
94,8,16,0.0103828,134,244
95,21,8,0.513656,134,235
96,18,20,0.0745734,136,245
97,8,19,0.0922255,86,195
98,11,4,0.0804934,88,198
99,22,12,0.491731,90,203
100,3,16,0.609532,138,239
101,24,18,0.067528,88,191
102,13,18,0.728071,182,285
103,12,3,0.468775,136,237
104,23,22,0.964845,38,145
105,10,14,0.109078,40,165
106,22,3,0.0940882,42,150
107,12,2,0.0698189,90,203
108,2,4,0.885264,134,243
109,0,15,0.458505,38,163
110,2,0,0.0499371,86,194
111,11,0,0.907979,86,195
112,2,14,0.637734,136,255
113,18,5,0.99608,88,201
114,19,15,0.521221,86,212
115,16,14,0.0613531,88,200
116,18,21,0.369857,86,193
117,24,16,0.0201318,90,218
118,4,12,0.176314,38,147
119,11,14,0.399144,134,254
120,16,4,0.885807,138,247
121,10,19,0.471391,136,259
122,15,14,0.486385,138,264
123,2,15,0.252284,134,261
124,1,13,0.384071,38,148
125,23,9,0.540572,134,259
126,3,10,0.0896886,136,264
127,15,1,0.881736,134,254
128,22,18,0.738544,38,148
129,3,6,0.0259138,88,201
130,12,3,0.412922,184,285
131,0,4,0.0312745,40,147
132,22,2,0.614246,134,245
133,16,2,0.33292,90,201
134,17,9,0.328195,42,164
135,12,6,0.161141,134,249
136,20,19,0.472142,86,205
137,13,0,0.599177,40,154
138,23,18,0.39386,38,138
139,8,24,0.0294211,42,162
140,19,5,0.509722,136,260
141,24,14,0.161134,138,262
142,13,2,0.291323,38,154
143,20,22,0.23557,40,149
144,10,13,0.792843,40,151
145,14,21,0.851439,42,148
146,24,6,0.409678,90,209
147,17,5,0.224805,138,250
148,23,10,0.585008,134,236
149,8,2,0.0361501,86,198
150,0,20,0.815721,88,199
151,18,5,0.0748263,138,251
152,10,1,0.360183,38,157
153,19,1,0.275164,90,199
154,0,19,0.276027,40,154
155,11,23,0.572604,42,163
156,22,8,0.234536,40,153
157,8,12,0.244652,136,246
158,1,12,0.4219,138,244
159,1,14,0.896849,86,198
160,15,16,0.422063,134,262
161,10,16,0.101005,86,213
162,5,1,0.12502,42,153
163,16,6,0.105622,90,203
164,2,4,0.906625,88,197
165,0,10,0.450628,88,215
166,3,9,0.534956,40,156
167,20,2,0.246847,136,249
168,14,9,0.52101,138,262
169,21,13,0.769066,40,144
170,5,16,0.386664,88,207
171,1,18,0.952039,138,252
172,20,13,0.400934,86,188
173,3,4,0.0514022,134,238
174,8,9,0.283597,138,255
175,13,4,0.0855871,136,244
176,4,6,0.0664801,40,151
177,16,11,0.704547,38,150
178,17,13,0.834291,138,240
179,14,1,0.573456,138,250
180,16,10,0.0276563,134,259
181,2,14,0.742853,86,205
182,0,11,0.0721497,136,245
183,20,23,0.104634,40,151
184,21,14,0.00908968,88,194
185,21,13,0.831591,90,194
186,22,12,0.43592,134,247
187,16,9,0.258344,138,254
188,21,18,0.19769,90,199
189,9,12,0.00454545,88,206
190,11,21,0.29459,134,249
191,2,13,0.119963,86,203
192,18,17,0.753716,182,283
193,15,2,0.0127479,138,265
194,0,19,0.27182,90,204
195,24,2,0.35388,90,217
196,20,13,0.0192182,40,142
197,3,24,0.898936,88,215
198,18,8,0.735986,40,152
199,10,6,0.0878725,138,261
200,8,3,0.819899,86,191
201,2,21,0.00571711,138,252
202,12,10,0.804035,138,270
203,0,20,0.756678,138,249
204,15,1,0.107949,86,206
205,12,13,0.187938,138,259
206,6,4,0.0179255,42,153
207,0,6,0.113855,40,150
208,22,3,0.175205,136,244
209,14,24,0.0351072,42,167
210,20,19,0.444181,42,161
211,23,5,0.948095,138,253
212,24,11,0.762443,86,210
213,1,0,0.296171,186,287
214,19,13,0.575104,42,154
215,16,14,0.924504,38,150
216,13,17,0.623465,88,190
217,13,4,0.0721622,40,148
218,0,15,0.43077,90,215
219,24,15,0.168236,90,190
220,17,24,0.599571,38,151
221,19,11,0.639177,134,251
222,18,8,0.54011,90,202
223,5,3,0.677908,136,255
224,4,15,0.259211,42,168
225,12,1,0.856848,38,144
226,3,23,0.471463,136,257
227,0,23,0.971945,90,209
228,15,22,0.687076,40,159
229,12,15,0.474916,136,266
230,17,21,0.304908,88,192
231,24,12,0.0387595,134,264
232,18,23,0.189532,184,284
233,8,9,0.283197,38,155
234,20,10,0.487057,90,204
235,13,12,0.118732,42,165
236,3,17,0.141801,42,164
237,1,15,0.911366,40,160
238,21,8,0.506419,138,239
239,20,18,0.319143,88,197
240,3,22,0.683368,88,197
241,21,23,0.372328,40,147
242,21,17,0.406392,90,194
243,3,10,0.0974307,40,168
244,13,0,0.609635,134,248
245,21,5,0.00454545,138,252
246,17,1,0.78674,136,246
247,24,19,0.73782,86,208
248,10,13,0.764638,88,199
249,15,22,0.595273,42,161
250,12,2,0.24391,136,249
251,20,22,0.244481,38,147
252,2,0,0.0452057,136,244
253,10,24,0.833797,40,151
254,1,0,0.822555,138,239
255,5,15,0.404946,90,210
256,19,17,0.259256,40,152
257,6,18,0.0318738,42,165
258,21,23,0.360371,134,241
259,21,17,0.370842,136,240
260,3,2,0.949901,40,151
261,6,3,0.254373,86,199
262,0,23,0.00374925,88,207
263,4,3,0.213408,138,242
264,0,5,0.178688,38,154
265,20,3,0.392819,134,248
266,24,13,0.298758,138,245
267,16,1,0.751503,88,192
268,0,4,0.0349834,134,241
269,5,4,0.194483,134,251
270,0,23,0.0703418,42,161
271,17,22,0.143046,138,247
272,15,1,0.0296985,40,160
273,17,11,0.116586,40,158
274,6,4,0.0192856,134,245
275,15,22,0.61615,38,157
276,13,15,0.656957,134,244
277,1,13,0.0119871,134,244
278,3,17,0.151619,90,212
279,8,15,0.0396808,136,259
280,1,14,0.879877,136,248
281,3,18,0.514737,38,161
282,9,12,0.00454545,86,204
283,15,24,0.29743,90,190
284,11,16,0.40314,90,202
285,21,12,0.013191,138,252
286,19,3,0.330501,86,193
287,13,21,0.116092,182,286
288,15,8,0.0600521,136,257
289,19,20,0.364081,86,205
290,8,14,0.0180885,88,199
291,21,9,0.193545,90,209
292,15,20,0.0413336,40,158
293,4,15,0.224649,134,260
294,20,14,0.334601,40,162
295,22,13,0.704007,134,237
296,4,3,0.245144,182,286
297,10,24,0.899744,86,197
298,23,14,0.483153,90,209
299,10,23,0.330391,136,238
300,15,16,0.378186,90,218
301,5,16,0.39478,86,205
302,23,2,0.0901162,88,208
303,6,14,0.0166437,90,211
304,22,13,0.830457,42,145
305,1,19,0.933684,90,199
306,16,21,0.678021,86,191
307,24,16,0.0191285,40,168
308,0,21,0.398752,42,154
309,8,19,0.0873305,42,151
310,24,13,0.879617,88,195
311,17,23,0.319719,88,199
312,10,11,0.0448171,138,265
313,15,2,0.0129683,88,215
314,23,9,0.579601,136,261
315,12,2,0.130905,38,151
316,21,11,0.052091,138,253
317,12,6,0.159075,42,157
318,24,19,0.740035,138,260
319,16,9,0.24843,40,156
320,0,1,0.261891,184,285
321,13,22,0.986275,134,237
322,16,4,0.845701,38,147
323,23,18,0.704256,88,188
324,19,17,0.264101,90,202
325,3,20,0.122581,88,202
326,19,1,0.417593,42,151
327,6,3,0.262196,138,251
328,18,8,0.432795,38,150
329,13,17,0.143715,182,284
330,2,22,0.190829,88,199
331,20,3,0.423491,136,250
332,18,13,0.484542,90,193
333,13,10,0.736422,40,148
334,10,16,0.117518,38,165
335,18,20,0.819003,134,243
336,3,1,0.196768,138,242
337,12,15,0.448108,40,170
338,3,10,0.0880916,38,166
339,16,0,0.67535,38,147
340,2,14,0.629165,90,209
341,17,20,0.299517,42,150
342,10,24,0.822768,88,199
343,14,1,0.450001,40,152
344,8,2,0.0318424,42,154
345,12,15,0.41543,88,218
346,23,6,0.710688,88,205
347,2,14,0.63835,38,157
348,1,11,0.528243,134,238
349,21,14,0.00932353,40,146
350,15,8,0.0435201,90,211
351,16,0,0.702124,90,199
352,16,1,0.786633,38,142
353,10,23,0.730495,186,288
354,12,3,0.477854,182,283
355,1,12,0.962023,136,242
356,10,21,0.0452721,134,249
357,15,24,0.871223,186,286
358,13,10,0.072765,136,244
359,18,14,0.327632,38,155
360,20,1,0.936825,134,240
361,20,22,0.251,138,247
362,19,16,0.106318,90,202
363,18,10,0.743097,134,240
364,6,3,0.230835,90,203
365,2,13,0.119063,138,255
366,17,16,0.0692336,38,156
367,5,15,0.433999,88,208
368,4,21,0.0120291,138,251
369,4,14,0.48302,136,251
370,1,18,0.155779,90,204
371,13,17,0.523736,86,188
372,22,13,0.794799,88,191
373,16,3,0.270035,38,139
374,3,1,0.310492,42,146
375,3,16,0.179034,184,285
376,12,15,0.456677,38,168
377,8,15,0.0429619,134,257
378,17,13,0.817535,90,192
379,8,24,0.0278599,40,160
380,0,20,0.82531,38,149
381,3,2,0.921815,136,247
382,1,10,0.250737,40,162
383,11,16,0.341342,88,200
384,16,0,0.771345,138,247
385,8,4,0.00894338,90,201
386,2,19,0.307189,38,154
387,16,13,0.979963,40,153
388,5,19,0.124105,88,210
389,11,0,0.854445,136,245
390,1,19,0.82784,86,195
391,19,11,0.718262,40,157
392,22,18,0.820854,90,200
393,24,22,0.52723,138,252
394,16,14,0.0260812,136,248
395,3,6,0.287906,86,199
396,14,23,0.437481,40,157
397,22,1,0.795627,182,286
398,19,15,0.57305,40,166
399,18,21,0.966128,136,243
400,19,12,0.0372274,38,150
401,5,15,0.485722,40,160
402,0,24,0.51837,90,215
403,1,2,0.23877,90,193
404,8,1,0.634795,40,145
405,17,19,0.666484,136,248
406,22,17,0.344533,42,151
407,10,3,0.0517032,138,265
408,16,0,0.782331,86,195
409,15,6,0.201002,38,162
410,4,16,0.479142,40,149
411,18,17,0.85504,136,237
412,3,23,0.442365,138,259
413,1,12,0.655541,182,288
414,15,12,0.883673,38,168
415,17,13,0.146083,40,142
416,14,16,0.132329,136,248
417,1,14,0.132308,42,154
418,2,13,0.109321,136,253
419,20,4,0.00726059,40,152
420,23,3,0.987256,42,163
421,0,19,0.284758,136,250
422,10,20,0.0974361,40,157
423,3,15,0.205542,42,172
424,21,13,0.848877,38,142
425,4,1,0.518926,86,188
426,21,11,0.0541818,40,155
427,2,4,0.03218,42,151
428,3,18,0.522905,40,163
429,10,6,0.0981358,38,161
430,21,11,0.0497993,136,251
431,10,21,0.0454786,40,155
432,2,0,0.0498141,90,198
433,15,1,0.56929,42,162
434,0,12,0.25894,88,199
435,17,22,0.136746,134,243
436,19,11,0.636465,88,205
437,23,17,0.404323,182,283
438,4,21,0.0121857,88,201
439,24,21,0.121008,42,156
440,8,2,0.0314118,88,200
441,22,13,0.685578,38,141
442,23,0,0.638084,40,158
443,4,19,0.00830526,38,153
444,21,1,0.203463,138,245
445,21,11,0.0548553,88,203
446,20,3,0.368231,86,200
447,10,6,0.0956726,86,209
448,0,21,0.46726,136,248
449,24,2,0.402171,136,263
450,12,1,0.951354,40,146
451,16,1,0.74244,136,240
452,11,24,0.100438,88,211
453,8,14,0.0173021,136,247
454,9,1,0.0024907,42,150
455,1,23,0.947792,88,202
456,15,12,0.922112,88,218
457,4,21,0.0121108,134,247
458,4,19,0.00767986,42,157
459,0,17,0.23355,136,253
460,5,3,0.575614,90,209
461,14,17,0.0809466,88,202
462,21,22,0.0228134,38,153
463,2,21,0.00503526,90,204
464,13,11,0.930969,134,247
465,13,10,0.584013,90,198
466,13,22,0.941481,136,239
467,0,10,0.511434,86,213
468,2,17,0.124334,90,209
469,17,18,0.218664,90,191
470,19,2,0.0203044,42,158
471,4,19,0.00855348,40,155
472,14,13,0.981666,38,152
473,12,15,0.469302,86,216
474,2,0,0.0459255,40,148
475,20,4,0.00795616,90,202
476,22,15,0.127782,136,253
477,11,19,0.32229,40,157
478,3,18,0.503562,138,261
479,8,9,0.271449,86,203
480,12,13,0.199797,88,209
481,14,8,0.356249,138,254
482,4,23,0.165335,136,256
483,12,15,0.426812,42,172
484,3,2,0.869834,86,197
485,15,6,0.21821,136,260
486,4,12,0.163167,90,199
487,13,15,0.478176,88,198
488,20,23,0.103203,134,245
489,17,11,0.118278,42,160
490,20,10,0.427105,88,202
491,15,3,0.446967,38,172
492,18,17,0.311876,86,187
493,14,9,0.564628,86,210
494,10,8,0.266679,138,258
495,23,17,0.716289,88,189
496,10,24,0.764454,136,247
497,15,4,0.200867,86,212
498,10,22,0.0691494,134,247
499,15,1,0.479257,88,208
500,17,5,0.254331,134,246
501,8,1,0.969086,38,143
502,16,15,0.594403,88,215
503,5,23,0.898517,136,251
504,0,10,0.458775,134,261
505,20,17,0.470167,90,198
506,13,23,0.659742,42,147
507,4,18,0.396562,90,210
508,24,6,0.41521,86,205
509,10,12,0.0733745,134,263
510,4,23,0.0976811,42,162
511,15,24,0.243437,136,236
512,0,18,0.771496,42,161
513,15,24,0.41823,182,282
514,2,15,0.330915,38,165
515,23,17,0.658692,186,287
516,3,11,0.63667,38,150
517,3,20,0.00793621,40,154
518,22,13,0.711493,136,239
519,20,10,0.429701,42,156
520,17,21,0.31136,138,242
521,11,0,0.94626,40,149
522,3,11,0.302284,134,246
523,17,8,0.178005,86,195
524,19,22,0.400297,38,155
525,20,22,0.271363,42,151
526,24,21,0.118784,138,252
527,15,4,0.206188,136,262
528,16,23,0.0779117,88,210
529,22,12,0.451273,86,199
530,19,17,0.266638,138,250
531,15,2,0.0111597,42,169
532,3,22,0.21837,38,147
533,14,3,0.359987,136,243
534,14,10,0.169984,136,259
535,19,23,0.676905,90,205
536,19,4,0.0737288,136,251
537,4,23,0.986105,90,210
538,3,5,0.774124,42,161
539,16,5,0.154994,134,253
540,17,13,0.587987,182,284
541,20,4,0.00711854,88,200
542,23,18,0.56784,184,284
543,15,12,0.89742,136,266
544,24,0,0.0448454,134,259
545,24,3,0.0174505,138,267
546,6,18,0.0333357,38,161
547,15,4,0.194946,138,264
548,11,22,0.871138,134,246
549,1,13,0.913799,42,152
