NODES,25
INDEX,Name,X-coordinate,Y-coordinate
0,0,-,-
1,1,-,-
2,2,-,-
3,3,-,-
4,4,-,-
5,5,-,-
6,6,-,-
7,7,-,-
8,8,-,-
9,9,-,-
10,10,-,-
11,11,-,-
12,12,-,-
13,13,-,-
14,14,-,-
15,15,-,-
16,16,-,-
17,17,-,-
18,18,-,-
19,19,-,-
20,20,-,-
21,21,-,-
22,22,-,-
23,23,-,-
24,24,-,-
ARCS,529
Index,Origin,Destination,Variable Cost,Fixed Cost,Capacity,Travel time
0,0,1,0,117.8,1,5
1,1,0,0,117.8,1,5
2,1,2,0,234.05,1,7
3,1,3,0,260.4,1,8
4,1,4,0,175.15,1,6
5,1,5,0,486.7,1,15
6,1,6,0,323.95,1,9
7,1,8,0,323.95,1,9
8,1,9,0,447.95,1,12
9,1,10,0,883.5,1,26
10,1,11,0,255.75,1,8
11,1,12,0,387.5,1,10
12,1,13,0,489.8,1,14
13,1,14,0,525.45,1,16
14,1,15,0,1002.85,1,24
15,1,16,0,252.65,1,8
16,1,17,0,545.6,1,16
17,1,18,0,680.45,1,18
18,1,19,0,503.75,1,13
19,1,20,0,358.05,1,10
20,1,21,0,409.2,1,11
21,1,22,0,266.6,1,8
22,1,23,0,699.05,1,18
23,1,24,0,903.65,1,24
24,2,1,0,234.05,1,7
25,3,1,0,260.4,1,8
26,3,4,0,230.95,1,8
27,3,8,0,311.55,1,9
28,3,12,0,144.15,1,5
29,3,13,0,661.85,1,20
30,3,14,0,418.5,1,11
31,3,16,0,151.9,1,5
32,3,19,0,396.8,1,11
33,3,21,0,469.65,1,14
34,3,22,0,429.35,1,13
35,4,1,0,175.15,1,6
36,4,3,0,230.95,1,8
37,5,1,0,486.7,1,15
38,5,13,0,367.35,1,10
39,6,1,0,323.95,1,9
40,6,13,0,430.9,1,11
41,7,1,0,103.85,1,4
42,8,1,0,323.95,1,9
43,8,3,0,311.55,1,9
44,8,13,0,415.4,1,11
45,8,16,0,161.2,1,6
46,8,21,0,158.1,1,5
47,9,1,0,447.95,1,12
48,10,1,0,891.25,1,23
49,10,23,0,192.2,1,6
50,11,1,0,255.75,1,8
51,11,13,0,592.1,1,16
52,12,1,0,387.5,1,10
53,12,3,0,144.15,1,5
54,13,1,0,489.8,1,13
55,13,3,0,669.6,1,22
56,13,5,0,367.35,1,10
57,13,6,0,430.9,1,12
58,13,10,0,483.6,1,12
59,13,11,0,596.75,1,17
60,13,15,0,553.35,1,14
61,13,17,0,176.7,1,6
62,13,18,0,248,1,7
63,13,19,0,573.5,1,16
64,13,20,0,198.4,1,6
65,13,21,0,275.9,1,8
66,13,22,0,232.5,1,7
67,13,23,0,323.95,1,9
68,13,24,0,449.5,1,11
69,14,1,0,525.45,1,16
70,14,3,0,418.5,1,11
71,14,19,0,111.6,1,4
72,14,21,0,384.4,1,10
73,15,1,0,1002.85,1,24
74,15,13,0,553.35,1,16
75,15,18,0,350.3,1,10
76,15,21,0,747.1,1,20
77,15,23,0,412.3,1,11
78,16,1,0,252.65,1,8
79,16,3,0,151.9,1,5
80,16,8,0,161.2,1,6
81,16,13,0,581.25,1,17
82,16,21,0,305.35,1,9
83,17,1,0,544.05,1,14
84,17,13,0,176.7,1,6
85,17,18,0,127.1,1,5
86,17,21,0,292.95,1,8
87,18,1,0,666.5,1,17
88,18,10,0,308.45,1,10
89,18,13,0,248,1,7
90,18,15,0,350.3,1,10
91,18,17,0,127.1,1,5
92,18,19,0,719.2,1,19
93,18,21,0,421.6,1,11
94,18,22,0,421.6,1,13
95,18,23,0,116.25,1,4
96,18,24,0,237.15,1,7
97,19,1,0,503.75,1,13
98,19,3,0,396.8,1,11
99,19,8,0,240.25,1,7
100,19,14,0,111.6,1,4
101,19,21,0,297.6,1,8
102,20,1,0,358.05,1,10
103,20,13,0,198.4,1,6
104,20,23,0,522.35,1,15
105,21,1,0,409.2,1,11
106,21,3,0,458.8,1,13
107,21,8,0,158.1,1,5
108,21,13,0,275.9,1,8
109,21,14,0,384.4,1,10
110,21,15,0,829.25,1,22
111,21,17,0,292.95,1,8
112,21,18,0,420.05,1,13
113,21,19,0,297.6,1,8
114,21,23,0,440.2,1,11
115,22,1,0,266.6,1,8
116,22,3,0,429.35,1,12
117,22,13,0,232.5,1,7
118,23,1,0,699.05,1,17
119,23,10,0,192.2,1,6
120,23,13,0,323.95,1,9
121,23,15,0,412.3,1,11
122,23,17,0,153.45,1,5
123,23,18,0,116.25,1,4
124,23,21,0,446.4,1,13
125,23,24,0,305.35,1,9
126,24,1,0,903.65,1,24
127,24,13,0,449.5,1,11
128,24,18,0,237.15,1,7
129,24,23,0,305.35,1,9
130,0,2,0,161.2,1,6
131,0,3,0,353.4,1,10
132,0,4,0,285.2,1,9
133,0,5,0,474.3,1,13
134,0,6,0,246.45,1,8
135,0,8,0,427.8,1,12
136,0,9,0,379.75,1,11
137,0,10,0,931.55,1,25
138,0,11,0,158.1,1,5
139,0,12,0,401.45,1,11
140,0,14,0,632.4,1,17
141,0,15,0,1063.3,1,28
142,0,16,0,367.35,1,11
143,0,17,0,596.75,1,16
144,0,18,0,717.65,1,19
145,0,19,0,615.35,1,17
146,0,20,0,361.15,1,10
147,0,21,0,444.85,1,13
148,0,22,0,297.6,1,9
149,0,23,0,739.35,1,20
150,0,24,0,957.9,1,25
151,1,7,0,103.85,1,4
152,2,0,0,161.2,1,6
153,2,3,0,480.5,1,13
154,2,4,0,409.2,1,12
155,2,5,0,257.3,1,8
156,2,6,0,110.05,1,4
157,2,8,0,412.3,1,12
158,2,9,0,229.4,1,7
159,2,10,0,872.65,1,23
160,2,11,0,182.9,1,6
161,2,12,0,582.8,1,16
162,2,13,0,390.6,1,11
163,2,14,0,790.5,1,21
164,2,15,0,940.85,1,25
165,2,16,0,475.85,1,13
166,2,17,0,568.85,1,16
167,2,18,0,638.6,1,17
168,2,19,0,643.25,1,17
169,2,20,0,207.7,1,7
170,2,21,0,424.7,1,12
171,2,22,0,308.45,1,9
172,2,23,0,716.1,1,19
173,2,24,0,847.85,1,23
174,3,0,0,353.4,1,10
175,3,2,0,480.5,1,13
176,3,6,0,554.9,1,15
177,3,9,0,685.1,1,18
178,3,10,0,995.1,1,26
179,3,11,0,477.4,1,13
180,3,15,0,1224.5,1,32
181,3,17,0,764.15,1,20
182,3,18,0,833.9,1,22
183,3,20,0,620,1,17
184,3,23,0,888.15,1,23
185,3,24,0,1108.25,1,29
186,4,0,0,285.2,1,9
187,4,2,0,409.2,1,12
188,4,6,0,494.45,1,14
189,4,7,0,75.95,1,3
190,4,8,0,142.6,1,5
191,4,9,0,624.65,1,17
192,4,10,0,838.55,1,22
193,4,11,0,406.1,1,12
194,4,12,0,331.7,1,9
195,4,13,0,427.8,1,12
196,4,14,0,410.75,1,12
197,4,15,0,970.3,1,26
198,4,16,0,147.25,1,5
199,4,17,0,503.75,1,14
200,4,18,0,624.65,1,17
201,4,19,0,390.6,1,11
202,4,20,0,413.85,1,12
203,4,21,0,263.5,1,8
204,4,22,0,204.6,1,7
205,4,23,0,646.35,1,18
206,4,24,0,861.8,1,23
207,5,0,0,474.3,1,13
208,5,2,0,257.3,1,8
209,5,6,0,161.2,1,5
210,5,9,0,198.4,1,6
211,5,11,0,320.85,1,9
212,5,18,0,660.3,1,16
213,5,20,0,178.25,1,6
214,5,23,0,720.75,1,19
215,6,0,0,246.45,1,8
216,6,2,0,110.05,1,4
217,6,3,0,554.9,1,15
218,6,4,0,494.45,1,14
219,6,5,0,161.2,1,5
220,6,8,0,637.05,1,17
221,6,9,0,141.05,1,5
222,6,10,0,939.3,1,25
223,6,11,0,165.85,1,5
224,6,12,0,623.1,1,17
225,6,14,0,840.1,1,22
226,6,15,0,982.7,1,26
227,6,16,0,576.6,1,16
228,6,17,0,615.35,1,17
229,6,18,0,685.1,1,18
230,6,19,0,824.6,1,22
231,6,20,0,243.35,1,7
232,6,21,0,593.65,1,16
233,6,22,0,446.4,1,13
234,6,23,0,761.05,1,20
235,6,24,0,877.3,1,23
236,7,3,0,246.45,1,8
237,7,4,0,75.95,1,3
238,8,0,0,427.8,1,12
239,8,2,0,412.3,1,12
240,8,4,0,142.6,1,5
241,8,6,0,637.05,1,17
242,8,9,0,767.25,1,21
243,8,10,0,714.55,1,19
244,8,11,0,545.6,1,15
245,8,12,0,460.35,1,13
246,8,14,0,328.6,1,10
247,8,15,0,883.5,1,23
248,8,17,0,427.8,1,12
249,8,18,0,542.5,1,15
250,8,19,0,240.25,1,7
251,8,20,0,444.85,1,13
252,8,22,0,203.05,1,7
253,8,23,0,536.3,1,15
254,8,24,0,801.35,1,21
255,9,0,0,379.75,1,11
256,9,2,0,229.4,1,7
257,9,3,0,685.1,1,18
258,9,4,0,624.65,1,17
259,9,5,0,198.4,1,6
260,9,6,0,141.05,1,5
261,9,8,0,767.25,1,21
262,9,10,0,1069.5,1,28
263,9,11,0,297.6,1,8
264,9,12,0,753.3,1,20
265,9,13,0,469.65,1,12
266,9,14,0,652.55,1,18
267,9,15,0,1112.9,1,29
268,9,16,0,706.8,1,19
269,9,17,0,646.35,1,18
270,9,18,0,711.45,1,18
271,9,19,0,954.8,1,25
272,9,20,0,279,1,8
273,9,21,0,723.85,1,19
274,9,22,0,576.6,1,16
275,9,23,0,891.25,1,24
276,9,24,0,1019.9,1,27
277,10,0,0,931.55,1,25
278,10,2,0,872.65,1,23
279,10,3,0,995.1,1,26
280,10,4,0,838.55,1,22
281,10,6,0,939.3,1,25
282,10,8,0,714.55,1,19
283,10,9,0,1069.5,1,28
284,10,11,0,1133.05,1,30
285,10,12,0,1086.55,1,28
286,10,13,0,483.6,1,12
287,10,14,0,970.3,1,26
288,10,15,0,224.75,1,7
289,10,16,0,872.65,1,23
290,10,17,0,334.8,1,9
291,10,18,0,306.9,1,9
292,10,19,0,909.85,1,24
293,10,20,0,714.55,1,19
294,10,21,0,623.1,1,16
295,10,22,0,623.1,1,17
296,10,24,0,286.75,1,8
297,11,0,0,158.1,1,5
298,11,2,0,182.9,1,6
299,11,3,0,477.4,1,13
300,11,4,0,406.1,1,12
301,11,5,0,320.85,1,9
302,11,6,0,165.85,1,5
303,11,8,0,545.6,1,15
304,11,9,0,297.6,1,9
305,11,10,0,1133.05,1,30
306,11,12,0,523.9,1,14
307,11,14,0,770.35,1,21
308,11,15,0,1112.9,1,29
309,11,16,0,488.25,1,14
310,11,17,0,798.25,1,21
311,11,18,0,832.35,1,21
312,11,19,0,748.65,1,20
313,11,20,0,406.1,1,11
314,11,21,0,649.45,1,18
315,11,22,0,499.1,1,14
316,11,23,0,852.5,1,23
317,11,24,0,1021.45,1,27
318,12,0,0,401.45,1,11
319,12,2,0,582.8,1,16
320,12,4,0,331.7,1,10
321,12,6,0,623.1,1,17
322,12,8,0,460.35,1,13
323,12,9,0,753.3,1,20
324,12,10,0,1086.55,1,28
325,12,11,0,523.9,1,14
326,12,13,0,776.55,1,20
327,12,14,0,550.25,1,15
328,12,15,0,1233.8,1,32
329,12,16,0,296.05,1,9
330,12,17,0,776.55,1,21
331,12,18,0,1038.5,1,27
332,12,19,0,523.9,1,14
333,12,20,0,637.05,1,17
334,12,21,0,554.9,1,15
335,12,22,0,556.45,1,15
336,12,23,0,919.15,1,24
337,12,24,0,1137.7,1,30
338,13,2,0,390.6,1,11
339,13,4,0,427.8,1,12
340,13,8,0,415.4,1,11
341,13,9,0,469.65,1,12
342,13,14,0,655.65,1,17
343,13,16,0,530.1,1,14
344,14,0,0,632.4,1,17
345,14,2,0,790.5,1,21
346,14,4,0,410.75,1,12
347,14,6,0,840.1,1,22
348,14,8,0,328.6,1,10
349,14,9,0,652.55,1,18
350,14,10,0,970.3,1,26
351,14,11,0,770.35,1,21
352,14,12,0,550.25,1,15
353,14,13,0,655.65,1,17
354,14,15,0,1106.7,1,28
355,14,16,0,272.8,1,8
356,14,17,0,671.15,1,18
357,14,18,0,798.25,1,20
358,14,20,0,852.5,1,23
359,14,22,0,527,1,15
360,14,23,0,818.4,1,20
361,14,24,0,995.1,1,26
362,15,0,0,1063.3,1,28
363,15,2,0,940.85,1,25
364,15,3,0,1224.5,1,32
365,15,4,0,970.3,1,26
366,15,6,0,982.7,1,26
367,15,8,0,883.5,1,23
368,15,9,0,1112.9,1,29
369,15,10,0,224.75,1,7
370,15,11,0,1112.9,1,29
371,15,12,0,1233.8,1,32
372,15,14,0,1106.7,1,28
373,15,16,0,1027.65,1,27
374,15,17,0,454.15,1,12
375,15,19,0,1023,1,27
376,15,20,0,757.95,1,19
377,15,22,0,733.15,1,19
378,15,24,0,110.05,1,4
379,16,0,0,367.35,1,11
380,16,2,0,475.85,1,13
381,16,4,0,147.25,1,5
382,16,6,0,576.6,1,16
383,16,7,0,155,1,5
384,16,9,0,706.8,1,19
385,16,10,0,872.65,1,23
386,16,11,0,488.25,1,14
387,16,12,0,296.05,1,8
388,16,14,0,272.8,1,8
389,16,15,0,1027.65,1,27
390,16,17,0,570.4,1,16
391,16,18,0,686.65,1,19
392,16,19,0,251.1,1,7
393,16,20,0,525.45,1,15
394,16,22,0,302.25,1,9
395,16,23,0,692.85,1,19
396,16,24,0,951.7,1,25
397,17,0,0,596.75,1,16
398,17,2,0,568.85,1,16
399,17,3,0,764.15,1,20
400,17,4,0,503.75,1,14
401,17,5,0,530.1,1,14
402,17,6,0,615.35,1,17
403,17,8,0,427.8,1,12
404,17,9,0,649.45,1,18
405,17,10,0,334.8,1,10
406,17,11,0,798.25,1,21
407,17,12,0,776.55,1,21
408,17,14,0,671.15,1,17
409,17,15,0,454.15,1,12
410,17,16,0,570.4,1,16
411,17,19,0,581.25,1,16
412,17,20,0,373.55,1,10
413,17,22,0,294.5,1,8
414,17,23,0,153.45,1,5
415,17,24,0,362.7,1,10
416,18,0,0,719.2,1,19
417,18,2,0,638.6,1,17
418,18,3,0,833.9,1,22
419,18,4,0,624.65,1,17
420,18,5,0,660.3,1,16
421,18,6,0,685.1,1,18
422,18,8,0,542.5,1,15
423,18,9,0,711.45,1,18
424,18,11,0,832.35,1,21
425,18,12,0,1038.5,1,27
426,18,14,0,798.25,1,21
427,18,16,0,686.65,1,19
428,18,20,0,438.65,1,12
429,19,0,0,615.35,1,17
430,19,2,0,643.25,1,17
431,19,4,0,390.6,1,11
432,19,6,0,824.6,1,22
433,19,9,0,954.8,1,25
434,19,10,0,909.85,1,24
435,19,11,0,748.65,1,20
436,19,12,0,523.9,1,14
437,19,13,0,565.75,1,14
438,19,15,0,1023,1,27
439,19,16,0,251.1,1,7
440,19,17,0,581.25,1,16
441,19,18,0,709.9,1,18
442,19,20,0,764.15,1,20
443,19,22,0,437.1,1,12
444,19,23,0,728.5,1,18
445,19,24,0,942.4,1,25
446,20,0,0,361.15,1,10
447,20,2,0,207.7,1,7
448,20,3,0,620,1,17
449,20,4,0,413.85,1,12
450,20,5,0,178.25,1,6
451,20,6,0,243.35,1,7
452,20,8,0,444.85,1,13
453,20,9,0,279,1,8
454,20,10,0,714.55,1,19
455,20,11,0,406.1,1,11
456,20,12,0,637.05,1,17
457,20,14,0,878.85,1,23
458,20,15,0,757.95,1,19
459,20,16,0,525.45,1,15
460,20,17,0,373.55,1,11
461,20,18,0,438.65,1,12
462,20,19,0,764.15,1,20
463,20,21,0,466.55,1,13
464,20,22,0,272.8,1,8
465,20,24,0,641.7,1,17
466,21,0,0,444.85,1,13
467,21,2,0,424.7,1,12
468,21,4,0,263.5,1,8
469,21,6,0,593.65,1,16
470,21,9,0,723.85,1,19
471,21,10,0,623.1,1,16
472,21,11,0,646.35,1,18
473,21,12,0,554.9,1,15
474,21,16,0,305.35,1,9
475,21,20,0,466.55,1,13
476,21,22,0,142.6,1,5
477,21,24,0,651,1,18
478,22,0,0,297.6,1,9
479,22,2,0,308.45,1,10
480,22,4,0,204.6,1,7
481,22,6,0,446.4,1,13
482,22,8,0,203.05,1,6
483,22,9,0,576.6,1,16
484,22,10,0,623.1,1,17
485,22,11,0,499.1,1,14
486,22,12,0,556.45,1,15
487,22,14,0,527,1,15
488,22,15,0,733.15,1,19
489,22,16,0,302.25,1,9
490,22,17,0,294.5,1,8
491,22,18,0,404.55,1,10
492,22,19,0,437.1,1,12
493,22,20,0,272.8,1,9
494,22,21,0,142.6,1,5
495,22,23,0,432.45,1,11
496,22,24,0,643.25,1,17
497,23,0,0,739.35,1,20
498,23,2,0,716.1,1,19
499,23,3,0,888.15,1,23
500,23,4,0,646.35,1,18
501,23,6,0,761.05,1,20
502,23,8,0,536.3,1,15
503,23,9,0,891.25,1,24
504,23,11,0,852.5,1,23
505,23,12,0,919.15,1,24
506,23,14,0,818.4,1,20
507,23,16,0,692.85,1,19
508,23,19,0,728.5,1,18
509,23,20,0,522.35,1,14
510,23,22,0,432.45,1,11
511,24,0,0,957.9,1,25
512,24,2,0,847.85,1,23
513,24,3,0,1108.25,1,29
514,24,4,0,861.8,1,23
515,24,6,0,877.3,1,23
516,24,8,0,801.35,1,21
517,24,9,0,1019.9,1,27
518,24,10,0,286.75,1,8
519,24,11,0,1021.45,1,27
520,24,12,0,1137.7,1,30
521,24,14,0,995.1,1,26
522,24,15,0,110.05,1,4
523,24,16,0,951.7,1,25
524,24,17,0,362.7,1,10
525,24,19,0,942.4,1,25
526,24,20,0,641.7,1,17
527,24,21,0,651,1,16
528,24,22,0,643.25,1,17
PATHS,600
Index,Shipment origin,Shipment destination,1st terminal on path,2nd terminal on path,.....,6th terminal on path
0,0,1,0,1
1,0,2,0,1,2
2,0,3,0,1,3
3,0,4,0,1,4
4,0,5,0,1,5
5,0,6,0,1,6
6,0,7,0,1,7
7,0,8,0,1,8
8,0,9,0,1,9
9,0,10,0,1,10
10,0,11,0,1,11
11,0,12,0,1,12
12,0,13,0,1,13
13,0,14,0,1,14
14,0,15,0,1,15
15,0,16,0,1,16
16,0,17,0,1,17
17,0,18,0,1,18
18,0,19,0,1,19
19,0,20,0,1,20
20,0,21,0,1,21
21,0,22,0,1,22
22,0,23,0,1,23
23,0,24,0,1,24
24,1,0,1,0
25,1,2,1,2
26,1,3,1,3
27,1,4,1,4
28,1,5,1,5
29,1,6,1,6
30,1,7,1,7
31,1,8,1,8
32,1,9,1,9
33,1,10,1,10
34,1,11,1,11
35,1,12,1,12
36,1,13,1,13
37,1,14,1,14
38,1,15,1,15
39,1,16,1,16
40,1,17,1,17
41,1,18,1,18
42,1,19,1,19
43,1,20,1,20
44,1,21,1,21
45,1,22,1,22
46,1,23,1,23
47,1,24,1,24
48,2,0,2,1,0
49,2,1,2,1
50,2,3,2,1,3
51,2,4,2,1,4
52,2,5,2,1,5
53,2,6,2,1,6
54,2,8,2,1,8
55,2,7,2,1,7
56,2,9,2,1,9
57,2,10,2,1,10
58,2,11,2,1,11
59,2,12,2,1,12
60,2,13,2,1,13
61,2,14,2,1,14
62,2,15,2,1,15
63,2,16,2,1,16
64,2,17,2,1,17
65,2,18,2,1,18
66,2,19,2,1,19
67,2,20,2,1,20
68,2,21,2,1,21
69,2,22,2,1,22
70,2,23,2,1,23
71,2,24,2,1,24
72,3,0,3,1,0
73,3,1,3,1
74,3,2,3,1,2
75,3,4,3,4
76,3,5,3,1,5
77,3,6,3,1,6
78,3,7,3,1,7
79,3,8,3,8
80,3,9,3,1,9
81,3,10,3,13,10
82,3,11,3,1,11
83,3,12,3,12
84,3,13,3,13
85,3,14,3,14
86,3,15,3,13,15
87,3,16,3,16
88,3,17,3,13,17
89,3,18,3,13,18
90,3,19,3,19
91,3,20,3,1,20
92,3,21,3,21
93,3,22,3,22
94,3,23,3,21,23
95,3,24,3,13,24
96,4,0,4,1,0
97,4,1,4,1
98,4,2,4,1,2
99,4,3,4,3
100,4,5,4,1,5
101,4,6,4,1,6
102,4,7,4,1,7
103,4,8,4,1,8
104,4,9,4,1,9
105,4,10,4,1,10
106,4,11,4,1,11
107,4,12,4,3,12
108,4,13,4,1,13
109,4,14,4,3,14
110,4,15,4,1,15
111,4,16,4,3,16
112,4,17,4,1,17
113,4,18,4,1,18
114,4,19,4,3,19
115,4,20,4,1,20
116,4,21,4,1,21
117,4,22,4,1,22
118,4,23,4,1,23
119,4,24,4,1,24
120,5,0,5,1,0
121,5,1,5,1
122,5,2,5,1,2
123,5,3,5,1,3
124,5,4,5,1,4
125,5,6,5,1,6
126,5,7,5,1,7
127,5,8,5,1,8
128,5,9,5,1,9
129,5,10,5,13,10
130,5,11,5,1,11
131,5,12,5,1,12
132,5,13,5,13
133,5,14,5,1,14
134,5,15,5,13,15
135,5,16,5,1,16
136,5,17,5,13,17
137,5,18,5,13,18
138,5,19,5,13,21,19
139,5,20,5,13,20
140,5,21,5,13,21
141,5,22,5,1,22
142,5,23,5,13,23
143,5,24,5,13,24
144,6,0,6,1,0
145,6,1,6,1
146,6,2,6,1,2
147,6,3,6,1,3
148,6,4,6,1,4
149,6,5,6,1,5
150,6,7,6,1,7
151,6,8,6,1,8
152,6,9,6,1,9
153,6,10,6,1,10
154,6,11,6,1,11
155,6,12,6,1,12
156,6,13,6,1,13
157,6,14,6,1,14
158,6,15,6,1,15
159,6,16,6,1,16
160,6,17,6,1,17
161,6,18,6,1,18
162,6,19,6,1,19
163,6,20,6,1,20
164,6,21,6,1,21
165,6,22,6,1,22
166,6,23,6,1,23
167,6,24,6,1,24
168,7,0,7,1,0
169,7,1,7,1
170,7,2,7,1,2
171,7,3,7,3
172,7,4,7,4
173,7,5,7,1,5
174,7,6,7,3,6
175,7,8,7,3,8
176,7,9,7,1,9
177,7,10,7,1,9
178,7,11,7,3,11
179,7,12,7,4,12
180,7,13,7,4,13
181,7,14,7,4,14
182,7,15,7,4,15
183,7,16,7,4,16
184,7,17,7,1,17
185,7,18,7,1,18
186,7,19,7,1,19
187,7,20,7,1,20
188,7,21,7,1,21
189,7,22,7,1,22
190,7,23,7,1,23
191,7,24,7,1,24
192,8,0,8,1,0
193,8,1,8,1
194,8,2,8,1,2
195,8,3,8,3
196,8,4,8,1,4
197,8,5,8,1,5
198,8,6,8,1,6
199,8,7,8,1,7
200,8,9,8,1,9
201,8,10,8,21,23,10
202,8,11,8,1,11
203,8,12,8,3,12
204,8,13,8,21,13
205,8,14,8,21,14
206,8,15,8,21,13,15
207,8,16,8,3,16
208,8,17,8,21,17
209,8,18,8,21,18
210,8,19,8,21,19
211,8,20,8,1,20
212,8,21,8,21
213,8,22,8,1,22
214,8,23,8,21,23
215,8,24,8,21,13,24
216,9,0,9,1,0
217,9,1,9,1
218,9,2,9,1,2
219,9,3,9,1,3
220,9,4,9,1,4
221,9,5,9,1,5
222,9,6,9,1,6
223,9,7,9,1,7
224,9,8,9,1,8
225,9,10,9,1,10
226,9,11,9,1,11
227,9,12,9,1,12
228,9,13,9,1,13
229,9,14,9,1,14
230,9,15,9,1,15
231,9,16,9,1,16
232,9,17,9,1,17
233,9,18,9,1,18
234,9,19,9,1,19
235,9,20,9,1,20
236,9,21,9,1,21
237,9,22,9,1,22
238,9,23,9,1,23
239,9,24,9,1,24
240,10,0,10,1,0
241,10,1,10,1
242,10,2,10,1,2
243,10,3,10,1,3
244,10,4,10,1,4
245,10,5,10,23,13,5
246,10,6,10,23,13,6
247,10,7,10,1,7
248,10,8,10,23,21,8
249,10,9,10,1,9
250,10,11,10,1,11
251,10,12,10,1,12
252,10,13,10,23,13
253,10,14,10,23,21,14
254,10,15,10,23,15
255,10,16,10,1,16
256,10,17,10,23,17
257,10,18,10,23,18
258,10,19,10,23,21,19
259,10,20,10,23,13,20
260,10,21,10,23,21
261,10,22,10,23,22
262,10,23,10,23
263,10,24,10,23,24
264,11,0,11,1,0
265,11,1,11,1
266,11,2,11,1,2
267,11,3,11,1,3
268,11,4,11,1,4
269,11,5,11,1,5
270,11,6,11,1,6
271,11,7,11,1,7
272,11,8,11,1,8
273,11,9,11,1,9
274,11,10,11,13,10
275,11,12,11,1,12
276,11,13,11,13
277,11,14,11,1,14
278,11,15,11,13,15
279,11,16,11,1,16
280,11,17,11,13,17
281,11,18,11,13,18
282,11,19,11,1,19
283,11,20,11,1,20
284,11,21,11,1,21
285,11,22,11,1,22
286,11,23,11,13,23
287,11,24,11,13,24
288,12,0,12,1,0
289,12,1,12,1
290,12,2,12,1,2
291,12,3,12,3
292,12,4,12,3,4
293,12,5,12,1,5
294,12,6,12,1,6
295,12,7,12,1,7
296,12,8,12,3,8
297,12,9,12,1,9
298,12,10,12,1,10
299,12,11,12,1,11
300,12,13,12,3,13
301,12,14,12,3,14
302,12,15,12,1,15
303,12,16,12,3,16
304,12,17,12,1,17
305,12,18,12,1,18
306,12,19,12,3,19
307,12,20,12,1,20
308,12,21,12,3,21
309,12,22,12,3,22
310,12,23,12,1,23
311,12,24,12,1,24
312,13,0,13,1,0
313,13,1,13,1
314,13,2,13,1,2
315,13,3,13,3
316,13,4,13,4
317,13,5,13,5
318,13,6,13,6
319,13,7,13,1,7
320,13,8,13,21,8
321,13,9,13,1,9
322,13,10,13,10
323,13,11,13,11
324,13,12,13,3,12
325,13,14,13,21,14
326,13,15,13,15
327,13,16,13,1,16
328,13,17,13,17
329,13,18,13,18
330,13,19,13,21,19
331,13,20,13,20
332,13,21,13,21
333,13,22,13,22
334,13,23,13,23
335,13,24,13,24
336,14,0,14,1,0
337,14,1,14,1
338,14,2,14,1,2
339,14,3,14,3
340,14,4,14,3,4
341,14,5,14,1,5
342,14,6,14,1,6
343,14,7,14,1,7
344,14,8,14,3,8
345,14,9,14,1,9
346,14,10,14,21,23,10
347,14,11,14,1,11
348,14,12,14,3,12
349,14,13,14,21,13
350,14,15,14,21,13,15
351,14,16,14,3,16
352,14,17,14,21,17
353,14,18,14,21,18
354,14,19,14,1,19
355,14,20,14,1,20
356,14,21,14,21
357,14,22,14,1,22
358,14,23,14,21,23
359,14,24,14,21,13,24
360,15,0,15,1,0
361,15,1,15,1
362,15,2,15,1,2
363,15,3,15,13,3
364,15,4,15,1,4
365,15,5,15,13,5
366,15,6,15,13,6
367,15,7,15,1,7
368,15,8,15,21,8
369,15,9,15,1,9
370,15,10,15,10
371,15,11,15,1,11
372,15,12,15,1,12
373,15,13,15,13
374,15,14,15,21,14
375,15,16,15,1,16
376,15,17,15,17
377,15,18,15,18
378,15,19,15,21,19
379,15,20,15,13,20
380,15,21,15,21
381,15,22,15,13,22
382,15,23,15,23
383,15,24,15,24
384,16,0,16,1,0
385,16,1,16,1
386,16,2,16,1,2
387,16,3,16,3
388,16,4,16,3,4
389,16,5,16,1,5
390,16,6,16,1,6
391,16,7,16,1,7
392,16,8,16,3,8
393,16,9,16,1,9
394,16,10,16,13,10
395,16,11,16,1,11
396,16,12,16,3,12
397,16,13,16,13
398,16,14,16,3,14
399,16,15,16,13,15
400,16,17,16,13,17
401,16,18,16,13,18
402,16,19,16,3,19
403,16,20,16,1,20
404,16,21,16,21
405,16,22,16,3,22
406,16,23,16,13,23
407,16,24,16,13,24
408,17,0,17,1,0
409,17,1,17,1
410,17,2,17,1,2
411,17,3,17,13,3
412,17,4,17,1,4
413,17,5,17,13,5
414,17,6,17,13,6
415,17,7,17,1,7
416,17,8,17,21,8
417,17,9,17,1,9
418,17,10,17,13,10
419,17,11,17,1,11
420,17,12,17,1,12
421,17,13,17,13
422,17,14,17,21,14
423,17,15,17,13,15
424,17,16,17,1,16
425,17,18,17,18
426,17,19,17,21,19
427,17,20,17,13,20
428,17,21,17,21
429,17,22,17,13,22
430,17,23,17,13,23
431,17,24,17,13,24
432,18,0,18,1,0
433,18,1,18,1
434,18,2,18,1,2
435,18,3,18,13,3
436,18,4,18,1,4
437,18,5,18,13,5
438,18,6,18,13,6
439,18,7,18,1,7
440,18,8,18,21,8
441,18,9,18,13,1,9
442,18,10,18,10
443,18,11,18,1,11
444,18,12,18,1,12
445,18,13,18,13
446,18,14,18,21,14
447,18,15,18,15
448,18,16,18,1,16
449,18,17,18,17
450,18,19,18,21,19
451,18,20,18,13,20
452,18,21,18,21
453,18,22,18,13,22
454,18,23,18,23
455,18,24,18,24
456,19,0,19,1,0
457,19,1,19,1
458,19,2,19,1,2
459,19,3,19,3
460,19,4,19,3,4
461,19,5,19,1,5
462,19,6,19,1,6
463,19,7,19,1,7
464,19,8,19,21,8
465,19,9,19,1,9
466,19,10,19,1,10
467,19,11,19,1,11
468,19,12,19,3,12
469,19,13,19,21,13
470,19,14,19,1,14
471,19,15,19,21,13,15
472,19,16,19,3,16
473,19,17,19,21,17
474,19,18,19,21,18
475,19,20,19,1,20
476,19,21,19,21
477,19,22,19,1,22
478,19,23,19,21,23
479,19,24,19,21,13,24
480,20,0,20,1,0
481,20,1,20,1
482,20,2,20,1,2
483,20,3,20,1,3
484,20,4,20,1,4
485,20,5,20,1,5
486,20,6,20,1,6
487,20,7,20,1,7
488,20,8,20,1,8
489,20,9,20,1,9
490,20,10,20,13,10
491,20,11,20,1,11
492,20,12,20,1,12
493,20,13,20,13
494,20,14,20,1,14
495,20,15,20,13,15
496,20,16,20,1,16
497,20,17,20,13,17
498,20,18,20,13,18
499,20,19,20,1,19
500,20,21,20,1,21
501,20,22,20,13,22
502,20,23,20,13,23
503,20,24,20,13,24
504,21,0,21,1,0
505,21,1,21,1
506,21,2,21,1,2
507,21,3,21,3
508,21,4,21,1,4
509,21,5,21,13,5
510,21,6,21,13,6
511,21,7,21,1,7
512,21,8,21,8
513,21,9,21,1,9
514,21,10,21,23,10
515,21,11,21,1,11
516,21,12,21,3,12
517,21,13,21,13
518,21,14,21,14
519,21,15,21,13,15
520,21,16,21,3,16
521,21,17,21,17
522,21,18,21,18
523,21,19,21,19
524,21,20,21,1,20
525,21,22,21,1,22
526,21,23,21,23
527,21,24,21,13,24
528,22,0,22,1,0
529,22,1,22,1
530,22,2,22,1,2
531,22,3,22,3
532,22,4,22,1,4
533,22,5,22,13,5
534,22,6,22,1,6
535,22,7,22,1,7
536,22,8,22,1,8
537,22,9,22,1,9
538,22,10,22,13,10
539,22,11,22,1,11
540,22,12,22,3,12
541,22,13,22,13
542,22,14,22,1,14
543,22,15,22,13,15
544,22,16,22,1,16
545,22,17,22,13,17
546,22,18,22,13,18
547,22,19,22,1,19
548,22,20,22,13,20
549,22,21,22,1,21
550,22,23,22,13,23
551,22,24,22,13,24
552,23,0,23,1,0
553,23,1,23,1
554,23,2,23,1,2
555,23,3,23,1,3
556,23,4,23,1,4
557,23,5,23,13,5
558,23,6,23,13,6
559,23,7,23,1,7
560,23,8,23,21,8
561,23,9,23,1,9
562,23,10,23,10
563,23,11,23,1,11
564,23,12,23,1,12
565,23,13,23,13
566,23,14,23,21,14
567,23,15,23,15
568,23,16,23,1,16
569,23,17,23,17
570,23,18,23,18
571,23,19,23,21,19
572,23,20,23,13,20
573,23,21,23,21
574,23,22,23,22
575,23,24,23,24
576,24,0,24,1,0
577,24,1,24,1
578,24,2,24,1,2
579,24,3,24,13,3
580,24,4,24,1,4
581,24,5,24,13,5
582,24,6,24,13,6
583,24,7,24,1,7
584,24,8,24,18,21,8
585,24,9,24,13,1,9
586,24,10,24,23,10
587,24,11,24,13,11
588,24,12,24,1,12
589,24,13,24,13
590,24,14,24,18,21,14
591,24,15,24,15
592,24,16,24,1,16
593,24,17,24,13,17
594,24,18,24,18
595,24,19,24,18,21,19
596,24,20,24,13,20
597,24,21,24,18,21
598,24,22,24,13,22
599,24,23,24,23
COMMODITIES,550
Index,Origin,Destination,Demand/Size,Earliest available time,Latest delivery time
0,1,8,0.766858,42,87
1,4,14,0.479807,90,145
2,18,17,0.892195,186,227
3,12,22,0.212623,40,94
4,3,4,0.361959,38,82
5,11,3,0.802452,86,138
6,14,3,0.787731,232,279
7,15,6,0.196145,134,198
8,20,22,0.242922,38,87
9,18,16,0.452938,42,103
10,16,5,0.171347,184,243
11,23,17,0.544436,88,129
12,8,2,0.0359712,134,186
13,24,17,0.74835,184,237
14,4,6,0.0663556,42,93
15,8,16,0.0111183,234,284
16,24,17,0.786703,182,235
17,0,14,0.273865,86,143
18,6,4,0.0177224,86,137
19,17,16,0.074396,86,144
20,12,6,0.138848,138,193
21,13,17,0.439905,230,272
22,15,3,0.402588,90,164
23,12,16,0.626541,88,134
24,14,9,0.548717,136,200
25,0,14,0.29021,42,99
26,16,21,0.694288,136,181
27,2,13,0.121256,88,145
28,23,0,0.632176,138,196
29,5,20,0.299104,186,238
30,22,23,0.515757,138,190
31,10,16,0.118757,38,105
32,3,16,0.590788,230,271
33,14,22,0.639496,38,98
34,21,22,0.0230737,230,285
35,12,22,0.194421,234,288
36,3,4,0.32595,184,228
37,14,16,0.107587,182,234
38,0,6,0.111579,40,90
39,12,20,0.73812,232,288
40,21,23,0.319196,86,133
41,20,14,0.377814,38,100
42,14,18,0.502705,90,149
43,12,11,0.18273,234,288
44,22,6,0.316637,86,139
45,24,8,0.0602985,134,193
46,23,3,0.788734,88,149
47,12,19,0.0444994,234,286
48,21,24,0.282281,42,97
49,2,12,0.0503068,230,283
50,24,22,0.560923,90,144
51,23,21,0.628411,182,231
52,15,2,0.0115188,138,205
53,1,13,0.672196,182,232
54,4,16,0.504126,90,139
55,22,17,0.286811,182,231
56,13,16,0.0855937,136,193
57,5,12,0.0170743,40,101
58,5,4,0.214682,88,145
59,2,4,0.931462,42,91
60,19,16,0.112281,40,92
61,13,16,0.0894207,184,241
62,0,5,0.211853,88,144
63,11,14,0.441696,38,98
64,0,15,0.444201,90,155
65,3,23,0.577065,86,147
66,19,16,0.121234,88,140
67,8,2,0.0323827,42,94
68,14,9,0.569165,184,248
69,2,21,0.00560854,38,92
70,5,16,0.364076,38,97
71,8,16,0.010324,90,140
72,23,22,0.0405093,42,89
73,24,20,0.137219,88,141
74,5,22,0.298652,40,99
75,17,20,0.265036,86,134
76,18,5,0.959643,230,283
77,13,18,0.343131,184,227
78,10,4,0.0154636,86,151
79,3,11,0.466731,90,142
80,23,8,0.250763,184,238
81,12,22,0.196042,182,236
82,5,4,0.180188,136,193
83,20,13,0.386819,186,228
84,18,10,0.0195945,42,88
85,4,10,0.0538022,186,254
86,20,15,0.424646,86,142
87,12,15,0.458698,90,160
88,22,17,0.309989,136,185
89,11,16,0.399284,186,238
90,22,3,0.0900579,230,278
91,1,6,0.245229,182,227
92,22,23,0.592412,184,236
93,10,4,0.0140732,90,155
94,10,4,0.0163362,40,105
95,5,14,0.246051,182,249
96,15,24,0.0365641,138,178
97,3,21,0.985988,186,236
98,8,9,0.250289,40,97
99,17,18,0.240129,234,275
100,15,21,0.112295,42,98
101,12,6,0.144814,184,239
102,16,15,0.620352,184,251
103,19,16,0.115767,186,238
104,18,5,0.00962285,184,237
105,5,18,0.613004,136,189
106,23,10,0.681107,136,178
107,16,0,0.746147,42,91
108,4,0,0.152313,136,183
109,23,14,0.457166,90,149
110,13,4,0.0837118,186,234
111,10,19,0.467344,90,153
112,18,10,0.0551582,88,134
113,1,9,0.857162,40,88
114,16,8,0.207144,42,92
115,18,15,0.469892,42,88
116,18,5,0.0758076,138,191
117,10,20,0.0925741,88,145
118,3,8,0.875112,182,227
119,0,22,0.220889,184,233
120,13,6,0.991038,90,138
121,21,1,0.207096,88,135
122,22,11,0.41868,134,186
123,11,8,0.430766,42,95
124,24,20,0.070243,182,235
125,14,21,0.890868,232,278
126,2,14,0.625705,42,101
127,3,16,0.342579,38,79
128,16,8,0.209262,88,138
129,14,9,0.556265,40,104
130,20,15,0.483616,90,146
131,5,19,0.123112,38,100
132,21,17,0.425258,234,278
133,24,12,0.0404644,38,108
134,21,23,0.330342,138,185
135,14,23,0.448175,134,191
136,1,3,0.622872,42,86
137,8,3,0.0972485,184,229
138,24,15,0.895595,42,82
139,18,16,0.465284,138,199
140,1,20,0.153136,186,232
141,23,6,0.652113,42,99
142,21,20,0.00797162,38,95
143,3,18,0.541036,40,103
144,21,5,0.00454545,38,92
145,24,19,0.761902,38,100
146,11,3,0.675642,136,188
147,15,10,0.25581,138,181
148,3,4,0.320887,90,134
149,16,20,0.232992,90,144
150,22,3,0.130171,40,88
151,10,3,0.0577305,42,109
152,6,1,0.375635,134,179
153,12,2,0.263768,136,189
154,18,17,0.699817,90,131
155,4,21,0.0134839,138,191
156,4,23,0.0199729,182,242
157,19,2,0.0197256,40,96
158,23,12,0.374114,136,199
159,8,4,0.00903826,136,187
160,19,13,0.525887,134,186
161,20,13,0.400165,136,178
162,15,17,0.0502958,234,282
163,21,1,0.0492152,230,277
164,0,13,0.367566,136,191
165,16,14,0.952248,88,140
166,3,23,0.460852,90,151
167,22,23,0.532911,88,140
168,24,0,0.0458088,90,155
169,16,20,0.221057,42,96
170,18,10,0.153334,184,230
171,24,2,0.387743,86,153
172,15,17,0.361123,38,86
173,20,12,0.0162289,186,242
174,12,21,0.364343,38,93
175,19,12,0.0428385,86,138
176,9,16,0.837687,134,190
177,19,10,0.25933,42,117
178,0,15,0.479436,88,153
179,8,14,0.0167282,86,137
180,11,12,0.330901,38,92
181,12,2,0.271574,234,287
182,4,0,0.144425,184,231
183,15,13,0.621695,38,90
184,15,23,0.228688,38,85
185,4,3,0.547781,182,226
186,20,12,0.01751,232,288
187,2,3,0.334565,90,141
188,5,19,0.136662,186,248
189,20,2,0.238992,182,235
190,1,4,0.3739,230,272
191,4,0,0.157911,182,229
192,12,17,0.00622311,40,102
193,19,24,0.50203,40,103
194,24,18,0.755695,232,275
195,24,5,0.0368613,230,287
196,17,20,0.295828,184,232
197,19,21,0.686829,42,86
198,18,0,0.213231,40,98
199,19,12,0.0391272,234,286
200,22,24,0.426273,136,190
201,16,8,0.834557,232,282
202,12,19,0.0490079,230,282
203,22,21,0.494537,88,143
204,11,10,0.295362,186,250
205,11,13,0.332717,230,282
206,20,13,0.964174,38,80
207,19,21,0.705466,88,132
208,22,21,0.481318,40,95
209,19,12,0.0365276,138,190
210,13,22,0.0952684,90,133
211,2,4,0.970768,38,87
212,10,24,0.801406,230,281
213,3,6,0.0488288,38,91
214,11,19,0.33507,90,147
215,16,15,0.579035,134,201
216,11,3,0.893778,42,94
217,19,24,0.463111,182,245
218,14,3,0.756986,182,229
219,17,11,0.107367,42,100
220,17,10,0.596284,134,188
221,12,20,0.745007,134,190
222,13,11,0.00536067,186,239
223,18,13,0.0643882,90,133
224,24,19,0.866223,182,244
225,3,18,0.539135,86,149
226,13,16,0.0791432,88,145
227,14,15,0.978482,184,252
228,1,4,0.831322,40,82
229,10,16,0.100276,182,249
230,24,21,0.105187,86,140
231,11,10,0.25928,138,202
232,18,21,0.81261,184,231
233,24,18,0.124201,88,131
234,21,22,0.021649,88,143
235,19,23,0.719958,42,97
236,23,1,0.677451,86,139
237,18,4,0.748424,88,147
238,0,14,0.316621,182,239
239,10,19,0.440091,184,247
240,10,16,0.11597,86,153
241,21,14,0.00940372,230,276
242,22,20,0.483485,234,283
243,14,23,0.444436,40,97
244,4,10,0.0552356,184,252
245,23,15,0.218073,232,279
246,23,24,0.925507,230,275
247,14,10,0.179148,86,149
248,13,5,0.331906,182,228
249,17,20,0.294214,38,86
250,11,18,0.681834,184,243
251,1,2,0.932409,90,133
252,0,2,0.0998094,90,138
253,9,3,0.568222,40,96
254,15,20,0.0489921,40,98
255,13,16,0.0831329,134,191
256,22,6,0.323932,88,141
257,23,14,0.583929,184,243
258,12,1,0.598711,138,184
259,12,20,0.773467,138,194
260,10,13,0.0179579,136,187
261,2,4,0.00806081,136,185
262,22,8,0.265894,88,141
263,12,6,0.136484,42,97
264,14,23,0.455478,186,243
265,10,4,0.0165226,42,107
266,10,5,0.0236872,38,99
267,18,12,0.403794,136,199
268,3,23,0.55159,136,197
269,15,3,0.406473,138,212
270,11,0,0.947984,38,87
271,23,1,0.501925,40,93
272,8,3,0.734143,88,133
273,2,8,0.492099,138,190
274,0,13,0.386233,232,287
275,19,15,0.582269,42,108
276,21,22,0.0190513,184,239
277,11,1,0.317112,38,82
278,1,4,0.0666671,88,130
279,18,3,0.975138,186,251
280,0,4,0.0375324,88,135
281,23,16,0.208951,138,199
282,8,16,0.0116445,186,236
283,20,14,0.328253,186,248
284,18,5,0.0258313,86,139
285,0,6,0.122627,38,88
286,15,3,0.436033,40,114
287,4,19,0.00777513,42,97
288,17,24,0.605485,88,141
289,8,12,0.223106,134,184
290,15,2,0.0132743,40,107
291,0,23,0.0284045,138,197
292,15,13,0.970592,230,282
293,15,16,0.395163,88,156
294,23,24,0.274765,40,85
295,8,12,0.214443,42,92
296,17,11,0.110888,182,240
297,3,12,0.468094,38,79
298,13,22,0.999222,38,81
299,13,0,0.645894,42,96
300,16,18,0.158732,186,246
301,5,17,0.402738,134,186
302,21,11,0.053714,90,145
303,15,6,0.213939,138,202
304,0,4,0.0335957,134,181
305,22,5,0.437386,184,237
306,20,12,0.0181252,38,94
307,22,3,0.200291,184,232
308,15,14,0.513977,90,156
309,8,5,0.0380984,138,198
310,13,12,0.124267,40,103
311,16,8,0.998271,138,188
312,18,19,0.856178,138,193
313,4,14,0.474034,134,189
314,24,19,0.823759,86,148
315,4,23,0.0480971,138,198
316,16,20,0.230877,134,188
317,14,24,0.0371735,88,153
318,18,23,0.765424,42,82
319,14,0,0.645831,134,191
320,20,13,0.309544,88,130
321,0,2,0.0925584,232,280
322,4,10,0.0565097,138,206
323,0,6,0.108223,138,188
324,4,23,0.167579,90,150
325,19,16,0.102428,138,190
326,19,16,0.103698,42,94
327,20,2,0.229258,234,287
328,14,24,0.0342804,182,247
329,13,0,0.65306,184,238
330,3,18,0.513177,138,201
331,24,15,0.298356,234,274
332,23,11,0.235901,184,245
333,21,5,0.00454545,86,140
334,0,9,0.142178,86,139
335,2,3,0.360268,38,89
336,12,2,0.212444,40,93
337,23,14,0.392676,134,193
338,1,21,0.640114,186,233
339,21,1,0.276521,234,281
340,19,4,0.0705913,182,237
341,19,22,0.389149,90,147
342,17,5,0.217826,38,90
343,16,2,0.294453,134,185
344,15,10,0.908663,86,129
345,24,22,0.764698,230,284
346,23,18,0.544395,138,178
347,17,16,0.0750957,182,240
348,14,2,0.09715,88,147
349,18,24,0.962818,186,229
350,2,14,0.669685,184,243
351,0,12,0.270771,138,189
352,19,15,0.544944,40,106
353,0,14,0.30263,184,241
354,21,11,0.0528179,184,239
355,22,16,0.123289,134,186
356,2,21,0.00524484,136,190
357,23,10,0.595015,90,132
358,0,8,0.405702,184,234
359,21,17,0.397227,184,228
360,18,15,0.426277,232,278
361,1,20,0.258116,38,84
362,6,16,0.411949,42,95
363,23,1,0.582705,136,189
364,18,0,0.234147,138,196
365,3,6,0.997767,138,191
366,2,19,0.319767,186,242
367,5,20,0.325896,40,92
368,0,21,0.475297,182,234
369,23,3,0.968719,38,99
370,1,20,0.549001,90,136
371,15,21,0.240719,232,288
372,17,13,0.76145,86,128
373,3,14,0.187477,182,229
374,15,4,0.214938,186,252
375,14,0,0.571001,138,195
376,15,20,0.989951,182,240
377,12,22,0.194269,136,190
378,12,21,0.374694,232,287
379,2,23,0.0909702,90,151
380,15,20,0.0219592,134,192
381,23,10,0.629533,86,128
382,1,3,0.327317,138,182
383,23,5,0.863092,86,141
384,6,14,0.0168707,86,147
385,20,22,0.250034,184,233
386,16,0,0.754061,90,139
387,12,10,0.762494,86,158
388,1,14,0.543836,38,90
389,24,0,0.0500054,136,201
390,14,20,0.0883301,134,196
391,15,6,0.204491,88,152
392,24,18,0.0224112,90,133
393,19,20,0.35094,186,245
394,8,15,0.0448026,88,151
395,3,11,0.240007,184,236
396,18,10,0.598833,230,276
397,15,3,0.412152,186,260
398,20,13,0.930645,138,180
399,10,24,0.896872,136,187
400,2,22,0.198835,40,91
401,17,13,0.304272,136,178
402,22,11,0.438574,234,286
403,23,0,0.70571,182,240
404,16,0,0.680127,182,231
405,10,5,0.0244917,42,103
406,19,22,0.403142,186,243
407,3,21,0.407434,86,136
408,13,4,0.087995,234,282
409,1,12,0.0879317,184,230
410,8,4,0.0094431,42,93
411,0,17,0.219295,186,243
412,18,15,0.96826,134,180
413,23,13,0.996418,90,135
414,11,10,0.262849,134,198
415,18,4,0.809591,42,101
416,12,3,0.987685,88,129
417,4,15,0.244773,90,156
418,4,13,0.388808,136,192
419,12,14,0.0405368,234,286
420,22,17,0.291826,38,87
421,5,14,0.315471,86,153
422,10,6,0.0860095,186,249
423,20,8,0.246907,42,97
424,12,6,0.15445,134,189
425,8,2,0.0336956,136,188
426,19,9,0.186466,40,101
427,14,21,0.811524,184,230
428,14,11,0.81599,138,198
429,21,23,0.322213,90,137
430,4,10,0.0567743,88,156
431,15,10,0.556008,184,227
432,10,23,0.0497543,40,82
433,23,13,0.896329,136,181
434,23,17,0.297182,138,179
435,23,6,0.64786,38,95
436,10,6,0.0956133,86,149
437,24,15,0.840581,40,80
438,16,0,0.816429,186,235
439,17,0,0.00889869,184,239
440,5,18,0.582951,234,287
441,3,5,0.919442,40,99
442,6,17,0.0494754,40,101
443,0,23,0.971212,42,101
444,1,6,0.912938,134,179
445,21,9,0.190867,88,147
446,19,8,0.39627,232,281
447,24,11,0.760264,88,152
448,16,9,0.254598,138,194
449,13,20,0.30551,230,272
450,0,3,0.364046,40,89
451,13,1,0.258276,234,283
452,24,15,0.0207921,182,222
453,16,9,0.252425,42,98
454,22,8,0.19506,234,287
455,1,23,0.00256162,88,142
456,22,4,0.0315702,182,232
457,12,11,0.191482,40,94
458,20,19,0.421116,184,243
459,6,18,0.0308546,134,197
460,1,8,0.418112,136,181
461,20,15,0.480837,134,190
462,20,22,0.257208,232,281
463,1,11,0.236842,182,226
464,23,17,0.190332,134,175
465,13,16,0.090751,40,97
466,19,15,0.48321,86,152
467,14,8,0.349269,136,192
468,18,1,0.916015,88,141
469,22,24,0.403533,88,142
470,4,13,0.339297,232,288
471,12,22,0.201417,138,192
472,13,22,0.991322,86,129
473,24,19,0.833646,138,200
474,3,0,0.529407,184,233
475,11,24,0.112568,184,247
476,24,14,0.169325,182,246
477,19,13,0.479247,90,142
478,19,15,0.563555,136,202
479,16,4,0.899952,230,279
480,2,22,0.204204,182,233
481,14,11,0.773718,38,98
482,10,19,0.450196,182,245
483,5,22,0.317458,38,97
484,3,24,0.882011,182,249
485,11,19,0.335561,184,241
486,15,20,0.109077,186,244
487,20,2,0.248762,42,95
488,11,1,0.0560361,88,132
489,3,15,0.355857,42,112
490,19,11,0.66,136,193
491,15,13,0.393711,232,284
492,13,6,0.818029,88,136
493,18,12,0.389684,138,201
494,18,8,0.466199,182,234
495,6,14,0.0170263,134,195
496,3,21,0.366434,40,90
497,2,8,0.454721,134,186
498,15,13,0.608901,90,142
499,17,19,0.69104,38,90
500,3,8,0.259225,40,85
501,23,11,0.319521,138,199
502,21,17,0.357844,40,84
503,21,11,0.0527912,86,141
504,1,8,0.236934,186,231
505,11,13,0.452647,38,90
506,20,0,0.0576593,90,141
507,21,22,0.0194329,232,287
508,23,21,0.660462,38,87
509,13,12,0.127691,90,153
510,2,19,0.284855,184,240
511,22,8,0.416185,42,95
512,15,3,0.405942,42,116
513,15,6,0.210714,86,150
514,11,15,0.00270522,184,250
515,13,10,0.566706,136,184
516,13,16,0.0869583,230,287
517,2,20,0.916467,186,239
518,3,12,0.818777,182,223
519,11,0,0.961327,136,185
520,20,16,0.0142073,38,92
521,18,5,0.0680001,136,189
522,2,13,0.120493,182,239
523,12,1,0.936172,90,136
524,5,19,0.136375,86,148
525,17,19,0.752269,182,234
526,19,15,0.482699,90,156
527,4,10,0.0495469,40,108
528,19,12,0.0361538,88,140
529,18,20,0.059663,90,139
530,20,15,0.448982,136,192
531,4,10,0.0545825,136,204
532,8,19,0.0974284,90,139
533,18,21,0.757248,88,135
534,17,13,0.580919,138,180
535,3,22,0.378928,90,139
536,11,10,0.308813,182,246
537,11,17,0.330049,86,144
538,22,23,0.600839,186,238
539,23,13,0.76106,88,133
540,21,3,0.327039,184,233
541,4,13,0.36232,42,98
542,6,16,0.378479,86,139
543,4,12,0.194416,230,279
544,19,4,0.0724855,86,141
545,13,4,0.0776181,232,280
546,23,9,0.60679,86,151
547,19,5,0.506939,134,198
548,3,13,0.437869,88,144
549,23,10,0.427765,42,84
