NODES,25
INDEX,Name,X-coordinate,Y-coordinate
0,0,-,-
1,1,-,-
2,2,-,-
3,3,-,-
4,4,-,-
5,5,-,-
6,6,-,-
7,7,-,-
8,8,-,-
9,9,-,-
10,10,-,-
11,11,-,-
12,12,-,-
13,13,-,-
14,14,-,-
15,15,-,-
16,16,-,-
17,17,-,-
18,18,-,-
19,19,-,-
20,20,-,-
21,21,-,-
22,22,-,-
23,23,-,-
24,24,-,-
ARCS,529
Index,Origin,Destination,Variable Cost,Fixed Cost,Capacity,Travel time
0,0,1,0,117.8,1,5
1,1,0,0,117.8,1,5
2,1,2,0,234.05,1,7
3,1,3,0,260.4,1,8
4,1,4,0,175.15,1,6
5,1,5,0,486.7,1,15
6,1,6,0,323.95,1,9
7,1,8,0,323.95,1,9
8,1,9,0,447.95,1,12
9,1,10,0,883.5,1,26
10,1,11,0,255.75,1,8
11,1,12,0,387.5,1,10
12,1,13,0,489.8,1,14
13,1,14,0,525.45,1,16
14,1,15,0,1002.85,1,24
15,1,16,0,252.65,1,8
16,1,17,0,545.6,1,16
17,1,18,0,680.45,1,18
18,1,19,0,503.75,1,13
19,1,20,0,358.05,1,10
20,1,21,0,409.2,1,11
21,1,22,0,266.6,1,8
22,1,23,0,699.05,1,18
23,1,24,0,903.65,1,24
24,2,1,0,234.05,1,7
25,3,1,0,260.4,1,8
26,3,4,0,230.95,1,8
27,3,8,0,311.55,1,9
28,3,12,0,144.15,1,5
29,3,13,0,661.85,1,20
30,3,14,0,418.5,1,11
31,3,16,0,151.9,1,5
32,3,19,0,396.8,1,11
33,3,21,0,469.65,1,14
34,3,22,0,429.35,1,13
35,4,1,0,175.15,1,6
36,4,3,0,230.95,1,8
37,5,1,0,486.7,1,15
38,5,13,0,367.35,1,10
39,6,1,0,323.95,1,9
40,6,13,0,430.9,1,11
41,7,1,0,103.85,1,4
42,8,1,0,323.95,1,9
43,8,3,0,311.55,1,9
44,8,13,0,415.4,1,11
45,8,16,0,161.2,1,6
46,8,21,0,158.1,1,5
47,9,1,0,447.95,1,12
48,10,1,0,891.25,1,23
49,10,23,0,192.2,1,6
50,11,1,0,255.75,1,8
51,11,13,0,592.1,1,16
52,12,1,0,387.5,1,10
53,12,3,0,144.15,1,5
54,13,1,0,489.8,1,13
55,13,3,0,669.6,1,22
56,13,5,0,367.35,1,10
57,13,6,0,430.9,1,12
58,13,10,0,483.6,1,12
59,13,11,0,596.75,1,17
60,13,15,0,553.35,1,14
61,13,17,0,176.7,1,6
62,13,18,0,248,1,7
63,13,19,0,573.5,1,16
64,13,20,0,198.4,1,6
65,13,21,0,275.9,1,8
66,13,22,0,232.5,1,7
67,13,23,0,323.95,1,9
68,13,24,0,449.5,1,11
69,14,1,0,525.45,1,16
70,14,3,0,418.5,1,11
71,14,19,0,111.6,1,4
72,14,21,0,384.4,1,10
73,15,1,0,1002.85,1,24
74,15,13,0,553.35,1,16
75,15,18,0,350.3,1,10
76,15,21,0,747.1,1,20
77,15,23,0,412.3,1,11
78,16,1,0,252.65,1,8
79,16,3,0,151.9,1,5
80,16,8,0,161.2,1,6
81,16,13,0,581.25,1,17
82,16,21,0,305.35,1,9
83,17,1,0,544.05,1,14
84,17,13,0,176.7,1,6
85,17,18,0,127.1,1,5
86,17,21,0,292.95,1,8
87,18,1,0,666.5,1,17
88,18,10,0,308.45,1,10
89,18,13,0,248,1,7
90,18,15,0,350.3,1,10
91,18,17,0,127.1,1,5
92,18,19,0,719.2,1,19
93,18,21,0,421.6,1,11
94,18,22,0,421.6,1,13
95,18,23,0,116.25,1,4
96,18,24,0,237.15,1,7
97,19,1,0,503.75,1,13
98,19,3,0,396.8,1,11
99,19,8,0,240.25,1,7
100,19,14,0,111.6,1,4
101,19,21,0,297.6,1,8
102,20,1,0,358.05,1,10
103,20,13,0,198.4,1,6
104,20,23,0,522.35,1,15
105,21,1,0,409.2,1,11
106,21,3,0,458.8,1,13
107,21,8,0,158.1,1,5
108,21,13,0,275.9,1,8
109,21,14,0,384.4,1,10
110,21,15,0,829.25,1,22
111,21,17,0,292.95,1,8
112,21,18,0,420.05,1,13
113,21,19,0,297.6,1,8
114,21,23,0,440.2,1,11
115,22,1,0,266.6,1,8
116,22,3,0,429.35,1,12
117,22,13,0,232.5,1,7
118,23,1,0,699.05,1,17
119,23,10,0,192.2,1,6
120,23,13,0,323.95,1,9
121,23,15,0,412.3,1,11
122,23,17,0,153.45,1,5
123,23,18,0,116.25,1,4
124,23,21,0,446.4,1,13
125,23,24,0,305.35,1,9
126,24,1,0,903.65,1,24
127,24,13,0,449.5,1,11
128,24,18,0,237.15,1,7
129,24,23,0,305.35,1,9
130,0,2,0,161.2,1,6
131,0,3,0,353.4,1,10
132,0,4,0,285.2,1,9
133,0,5,0,474.3,1,13
134,0,6,0,246.45,1,8
135,0,8,0,427.8,1,12
136,0,9,0,379.75,1,11
137,0,10,0,931.55,1,25
138,0,11,0,158.1,1,5
139,0,12,0,401.45,1,11
140,0,14,0,632.4,1,17
141,0,15,0,1063.3,1,28
142,0,16,0,367.35,1,11
143,0,17,0,596.75,1,16
144,0,18,0,717.65,1,19
145,0,19,0,615.35,1,17
146,0,20,0,361.15,1,10
147,0,21,0,444.85,1,13
148,0,22,0,297.6,1,9
149,0,23,0,739.35,1,20
150,0,24,0,957.9,1,25
151,1,7,0,103.85,1,4
152,2,0,0,161.2,1,6
153,2,3,0,480.5,1,13
154,2,4,0,409.2,1,12
155,2,5,0,257.3,1,8
156,2,6,0,110.05,1,4
157,2,8,0,412.3,1,12
158,2,9,0,229.4,1,7
159,2,10,0,872.65,1,23
160,2,11,0,182.9,1,6
161,2,12,0,582.8,1,16
162,2,13,0,390.6,1,11
163,2,14,0,790.5,1,21
164,2,15,0,940.85,1,25
165,2,16,0,475.85,1,13
166,2,17,0,568.85,1,16
167,2,18,0,638.6,1,17
168,2,19,0,643.25,1,17
169,2,20,0,207.7,1,7
170,2,21,0,424.7,1,12
171,2,22,0,308.45,1,9
172,2,23,0,716.1,1,19
173,2,24,0,847.85,1,23
174,3,0,0,353.4,1,10
175,3,2,0,480.5,1,13
176,3,6,0,554.9,1,15
177,3,9,0,685.1,1,18
178,3,10,0,995.1,1,26
179,3,11,0,477.4,1,13
180,3,15,0,1224.5,1,32
181,3,17,0,764.15,1,20
182,3,18,0,833.9,1,22
183,3,20,0,620,1,17
184,3,23,0,888.15,1,23
185,3,24,0,1108.25,1,29
186,4,0,0,285.2,1,9
187,4,2,0,409.2,1,12
188,4,6,0,494.45,1,14
189,4,7,0,75.95,1,3
190,4,8,0,142.6,1,5
191,4,9,0,624.65,1,17
192,4,10,0,838.55,1,22
193,4,11,0,406.1,1,12
194,4,12,0,331.7,1,9
195,4,13,0,427.8,1,12
196,4,14,0,410.75,1,12
197,4,15,0,970.3,1,26
198,4,16,0,147.25,1,5
199,4,17,0,503.75,1,14
200,4,18,0,624.65,1,17
201,4,19,0,390.6,1,11
202,4,20,0,413.85,1,12
203,4,21,0,263.5,1,8
204,4,22,0,204.6,1,7
205,4,23,0,646.35,1,18
206,4,24,0,861.8,1,23
207,5,0,0,474.3,1,13
208,5,2,0,257.3,1,8
209,5,6,0,161.2,1,5
210,5,9,0,198.4,1,6
211,5,11,0,320.85,1,9
212,5,18,0,660.3,1,16
213,5,20,0,178.25,1,6
214,5,23,0,720.75,1,19
215,6,0,0,246.45,1,8
216,6,2,0,110.05,1,4
217,6,3,0,554.9,1,15
218,6,4,0,494.45,1,14
219,6,5,0,161.2,1,5
220,6,8,0,637.05,1,17
221,6,9,0,141.05,1,5
222,6,10,0,939.3,1,25
223,6,11,0,165.85,1,5
224,6,12,0,623.1,1,17
225,6,14,0,840.1,1,22
226,6,15,0,982.7,1,26
227,6,16,0,576.6,1,16
228,6,17,0,615.35,1,17
229,6,18,0,685.1,1,18
230,6,19,0,824.6,1,22
231,6,20,0,243.35,1,7
232,6,21,0,593.65,1,16
233,6,22,0,446.4,1,13
234,6,23,0,761.05,1,20
235,6,24,0,877.3,1,23
236,7,3,0,246.45,1,8
237,7,4,0,75.95,1,3
238,8,0,0,427.8,1,12
239,8,2,0,412.3,1,12
240,8,4,0,142.6,1,5
241,8,6,0,637.05,1,17
242,8,9,0,767.25,1,21
243,8,10,0,714.55,1,19
244,8,11,0,545.6,1,15
245,8,12,0,460.35,1,13
246,8,14,0,328.6,1,10
247,8,15,0,883.5,1,23
248,8,17,0,427.8,1,12
249,8,18,0,542.5,1,15
250,8,19,0,240.25,1,7
251,8,20,0,444.85,1,13
252,8,22,0,203.05,1,7
253,8,23,0,536.3,1,15
254,8,24,0,801.35,1,21
255,9,0,0,379.75,1,11
256,9,2,0,229.4,1,7
257,9,3,0,685.1,1,18
258,9,4,0,624.65,1,17
259,9,5,0,198.4,1,6
260,9,6,0,141.05,1,5
261,9,8,0,767.25,1,21
262,9,10,0,1069.5,1,28
263,9,11,0,297.6,1,8
264,9,12,0,753.3,1,20
265,9,13,0,469.65,1,12
266,9,14,0,652.55,1,18
267,9,15,0,1112.9,1,29
268,9,16,0,706.8,1,19
269,9,17,0,646.35,1,18
270,9,18,0,711.45,1,18
271,9,19,0,954.8,1,25
272,9,20,0,279,1,8
273,9,21,0,723.85,1,19
274,9,22,0,576.6,1,16
275,9,23,0,891.25,1,24
276,9,24,0,1019.9,1,27
277,10,0,0,931.55,1,25
278,10,2,0,872.65,1,23
279,10,3,0,995.1,1,26
280,10,4,0,838.55,1,22
281,10,6,0,939.3,1,25
282,10,8,0,714.55,1,19
283,10,9,0,1069.5,1,28
284,10,11,0,1133.05,1,30
285,10,12,0,1086.55,1,28
286,10,13,0,483.6,1,12
287,10,14,0,970.3,1,26
288,10,15,0,224.75,1,7
289,10,16,0,872.65,1,23
290,10,17,0,334.8,1,9
291,10,18,0,306.9,1,9
292,10,19,0,909.85,1,24
293,10,20,0,714.55,1,19
294,10,21,0,623.1,1,16
295,10,22,0,623.1,1,17
296,10,24,0,286.75,1,8
297,11,0,0,158.1,1,5
298,11,2,0,182.9,1,6
299,11,3,0,477.4,1,13
300,11,4,0,406.1,1,12
301,11,5,0,320.85,1,9
302,11,6,0,165.85,1,5
303,11,8,0,545.6,1,15
304,11,9,0,297.6,1,9
305,11,10,0,1133.05,1,30
306,11,12,0,523.9,1,14
307,11,14,0,770.35,1,21
308,11,15,0,1112.9,1,29
309,11,16,0,488.25,1,14
310,11,17,0,798.25,1,21
311,11,18,0,832.35,1,21
312,11,19,0,748.65,1,20
313,11,20,0,406.1,1,11
314,11,21,0,649.45,1,18
315,11,22,0,499.1,1,14
316,11,23,0,852.5,1,23
317,11,24,0,1021.45,1,27
318,12,0,0,401.45,1,11
319,12,2,0,582.8,1,16
320,12,4,0,331.7,1,10
321,12,6,0,623.1,1,17
322,12,8,0,460.35,1,13
323,12,9,0,753.3,1,20
324,12,10,0,1086.55,1,28
325,12,11,0,523.9,1,14
326,12,13,0,776.55,1,20
327,12,14,0,550.25,1,15
328,12,15,0,1233.8,1,32
329,12,16,0,296.05,1,9
330,12,17,0,776.55,1,21
331,12,18,0,1038.5,1,27
332,12,19,0,523.9,1,14
333,12,20,0,637.05,1,17
334,12,21,0,554.9,1,15
335,12,22,0,556.45,1,15
336,12,23,0,919.15,1,24
337,12,24,0,1137.7,1,30
338,13,2,0,390.6,1,11
339,13,4,0,427.8,1,12
340,13,8,0,415.4,1,11
341,13,9,0,469.65,1,12
342,13,14,0,655.65,1,17
343,13,16,0,530.1,1,14
344,14,0,0,632.4,1,17
345,14,2,0,790.5,1,21
346,14,4,0,410.75,1,12
347,14,6,0,840.1,1,22
348,14,8,0,328.6,1,10
349,14,9,0,652.55,1,18
350,14,10,0,970.3,1,26
351,14,11,0,770.35,1,21
352,14,12,0,550.25,1,15
353,14,13,0,655.65,1,17
354,14,15,0,1106.7,1,28
355,14,16,0,272.8,1,8
356,14,17,0,671.15,1,18
357,14,18,0,798.25,1,20
358,14,20,0,852.5,1,23
359,14,22,0,527,1,15
360,14,23,0,818.4,1,20
361,14,24,0,995.1,1,26
362,15,0,0,1063.3,1,28
363,15,2,0,940.85,1,25
364,15,3,0,1224.5,1,32
365,15,4,0,970.3,1,26
366,15,6,0,982.7,1,26
367,15,8,0,883.5,1,23
368,15,9,0,1112.9,1,29
369,15,10,0,224.75,1,7
370,15,11,0,1112.9,1,29
371,15,12,0,1233.8,1,32
372,15,14,0,1106.7,1,28
373,15,16,0,1027.65,1,27
374,15,17,0,454.15,1,12
375,15,19,0,1023,1,27
376,15,20,0,757.95,1,19
377,15,22,0,733.15,1,19
378,15,24,0,110.05,1,4
379,16,0,0,367.35,1,11
380,16,2,0,475.85,1,13
381,16,4,0,147.25,1,5
382,16,6,0,576.6,1,16
383,16,7,0,155,1,5
384,16,9,0,706.8,1,19
385,16,10,0,872.65,1,23
386,16,11,0,488.25,1,14
387,16,12,0,296.05,1,8
388,16,14,0,272.8,1,8
389,16,15,0,1027.65,1,27
390,16,17,0,570.4,1,16
391,16,18,0,686.65,1,19
392,16,19,0,251.1,1,7
393,16,20,0,525.45,1,15
394,16,22,0,302.25,1,9
395,16,23,0,692.85,1,19
396,16,24,0,951.7,1,25
397,17,0,0,596.75,1,16
398,17,2,0,568.85,1,16
399,17,3,0,764.15,1,20
400,17,4,0,503.75,1,14
401,17,5,0,530.1,1,14
402,17,6,0,615.35,1,17
403,17,8,0,427.8,1,12
404,17,9,0,649.45,1,18
405,17,10,0,334.8,1,10
406,17,11,0,798.25,1,21
407,17,12,0,776.55,1,21
408,17,14,0,671.15,1,17
409,17,15,0,454.15,1,12
410,17,16,0,570.4,1,16
411,17,19,0,581.25,1,16
412,17,20,0,373.55,1,10
413,17,22,0,294.5,1,8
414,17,23,0,153.45,1,5
415,17,24,0,362.7,1,10
416,18,0,0,719.2,1,19
417,18,2,0,638.6,1,17
418,18,3,0,833.9,1,22
419,18,4,0,624.65,1,17
420,18,5,0,660.3,1,16
421,18,6,0,685.1,1,18
422,18,8,0,542.5,1,15
423,18,9,0,711.45,1,18
424,18,11,0,832.35,1,21
425,18,12,0,1038.5,1,27
426,18,14,0,798.25,1,21
427,18,16,0,686.65,1,19
428,18,20,0,438.65,1,12
429,19,0,0,615.35,1,17
430,19,2,0,643.25,1,17
431,19,4,0,390.6,1,11
432,19,6,0,824.6,1,22
433,19,9,0,954.8,1,25
434,19,10,0,909.85,1,24
435,19,11,0,748.65,1,20
436,19,12,0,523.9,1,14
437,19,13,0,565.75,1,14
438,19,15,0,1023,1,27
439,19,16,0,251.1,1,7
440,19,17,0,581.25,1,16
441,19,18,0,709.9,1,18
442,19,20,0,764.15,1,20
443,19,22,0,437.1,1,12
444,19,23,0,728.5,1,18
445,19,24,0,942.4,1,25
446,20,0,0,361.15,1,10
447,20,2,0,207.7,1,7
448,20,3,0,620,1,17
449,20,4,0,413.85,1,12
450,20,5,0,178.25,1,6
451,20,6,0,243.35,1,7
452,20,8,0,444.85,1,13
453,20,9,0,279,1,8
454,20,10,0,714.55,1,19
455,20,11,0,406.1,1,11
456,20,12,0,637.05,1,17
457,20,14,0,878.85,1,23
458,20,15,0,757.95,1,19
459,20,16,0,525.45,1,15
460,20,17,0,373.55,1,11
461,20,18,0,438.65,1,12
462,20,19,0,764.15,1,20
463,20,21,0,466.55,1,13
464,20,22,0,272.8,1,8
465,20,24,0,641.7,1,17
466,21,0,0,444.85,1,13
467,21,2,0,424.7,1,12
468,21,4,0,263.5,1,8
469,21,6,0,593.65,1,16
470,21,9,0,723.85,1,19
471,21,10,0,623.1,1,16
472,21,11,0,646.35,1,18
473,21,12,0,554.9,1,15
474,21,16,0,305.35,1,9
475,21,20,0,466.55,1,13
476,21,22,0,142.6,1,5
477,21,24,0,651,1,18
478,22,0,0,297.6,1,9
479,22,2,0,308.45,1,10
480,22,4,0,204.6,1,7
481,22,6,0,446.4,1,13
482,22,8,0,203.05,1,6
483,22,9,0,576.6,1,16
484,22,10,0,623.1,1,17
485,22,11,0,499.1,1,14
486,22,12,0,556.45,1,15
487,22,14,0,527,1,15
488,22,15,0,733.15,1,19
489,22,16,0,302.25,1,9
490,22,17,0,294.5,1,8
491,22,18,0,404.55,1,10
492,22,19,0,437.1,1,12
493,22,20,0,272.8,1,9
494,22,21,0,142.6,1,5
495,22,23,0,432.45,1,11
496,22,24,0,643.25,1,17
497,23,0,0,739.35,1,20
498,23,2,0,716.1,1,19
499,23,3,0,888.15,1,23
500,23,4,0,646.35,1,18
501,23,6,0,761.05,1,20
502,23,8,0,536.3,1,15
503,23,9,0,891.25,1,24
504,23,11,0,852.5,1,23
505,23,12,0,919.15,1,24
506,23,14,0,818.4,1,20
507,23,16,0,692.85,1,19
508,23,19,0,728.5,1,18
509,23,20,0,522.35,1,14
510,23,22,0,432.45,1,11
511,24,0,0,957.9,1,25
512,24,2,0,847.85,1,23
513,24,3,0,1108.25,1,29
514,24,4,0,861.8,1,23
515,24,6,0,877.3,1,23
516,24,8,0,801.35,1,21
517,24,9,0,1019.9,1,27
518,24,10,0,286.75,1,8
519,24,11,0,1021.45,1,27
520,24,12,0,1137.7,1,30
521,24,14,0,995.1,1,26
522,24,15,0,110.05,1,4
523,24,16,0,951.7,1,25
524,24,17,0,362.7,1,10
525,24,19,0,942.4,1,25
526,24,20,0,641.7,1,17
527,24,21,0,651,1,16
528,24,22,0,643.25,1,17
PATHS,600
Index,Shipment origin,Shipment destination,1st terminal on path,2nd terminal on path,.....,6th terminal on path
0,0,1,0,1
1,0,2,0,1,2
2,0,3,0,1,3
3,0,4,0,1,4
4,0,5,0,1,5
5,0,6,0,1,6
6,0,7,0,1,7
7,0,8,0,1,8
8,0,9,0,1,9
9,0,10,0,1,10
10,0,11,0,1,11
11,0,12,0,1,12
12,0,13,0,1,13
13,0,14,0,1,14
14,0,15,0,1,15
15,0,16,0,1,16
16,0,17,0,1,17
17,0,18,0,1,18
18,0,19,0,1,19
19,0,20,0,1,20
20,0,21,0,1,21
21,0,22,0,1,22
22,0,23,0,1,23
23,0,24,0,1,24
24,1,0,1,0
25,1,2,1,2
26,1,3,1,3
27,1,4,1,4
28,1,5,1,5
29,1,6,1,6
30,1,7,1,7
31,1,8,1,8
32,1,9,1,9
33,1,10,1,10
34,1,11,1,11
35,1,12,1,12
36,1,13,1,13
37,1,14,1,14
38,1,15,1,15
39,1,16,1,16
40,1,17,1,17
41,1,18,1,18
42,1,19,1,19
43,1,20,1,20
44,1,21,1,21
45,1,22,1,22
46,1,23,1,23
47,1,24,1,24
48,2,0,2,1,0
49,2,1,2,1
50,2,3,2,1,3
51,2,4,2,1,4
52,2,5,2,1,5
53,2,6,2,1,6
54,2,8,2,1,8
55,2,7,2,1,7
56,2,9,2,1,9
57,2,10,2,1,10
58,2,11,2,1,11
59,2,12,2,1,12
60,2,13,2,1,13
61,2,14,2,1,14
62,2,15,2,1,15
63,2,16,2,1,16
64,2,17,2,1,17
65,2,18,2,1,18
66,2,19,2,1,19
67,2,20,2,1,20
68,2,21,2,1,21
69,2,22,2,1,22
70,2,23,2,1,23
71,2,24,2,1,24
72,3,0,3,1,0
73,3,1,3,1
74,3,2,3,1,2
75,3,4,3,4
76,3,5,3,1,5
77,3,6,3,1,6
78,3,7,3,1,7
79,3,8,3,8
80,3,9,3,1,9
81,3,10,3,13,10
82,3,11,3,1,11
83,3,12,3,12
84,3,13,3,13
85,3,14,3,14
86,3,15,3,13,15
87,3,16,3,16
88,3,17,3,13,17
89,3,18,3,13,18
90,3,19,3,19
91,3,20,3,1,20
92,3,21,3,21
93,3,22,3,22
94,3,23,3,21,23
95,3,24,3,13,24
96,4,0,4,1,0
97,4,1,4,1
98,4,2,4,1,2
99,4,3,4,3
100,4,5,4,1,5
101,4,6,4,1,6
102,4,7,4,1,7
103,4,8,4,1,8
104,4,9,4,1,9
105,4,10,4,1,10
106,4,11,4,1,11
107,4,12,4,3,12
108,4,13,4,1,13
109,4,14,4,3,14
110,4,15,4,1,15
111,4,16,4,3,16
112,4,17,4,1,17
113,4,18,4,1,18
114,4,19,4,3,19
115,4,20,4,1,20
116,4,21,4,1,21
117,4,22,4,1,22
118,4,23,4,1,23
119,4,24,4,1,24
120,5,0,5,1,0
121,5,1,5,1
122,5,2,5,1,2
123,5,3,5,1,3
124,5,4,5,1,4
125,5,6,5,1,6
126,5,7,5,1,7
127,5,8,5,1,8
128,5,9,5,1,9
129,5,10,5,13,10
130,5,11,5,1,11
131,5,12,5,1,12
132,5,13,5,13
133,5,14,5,1,14
134,5,15,5,13,15
135,5,16,5,1,16
136,5,17,5,13,17
137,5,18,5,13,18
138,5,19,5,13,21,19
139,5,20,5,13,20
140,5,21,5,13,21
141,5,22,5,1,22
142,5,23,5,13,23
143,5,24,5,13,24
144,6,0,6,1,0
145,6,1,6,1
146,6,2,6,1,2
147,6,3,6,1,3
148,6,4,6,1,4
149,6,5,6,1,5
150,6,7,6,1,7
151,6,8,6,1,8
152,6,9,6,1,9
153,6,10,6,1,10
154,6,11,6,1,11
155,6,12,6,1,12
156,6,13,6,1,13
157,6,14,6,1,14
158,6,15,6,1,15
159,6,16,6,1,16
160,6,17,6,1,17
161,6,18,6,1,18
162,6,19,6,1,19
163,6,20,6,1,20
164,6,21,6,1,21
165,6,22,6,1,22
166,6,23,6,1,23
167,6,24,6,1,24
168,7,0,7,1,0
169,7,1,7,1
170,7,2,7,1,2
171,7,3,7,3
172,7,4,7,4
173,7,5,7,1,5
174,7,6,7,3,6
175,7,8,7,3,8
176,7,9,7,1,9
177,7,10,7,1,9
178,7,11,7,3,11
179,7,12,7,4,12
180,7,13,7,4,13
181,7,14,7,4,14
182,7,15,7,4,15
183,7,16,7,4,16
184,7,17,7,1,17
185,7,18,7,1,18
186,7,19,7,1,19
187,7,20,7,1,20
188,7,21,7,1,21
189,7,22,7,1,22
190,7,23,7,1,23
191,7,24,7,1,24
192,8,0,8,1,0
193,8,1,8,1
194,8,2,8,1,2
195,8,3,8,3
196,8,4,8,1,4
197,8,5,8,1,5
198,8,6,8,1,6
199,8,7,8,1,7
200,8,9,8,1,9
201,8,10,8,21,23,10
202,8,11,8,1,11
203,8,12,8,3,12
204,8,13,8,21,13
205,8,14,8,21,14
206,8,15,8,21,13,15
207,8,16,8,3,16
208,8,17,8,21,17
209,8,18,8,21,18
210,8,19,8,21,19
211,8,20,8,1,20
212,8,21,8,21
213,8,22,8,1,22
214,8,23,8,21,23
215,8,24,8,21,13,24
216,9,0,9,1,0
217,9,1,9,1
218,9,2,9,1,2
219,9,3,9,1,3
220,9,4,9,1,4
221,9,5,9,1,5
222,9,6,9,1,6
223,9,7,9,1,7
224,9,8,9,1,8
225,9,10,9,1,10
226,9,11,9,1,11
227,9,12,9,1,12
228,9,13,9,1,13
229,9,14,9,1,14
230,9,15,9,1,15
231,9,16,9,1,16
232,9,17,9,1,17
233,9,18,9,1,18
234,9,19,9,1,19
235,9,20,9,1,20
236,9,21,9,1,21
237,9,22,9,1,22
238,9,23,9,1,23
239,9,24,9,1,24
240,10,0,10,1,0
241,10,1,10,1
242,10,2,10,1,2
243,10,3,10,1,3
244,10,4,10,1,4
245,10,5,10,23,13,5
246,10,6,10,23,13,6
247,10,7,10,1,7
248,10,8,10,23,21,8
249,10,9,10,1,9
250,10,11,10,1,11
251,10,12,10,1,12
252,10,13,10,23,13
253,10,14,10,23,21,14
254,10,15,10,23,15
255,10,16,10,1,16
256,10,17,10,23,17
257,10,18,10,23,18
258,10,19,10,23,21,19
259,10,20,10,23,13,20
260,10,21,10,23,21
261,10,22,10,23,22
262,10,23,10,23
263,10,24,10,23,24
264,11,0,11,1,0
265,11,1,11,1
266,11,2,11,1,2
267,11,3,11,1,3
268,11,4,11,1,4
269,11,5,11,1,5
270,11,6,11,1,6
271,11,7,11,1,7
272,11,8,11,1,8
273,11,9,11,1,9
274,11,10,11,13,10
275,11,12,11,1,12
276,11,13,11,13
277,11,14,11,1,14
278,11,15,11,13,15
279,11,16,11,1,16
280,11,17,11,13,17
281,11,18,11,13,18
282,11,19,11,1,19
283,11,20,11,1,20
284,11,21,11,1,21
285,11,22,11,1,22
286,11,23,11,13,23
287,11,24,11,13,24
288,12,0,12,1,0
289,12,1,12,1
290,12,2,12,1,2
291,12,3,12,3
292,12,4,12,3,4
293,12,5,12,1,5
294,12,6,12,1,6
295,12,7,12,1,7
296,12,8,12,3,8
297,12,9,12,1,9
298,12,10,12,1,10
299,12,11,12,1,11
300,12,13,12,3,13
301,12,14,12,3,14
302,12,15,12,1,15
303,12,16,12,3,16
304,12,17,12,1,17
305,12,18,12,1,18
306,12,19,12,3,19
307,12,20,12,1,20
308,12,21,12,3,21
309,12,22,12,3,22
310,12,23,12,1,23
311,12,24,12,1,24
312,13,0,13,1,0
313,13,1,13,1
314,13,2,13,1,2
315,13,3,13,3
316,13,4,13,4
317,13,5,13,5
318,13,6,13,6
319,13,7,13,1,7
320,13,8,13,21,8
321,13,9,13,1,9
322,13,10,13,10
323,13,11,13,11
324,13,12,13,3,12
325,13,14,13,21,14
326,13,15,13,15
327,13,16,13,1,16
328,13,17,13,17
329,13,18,13,18
330,13,19,13,21,19
331,13,20,13,20
332,13,21,13,21
333,13,22,13,22
334,13,23,13,23
335,13,24,13,24
336,14,0,14,1,0
337,14,1,14,1
338,14,2,14,1,2
339,14,3,14,3
340,14,4,14,3,4
341,14,5,14,1,5
342,14,6,14,1,6
343,14,7,14,1,7
344,14,8,14,3,8
345,14,9,14,1,9
346,14,10,14,21,23,10
347,14,11,14,1,11
348,14,12,14,3,12
349,14,13,14,21,13
350,14,15,14,21,13,15
351,14,16,14,3,16
352,14,17,14,21,17
353,14,18,14,21,18
354,14,19,14,1,19
355,14,20,14,1,20
356,14,21,14,21
357,14,22,14,1,22
358,14,23,14,21,23
359,14,24,14,21,13,24
360,15,0,15,1,0
361,15,1,15,1
362,15,2,15,1,2
363,15,3,15,13,3
364,15,4,15,1,4
365,15,5,15,13,5
366,15,6,15,13,6
367,15,7,15,1,7
368,15,8,15,21,8
369,15,9,15,1,9
370,15,10,15,10
371,15,11,15,1,11
372,15,12,15,1,12
373,15,13,15,13
374,15,14,15,21,14
375,15,16,15,1,16
376,15,17,15,17
377,15,18,15,18
378,15,19,15,21,19
379,15,20,15,13,20
380,15,21,15,21
381,15,22,15,13,22
382,15,23,15,23
383,15,24,15,24
384,16,0,16,1,0
385,16,1,16,1
386,16,2,16,1,2
387,16,3,16,3
388,16,4,16,3,4
389,16,5,16,1,5
390,16,6,16,1,6
391,16,7,16,1,7
392,16,8,16,3,8
393,16,9,16,1,9
394,16,10,16,13,10
395,16,11,16,1,11
396,16,12,16,3,12
397,16,13,16,13
398,16,14,16,3,14
399,16,15,16,13,15
400,16,17,16,13,17
401,16,18,16,13,18
402,16,19,16,3,19
403,16,20,16,1,20
404,16,21,16,21
405,16,22,16,3,22
406,16,23,16,13,23
407,16,24,16,13,24
408,17,0,17,1,0
409,17,1,17,1
410,17,2,17,1,2
411,17,3,17,13,3
412,17,4,17,1,4
413,17,5,17,13,5
414,17,6,17,13,6
415,17,7,17,1,7
416,17,8,17,21,8
417,17,9,17,1,9
418,17,10,17,13,10
419,17,11,17,1,11
420,17,12,17,1,12
421,17,13,17,13
422,17,14,17,21,14
423,17,15,17,13,15
424,17,16,17,1,16
425,17,18,17,18
426,17,19,17,21,19
427,17,20,17,13,20
428,17,21,17,21
429,17,22,17,13,22
430,17,23,17,13,23
431,17,24,17,13,24
432,18,0,18,1,0
433,18,1,18,1
434,18,2,18,1,2
435,18,3,18,13,3
436,18,4,18,1,4
437,18,5,18,13,5
438,18,6,18,13,6
439,18,7,18,1,7
440,18,8,18,21,8
441,18,9,18,13,1,9
442,18,10,18,10
443,18,11,18,1,11
444,18,12,18,1,12
445,18,13,18,13
446,18,14,18,21,14
447,18,15,18,15
448,18,16,18,1,16
449,18,17,18,17
450,18,19,18,21,19
451,18,20,18,13,20
452,18,21,18,21
453,18,22,18,13,22
454,18,23,18,23
455,18,24,18,24
456,19,0,19,1,0
457,19,1,19,1
458,19,2,19,1,2
459,19,3,19,3
460,19,4,19,3,4
461,19,5,19,1,5
462,19,6,19,1,6
463,19,7,19,1,7
464,19,8,19,21,8
465,19,9,19,1,9
466,19,10,19,1,10
467,19,11,19,1,11
468,19,12,19,3,12
469,19,13,19,21,13
470,19,14,19,1,14
471,19,15,19,21,13,15
472,19,16,19,3,16
473,19,17,19,21,17
474,19,18,19,21,18
475,19,20,19,1,20
476,19,21,19,21
477,19,22,19,1,22
478,19,23,19,21,23
479,19,24,19,21,13,24
480,20,0,20,1,0
481,20,1,20,1
482,20,2,20,1,2
483,20,3,20,1,3
484,20,4,20,1,4
485,20,5,20,1,5
486,20,6,20,1,6
487,20,7,20,1,7
488,20,8,20,1,8
489,20,9,20,1,9
490,20,10,20,13,10
491,20,11,20,1,11
492,20,12,20,1,12
493,20,13,20,13
494,20,14,20,1,14
495,20,15,20,13,15
496,20,16,20,1,16
497,20,17,20,13,17
498,20,18,20,13,18
499,20,19,20,1,19
500,20,21,20,1,21
501,20,22,20,13,22
502,20,23,20,13,23
503,20,24,20,13,24
504,21,0,21,1,0
505,21,1,21,1
506,21,2,21,1,2
507,21,3,21,3
508,21,4,21,1,4
509,21,5,21,13,5
510,21,6,21,13,6
511,21,7,21,1,7
512,21,8,21,8
513,21,9,21,1,9
514,21,10,21,23,10
515,21,11,21,1,11
516,21,12,21,3,12
517,21,13,21,13
518,21,14,21,14
519,21,15,21,13,15
520,21,16,21,3,16
521,21,17,21,17
522,21,18,21,18
523,21,19,21,19
524,21,20,21,1,20
525,21,22,21,1,22
526,21,23,21,23
527,21,24,21,13,24
528,22,0,22,1,0
529,22,1,22,1
530,22,2,22,1,2
531,22,3,22,3
532,22,4,22,1,4
533,22,5,22,13,5
534,22,6,22,1,6
535,22,7,22,1,7
536,22,8,22,1,8
537,22,9,22,1,9
538,22,10,22,13,10
539,22,11,22,1,11
540,22,12,22,3,12
541,22,13,22,13
542,22,14,22,1,14
543,22,15,22,13,15
544,22,16,22,1,16
545,22,17,22,13,17
546,22,18,22,13,18
547,22,19,22,1,19
548,22,20,22,13,20
549,22,21,22,1,21
550,22,23,22,13,23
551,22,24,22,13,24
552,23,0,23,1,0
553,23,1,23,1
554,23,2,23,1,2
555,23,3,23,1,3
556,23,4,23,1,4
557,23,5,23,13,5
558,23,6,23,13,6
559,23,7,23,1,7
560,23,8,23,21,8
561,23,9,23,1,9
562,23,10,23,10
563,23,11,23,1,11
564,23,12,23,1,12
565,23,13,23,13
566,23,14,23,21,14
567,23,15,23,15
568,23,16,23,1,16
569,23,17,23,17
570,23,18,23,18
571,23,19,23,21,19
572,23,20,23,13,20
573,23,21,23,21
574,23,22,23,22
575,23,24,23,24
576,24,0,24,1,0
577,24,1,24,1
578,24,2,24,1,2
579,24,3,24,13,3
580,24,4,24,1,4
581,24,5,24,13,5
582,24,6,24,13,6
583,24,7,24,1,7
584,24,8,24,18,21,8
585,24,9,24,13,1,9
586,24,10,24,23,10
587,24,11,24,13,11
588,24,12,24,1,12
589,24,13,24,13
590,24,14,24,18,21,14
591,24,15,24,15
592,24,16,24,1,16
593,24,17,24,13,17
594,24,18,24,18
595,24,19,24,18,21,19
596,24,20,24,13,20
597,24,21,24,18,21
598,24,22,24,13,22
599,24,23,24,23
COMMODITIES,650
Index,Origin,Destination,Demand/Size,Earliest available time,Latest delivery time
0,22,13,0.819181,90,157
1,13,11,0.124342,138,215
2,21,23,0.351567,40,111
3,13,19,0.407461,138,214
4,10,14,0.115121,86,175
5,22,18,0.730638,184,258
6,1,17,0.925298,38,114
7,1,8,0.216774,138,207
8,14,3,0.247129,38,109
9,1,20,0.416175,38,108
10,16,1,0.629416,90,158
11,19,8,0.455031,88,161
12,23,18,0.902851,38,102
13,15,6,0.183666,38,126
14,23,5,0.923336,86,165
15,1,12,0.634669,86,156
16,14,10,0.182511,134,221
17,6,1,0.701756,86,155
18,4,18,0.371907,40,124
19,0,1,0.0575807,88,153
20,5,14,0.267857,38,129
21,4,24,0.287852,136,226
22,14,0,0.770953,138,219
23,20,14,0.352904,38,124
24,0,24,0.559725,42,131
25,3,11,0.454785,42,118
26,1,10,0.521906,90,176
27,5,13,0.280603,184,254
28,23,15,0.508318,182,253
29,18,20,0.780456,186,259
30,10,1,0.477594,88,171
31,14,5,0.340754,86,177
32,0,16,0.764218,86,159
33,23,21,0.773181,184,257
34,1,14,0.893045,90,166
35,13,4,0.0765972,184,256
36,14,13,0.84545,184,262
37,21,0,0.0927103,88,164
38,15,18,0.0776389,184,254
39,17,23,0.612936,134,209
40,1,12,0.756115,38,108
41,1,22,0.102755,134,202
42,16,12,0.182847,134,204
43,16,1,0.00857281,40,108
44,18,10,0.348238,38,108
45,18,10,0.966668,186,256
46,24,15,0.0434458,90,154
47,18,21,0.46686,182,253
48,13,19,0.683563,42,118
49,6,3,0.241582,186,263
50,6,16,0.416783,134,211
51,18,24,0.0371199,38,105
52,18,16,0.515749,136,221
53,13,15,0.279297,138,212
54,18,3,0.951727,182,271
55,1,22,0.656336,184,252
56,3,16,0.690928,138,203
57,21,3,0.209276,42,115
58,11,3,0.666547,38,114
59,15,22,0.725911,90,173
60,8,13,0.300153,86,159
61,0,9,0.130257,42,119
62,5,15,0.46935,86,170
63,23,8,0.878709,88,166
64,5,17,0.365192,138,214
65,23,5,0.963288,136,215
66,24,13,0.562992,184,255
67,21,9,0.198322,136,219
68,18,8,0.785486,182,258
69,18,15,0.171637,38,108
70,15,10,0.133074,186,253
71,14,2,0.0904971,40,123
72,22,18,0.819096,90,164
73,18,19,0.734898,90,169
74,0,5,0.19026,134,214
75,23,20,0.880803,136,211
76,3,12,0.605062,88,153
77,3,23,0.427882,182,267
78,1,2,0.955911,42,109
79,3,24,0.999787,138,229
80,18,20,0.804357,38,111
81,14,1,0.369968,186,262
82,4,1,0.727134,42,108
83,11,1,0.172796,88,156
84,22,19,0.132151,184,265
85,10,13,0.00363904,90,165
86,3,12,0.302282,182,247
87,18,0,0.2136,136,218
88,13,17,0.469094,90,156
89,15,1,0.518429,182,266
90,10,9,0.339072,138,233
91,1,10,0.795164,38,124
92,4,13,0.389463,136,216
93,1,9,0.433183,184,256
94,8,9,0.258044,38,119
95,11,14,0.441208,182,266
96,20,22,0.264424,38,111
97,22,3,0.169595,42,114
98,3,18,0.462021,88,175
99,16,1,0.724525,86,154
100,17,15,0.301547,88,168
101,21,17,0.377765,38,106
102,18,23,0.484801,90,154
103,0,19,0.251139,134,212
104,20,19,0.489377,40,123
105,1,15,0.387417,184,268
106,1,21,0.501787,42,113
107,22,2,0.621596,186,261
108,23,22,0.137223,138,209
109,22,0,0.198279,134,207
110,22,6,0.293163,38,115
111,13,0,0.580301,88,166
112,19,18,0.115657,42,123
113,11,3,0.710752,138,214
114,23,12,0.31868,90,177
115,13,18,0.195451,42,109
116,16,22,0.416699,186,264
117,15,3,0.385482,88,186
118,3,12,0.13881,184,249
119,17,1,0.808019,38,112
120,8,1,0.359532,86,155
121,6,16,0.389265,90,167
122,18,8,0.437295,38,114
123,13,6,0.849675,182,254
124,1,3,0.172595,86,154
125,21,8,0.521824,136,201
126,18,5,0.0465135,40,117
127,4,14,0.506217,184,263
128,13,19,0.680016,182,258
129,3,4,0.00468015,86,154
130,11,13,0.547492,86,162
131,23,8,0.797685,186,264
132,12,1,0.0124478,42,112
133,23,11,0.0387475,184,269
134,22,1,0.0582373,184,252
135,15,5,0.493968,186,272
136,3,20,0.0849416,88,166
137,3,20,0.0156545,86,164
138,10,8,0.26653,186,270
139,21,15,0.0745141,136,218
140,14,18,0.458147,42,125
141,17,18,0.222586,90,155
142,18,11,0.988917,42,127
143,21,13,0.836838,88,156
144,5,23,0.796563,40,119
145,18,21,0.572471,40,111
146,21,3,0.309606,38,111
147,21,1,0.103294,90,161
148,3,13,0.242384,88,168
149,13,10,0.663993,182,254
150,15,13,0.445148,138,214
151,13,22,0.0466876,138,205
152,13,24,0.0428351,182,253
153,20,14,0.36334,88,174
154,21,19,0.39548,138,206
155,1,4,0.189767,138,204
156,3,23,0.551414,86,171
157,10,18,0.409579,38,108
158,19,21,0.688498,182,250
159,20,10,0.432451,186,264
160,24,18,0.843982,42,109
161,2,4,0.980597,42,115
162,20,18,0.270832,136,209
163,3,10,0.0871585,88,180
164,23,10,0.36086,90,156
165,24,1,0.499515,184,268
166,12,13,0.175781,42,127
167,0,21,0.456726,182,258
168,19,24,0.446057,182,269
169,14,11,0.67224,86,170
170,16,1,0.22535,136,204
171,0,8,0.369732,90,164
172,4,18,0.394313,182,266
173,23,18,0.916868,182,246
174,17,1,0.284841,184,258
175,15,10,0.115423,182,249
176,23,11,0.373633,138,223
177,1,11,0.816821,38,106
178,23,8,0.115291,136,214
179,19,22,0.285827,86,167
180,14,8,0.273735,184,264
181,10,13,0.00562249,42,117
182,15,20,0.117944,40,122
183,20,14,0.35459,182,268
184,23,24,0.739015,134,203
185,12,23,0.0704229,90,178
186,1,5,0.866233,86,161
187,2,15,0.259459,90,181
188,16,19,0.662492,86,162
189,23,5,0.840271,88,167
190,17,23,0.278932,138,213
191,11,10,0.262926,40,128
192,20,13,0.234886,88,154
193,18,16,0.483548,88,173
194,14,16,0.173844,88,164
195,1,17,0.738541,86,162
196,1,8,0.883571,42,111
197,23,14,0.599401,184,267
198,9,1,0.553765,136,208
199,9,3,0.710143,186,266
200,13,11,0.181565,134,211
201,13,15,0.346415,88,162
202,8,1,0.397744,134,203
203,11,23,0.171057,134,219
204,15,24,0.877399,42,106
205,5,18,0.591344,38,115
206,1,23,0.248391,90,168
207,9,16,0.925573,184,264
208,19,18,0.234051,136,217
209,1,0,0.716674,40,105
210,22,8,0.34307,88,165
211,5,15,0.462623,88,172
212,15,13,0.514568,90,166
213,13,22,0.100568,86,153
214,11,16,0.380819,186,262
215,21,1,0.327997,38,109
216,15,1,0.168986,90,174
217,4,3,0.977828,38,106
218,24,5,0.0349639,134,215
219,1,0,0.69599,184,249
220,18,12,0.383219,38,125
221,17,10,0.514113,90,168
222,5,22,0.308578,90,173
223,16,5,0.149549,38,121
224,11,1,0.628855,40,108
225,10,1,0.137237,182,265
226,21,8,0.521757,90,155
227,11,16,0.372272,38,114
228,5,23,0.822363,182,261
229,5,18,0.599296,86,163
230,18,13,0.173168,86,153
231,20,19,0.491035,38,121
232,23,14,0.656475,90,173
233,17,9,0.311367,86,172
234,11,18,0.241392,134,217
235,12,10,0.707233,38,134
236,15,24,0.701906,138,202
237,15,18,0.641681,182,252
238,3,8,0.724184,40,109
239,1,24,0.927876,42,126
240,3,8,0.0320476,138,207
241,23,12,0.325549,88,175
242,0,21,0.479385,184,260
243,20,18,0.279081,88,161
244,16,19,0.625003,88,164
245,18,24,0.830302,136,203
246,15,10,0.00937184,138,205
247,1,5,0.494329,38,113
248,2,17,0.11287,88,171
249,15,21,0.119711,90,170
250,13,23,0.971368,184,253
251,23,2,0.095188,136,220
252,12,2,0.184087,184,261
253,1,3,0.130608,184,252
254,1,16,0.116855,184,252
255,16,3,0.0375881,186,251
256,22,2,0.694652,184,259
257,10,13,0.882529,182,257
258,24,6,0.391192,38,121
259,5,13,0.407906,86,156
260,1,13,0.579528,42,116
261,23,10,0.944758,136,202
262,5,23,0.817437,86,165
263,24,6,0.424025,86,169
264,13,10,0.859275,40,112
265,1,22,0.465161,182,250
266,23,6,0.682737,134,215
267,18,21,0.0489417,186,257
268,10,6,0.0931279,184,271
269,20,13,0.980594,138,204
270,19,5,0.484302,88,176
271,5,13,0.442548,134,204
272,24,10,0.990898,186,261
273,3,23,0.542132,134,219
274,8,12,0.2431,86,160
275,4,15,0.26062,186,276
276,3,11,0.329794,38,114
277,3,16,0.442996,182,247
278,1,2,0.401036,40,107
279,15,19,0.714312,182,270
280,19,15,0.507242,182,272
281,24,18,0.920722,184,251
282,22,21,0.526703,42,121
283,12,2,0.286763,88,165
284,23,11,0.281259,90,175
285,1,14,0.7069,40,116
286,1,22,0.268693,186,254
287,3,2,0.901863,42,117
288,1,23,0.0841122,184,262
289,13,3,0.661554,86,168
290,5,20,0.316537,134,210
291,18,22,0.951895,186,260
292,15,17,0.333997,86,158
293,8,5,0.0366358,86,170
294,17,13,0.747518,42,108
295,15,20,0.0606539,86,168
296,10,23,0.423258,86,152
297,23,8,0.330558,184,262
298,17,1,0.407302,186,260
299,24,23,0.247696,182,251
300,18,21,0.986803,86,157
301,16,4,0.78599,186,259
302,1,20,0.731998,40,110
303,18,23,0.812035,184,248
304,13,11,0.122086,90,167
305,3,22,0.654148,138,211
306,13,10,0.618062,90,162
307,13,17,0.621926,184,250
308,1,13,0.7672,134,208
309,17,13,0.394971,88,154
310,15,21,0.224015,182,262
311,10,13,0.956531,88,163
312,6,17,0.0566034,40,125
313,23,8,0.159763,90,168
314,18,4,0.738444,40,123
315,20,22,0.268295,186,259
316,4,23,0.0255957,182,266
317,16,1,0.86953,42,110
318,18,14,0.306151,134,215
319,21,17,0.351359,136,204
320,21,0,0.0841829,40,116
321,19,15,0.551272,38,128
322,11,24,0.0508741,182,269
323,1,19,0.430572,134,207
324,1,20,0.40843,42,112
325,2,1,0.836147,186,253
326,2,4,0.917247,40,113
327,15,12,0.920961,40,134
328,23,16,0.225684,90,175
329,0,23,0.992422,182,265
330,0,15,0.440248,88,177
331,3,13,0.399734,134,214
332,19,1,0.554334,88,161
333,17,13,0.301315,86,152
334,3,8,0.931566,90,159
335,13,1,0.801562,86,159
336,1,4,0.608205,186,252
337,17,23,0.899421,186,261
338,1,5,0.744726,138,213
339,14,23,0.375946,184,265
340,16,13,0.964905,42,119
341,10,3,0.061358,136,227
342,1,20,0.884789,90,160
343,4,13,0.361106,40,120
344,10,24,0.921412,88,163
345,0,15,0.447725,138,227
346,24,13,0.47215,40,111
347,3,24,0.900695,136,227
348,3,21,0.0476388,136,210
349,11,18,0.00291557,40,123
350,1,17,0.0213093,42,118
351,8,19,0.0839587,86,159
352,5,1,0.172598,184,259
353,24,14,0.169273,182,270
354,24,11,0.726615,136,224
355,10,19,0.407818,134,221
356,9,16,0.000574347,136,216
357,22,18,0.846399,138,212
358,16,2,0.303302,38,113
359,20,3,0.415037,88,166
360,4,12,0.191962,38,111
361,24,18,0.900371,136,203
362,10,1,0.238036,90,173
363,2,20,0.93048,40,117
364,1,2,0.311473,38,105
365,15,24,0.235526,40,104
366,22,21,0.452431,138,217
367,23,18,0.42575,136,200
368,1,4,0.288288,42,108
369,9,3,0.576288,42,122
370,18,21,0.938517,88,159
371,8,18,0.178973,134,212
372,8,17,0.590155,88,161
373,3,5,0.802809,186,269
374,13,15,0.604301,186,260
375,13,14,0.236729,42,120
376,13,6,0.949416,134,206
377,16,13,0.933294,40,117
378,8,23,0.297501,134,210
379,13,8,0.0564151,136,209
380,15,12,0.874225,136,230
381,3,13,0.443915,138,218
382,14,18,0.776899,88,171
383,1,8,0.324678,86,155
384,16,4,0.783933,184,257
385,15,6,0.217298,42,130
386,17,23,0.658012,40,115
387,23,24,0.558889,90,159
388,12,3,0.891976,138,203
389,20,3,0.404859,86,164
390,20,8,0.267264,40,119
391,14,18,0.953861,40,123
392,1,5,0.700545,40,115
393,18,15,0.0657335,138,208
394,5,22,0.298045,134,217
395,14,13,0.82027,134,212
396,18,16,0.505799,182,267
397,23,11,0.358363,40,125
398,0,11,0.976158,88,161
399,12,18,0.121955,38,126
400,17,15,0.0629519,186,266
401,16,13,0.956095,138,215
402,9,1,0.676373,184,256
403,3,6,0.156885,182,259
404,24,19,0.734577,136,222
405,11,3,0.775378,90,166
406,3,14,0.103104,134,205
407,0,1,0.145478,182,247
408,11,18,0.788718,184,267
409,4,16,0.480337,86,159
410,23,13,0.758042,134,203
411,17,10,0.562086,182,260
412,14,0,0.668347,134,215
413,1,17,0.544028,90,166
414,2,3,0.340862,88,163
415,1,3,0.390236,182,250
416,22,17,0.325056,182,255
417,12,16,0.669146,184,254
418,1,8,0.513852,40,109
419,0,15,0.452905,134,223
420,18,17,0.184801,136,201
421,1,0,0.886495,88,153
422,1,19,0.870322,90,163
423,3,9,0.602309,186,266
424,3,23,0.517803,184,269
425,18,14,0.35093,184,265
426,10,11,0.0471931,40,131
427,3,13,0.32688,42,122
428,24,18,0.9196,38,105
429,1,5,0.507069,182,257
430,3,8,0.129322,182,251
431,18,19,0.0812847,138,217
432,5,18,0.50891,134,211
433,1,19,0.88734,182,255
434,12,1,0.134622,86,156
435,15,1,0.493017,136,220
436,23,6,0.614969,90,171
437,3,21,0.750088,184,258
438,15,23,0.0533803,40,111
439,21,8,0.472803,38,103
440,1,6,0.254529,182,251
441,18,19,0.194078,184,263
442,12,3,0.452437,40,105
443,24,15,0.144063,40,104
444,18,24,0.81859,184,251
445,15,1,0.488971,134,218
446,3,21,0.609578,134,208
447,17,19,0.643407,182,258
448,24,22,0.683116,42,120
449,14,3,0.91408,42,113
450,11,23,0.557986,138,223
451,19,8,0.45633,136,209
452,12,20,0.725408,42,122
453,16,6,0.116265,186,263
454,1,11,0.853839,86,154
455,18,15,0.229841,88,158
456,1,13,0.434884,40,114
457,1,15,0.183166,134,218
458,21,18,0.204438,88,161
459,0,1,0.851838,38,103
460,10,6,0.0871655,182,269
461,17,18,0.201797,40,105
462,11,0,0.860996,38,111
463,13,1,0.554296,42,115
464,12,10,0.720521,184,280
465,1,5,0.126286,90,165
466,18,21,0.97056,184,255
467,23,3,0.754676,38,123
468,5,17,0.37456,134,210
469,18,21,0.575219,90,161
470,23,11,0.232753,38,123
471,14,21,0.772074,138,208
472,0,6,0.119228,38,112
473,21,1,0.471568,42,113
474,1,2,0.840947,136,203
475,16,1,0.924874,134,202
476,3,9,0.552922,182,262
477,14,22,0.737633,90,174
478,17,10,0.535413,86,164
479,0,24,0.58688,182,271
480,13,24,0.779988,90,161
481,0,18,0.814488,42,125
482,19,17,0.261474,38,114
483,13,8,0.9892,40,113
484,5,14,0.222648,40,131
485,19,22,0.445931,136,217
486,3,1,0.542584,38,106
487,20,1,0.757588,40,110
488,11,17,0.322532,86,168
489,4,13,0.342229,134,214
490,0,18,0.837306,186,269
491,5,13,0.400025,186,256
492,23,15,0.0665764,38,109
493,18,11,0.0139693,86,171
494,11,17,0.358152,90,172
495,15,5,0.454082,184,270
496,19,12,0.0431463,138,214
497,23,9,0.448633,184,273
498,4,23,0.0475063,186,270
499,5,14,0.408795,90,181
500,19,23,0.871382,90,169
501,14,1,0.210709,86,162
502,24,1,0.194175,138,222
503,1,15,0.238443,40,124
504,16,15,0.555386,134,225
505,23,1,0.981753,40,117
506,13,15,0.459052,182,256
507,12,20,0.711231,38,118
508,6,18,0.0325449,182,269
509,12,15,0.423716,138,232
510,12,13,0.195598,90,175
511,3,0,0.329107,86,159
512,18,10,0.908274,40,110
513,2,4,0.0734609,186,259
514,1,6,0.459797,88,157
515,13,22,0.935773,42,109
516,1,14,0.304586,186,262
517,20,17,0.420892,134,206
518,24,6,0.402207,88,171
519,1,6,0.191362,186,255
520,14,4,0.231395,182,261
521,11,22,0.763272,42,118
522,19,24,0.442078,38,125
523,1,12,0.605772,186,256
524,0,14,0.287828,186,267
525,19,1,0.45713,184,257
526,21,19,0.354825,182,250
527,18,15,0.812412,186,256
528,3,21,0.744964,42,116
529,5,22,0.330318,40,123
530,16,12,0.192449,86,156
531,11,14,0.433012,38,122
532,21,13,0.781183,86,154
533,23,17,0.556496,42,107
534,14,20,0.101237,90,176
535,13,8,0.731195,186,259
536,15,14,0.536841,186,276
537,11,19,0.32371,42,123
538,23,13,0.52059,184,253
539,11,13,0.615352,186,262
540,5,13,0.270006,136,206
541,3,0,0.418368,38,111
542,14,21,0.794678,136,206
543,22,12,0.488803,40,117
544,21,17,0.402816,186,254
545,0,24,0.537658,86,175
546,10,19,0.398579,38,125
547,14,22,0.698174,138,222
548,8,1,0.790207,40,109
549,10,15,0.162715,184,261
550,24,14,0.171386,138,226
551,13,5,0.310901,88,158
552,10,14,0.108326,182,271
553,15,24,0.33377,88,152
554,18,4,0.827777,138,221
555,22,2,0.661938,134,209
556,24,1,0.327195,86,170
557,8,23,0.249215,138,214
558,14,23,0.383914,40,121
559,20,19,0.487265,184,267
560,3,1,0.751465,184,252
561,24,22,0.755097,134,212
562,13,17,0.635882,134,200
563,18,17,0.625876,134,199
564,1,9,0.297083,86,158
565,14,1,0.804636,182,258
566,12,10,0.763251,42,138
567,22,2,0.621964,138,213
568,23,21,0.791076,38,111
569,3,1,0.804066,136,204
570,21,9,0.210475,186,269
571,8,13,0.27957,184,257
572,12,16,0.646113,134,204
573,22,16,0.137081,40,116
574,11,18,0.185013,42,125
575,12,20,0.732535,90,170
576,12,10,0.712376,86,182
577,0,16,0.74931,38,111
578,3,15,0.234831,38,132
579,11,1,0.740835,38,106
580,5,15,0.423903,138,222
581,13,5,0.338138,182,252
582,10,15,0.492963,186,263
583,13,6,0.916581,138,210
584,1,18,0.304537,186,264
585,13,4,0.0723195,90,162
586,3,13,0.211726,40,120
587,22,1,0.0791789,138,206
588,11,15,0.895071,42,132
589,19,21,0.714202,136,204
590,1,19,0.853897,186,259
591,22,24,0.447627,90,168
592,1,5,0.501399,88,163
593,11,13,0.16466,88,164
594,13,22,0.311095,88,155
595,20,19,0.458434,182,265
596,1,5,0.915129,134,209
597,23,19,0.783718,186,267
598,13,11,0.114532,40,117
599,2,1,0.304831,184,251
600,14,5,0.334133,182,273
601,3,4,0.963296,138,206
602,14,18,0.470413,184,267
603,10,3,0.0615056,186,277
604,12,16,0.659895,138,208
605,1,15,0.359723,42,126
606,4,16,0.503152,42,115
607,12,16,0.698891,90,160
608,15,17,0.626805,40,112
609,2,20,0.0635962,86,163
610,18,11,0.979564,184,269
611,13,22,0.0716133,90,157
612,18,23,0.916396,136,200
613,0,19,0.245951,88,166
614,13,8,0.72562,88,161
615,0,1,0.224143,86,151
616,13,0,0.555792,134,212
617,1,13,0.475608,90,164
618,13,1,0.401249,38,111
619,14,16,0.171685,90,166
620,3,4,0.137597,88,156
621,10,1,0.174707,86,169
622,12,23,0.0722532,134,222
623,22,6,0.340991,134,211
624,17,10,0.519559,42,120
625,1,4,0.183946,184,250
626,11,19,0.337523,136,217
627,16,19,0.636979,90,166
628,23,12,0.345712,42,129
629,10,1,0.026014,38,121
630,11,14,0.47053,134,218
631,18,17,0.132039,186,251
632,18,1,0.988273,182,259
633,6,3,0.24524,86,163
634,18,20,0.191317,88,161
635,13,18,0.93836,184,251
636,23,17,0.0325734,186,251
637,13,22,0.000138386,40,107
638,15,16,0.373767,186,278
639,2,20,0.906916,184,261
640,2,8,0.46319,186,262
641,3,0,0.400278,182,255
642,0,20,0.753092,42,117
643,19,8,0.45107,38,111
644,23,20,0.049311,90,165
645,23,1,0.0481311,182,259
646,3,12,0.469399,138,203
647,20,3,0.391914,90,168
648,12,23,0.0649004,136,224
649,18,15,0.0731787,86,156
