NODES,25
INDEX,Name,X-coordinate,Y-coordinate
0,0,-,-
1,1,-,-
2,2,-,-
3,3,-,-
4,4,-,-
5,5,-,-
6,6,-,-
7,7,-,-
8,8,-,-
9,9,-,-
10,10,-,-
11,11,-,-
12,12,-,-
13,13,-,-
14,14,-,-
15,15,-,-
16,16,-,-
17,17,-,-
18,18,-,-
19,19,-,-
20,20,-,-
21,21,-,-
22,22,-,-
23,23,-,-
24,24,-,-
ARCS,529
Index,Origin,Destination,Variable Cost,Fixed Cost,Capacity,Travel time
0,0,1,0,117.8,1,5
1,1,0,0,117.8,1,5
2,1,2,0,234.05,1,7
3,1,3,0,260.4,1,8
4,1,4,0,175.15,1,6
5,1,5,0,486.7,1,15
6,1,6,0,323.95,1,9
7,1,8,0,323.95,1,9
8,1,9,0,447.95,1,12
9,1,10,0,883.5,1,26
10,1,11,0,255.75,1,8
11,1,12,0,387.5,1,10
12,1,13,0,489.8,1,14
13,1,14,0,525.45,1,16
14,1,15,0,1002.85,1,24
15,1,16,0,252.65,1,8
16,1,17,0,545.6,1,16
17,1,18,0,680.45,1,18
18,1,19,0,503.75,1,13
19,1,20,0,358.05,1,10
20,1,21,0,409.2,1,11
21,1,22,0,266.6,1,8
22,1,23,0,699.05,1,18
23,1,24,0,903.65,1,24
24,2,1,0,234.05,1,7
25,3,1,0,260.4,1,8
26,3,4,0,230.95,1,8
27,3,8,0,311.55,1,9
28,3,12,0,144.15,1,5
29,3,13,0,661.85,1,20
30,3,14,0,418.5,1,11
31,3,16,0,151.9,1,5
32,3,19,0,396.8,1,11
33,3,21,0,469.65,1,14
34,3,22,0,429.35,1,13
35,4,1,0,175.15,1,6
36,4,3,0,230.95,1,8
37,5,1,0,486.7,1,15
38,5,13,0,367.35,1,10
39,6,1,0,323.95,1,9
40,6,13,0,430.9,1,11
41,7,1,0,103.85,1,4
42,8,1,0,323.95,1,9
43,8,3,0,311.55,1,9
44,8,13,0,415.4,1,11
45,8,16,0,161.2,1,6
46,8,21,0,158.1,1,5
47,9,1,0,447.95,1,12
48,10,1,0,891.25,1,23
49,10,23,0,192.2,1,6
50,11,1,0,255.75,1,8
51,11,13,0,592.1,1,16
52,12,1,0,387.5,1,10
53,12,3,0,144.15,1,5
54,13,1,0,489.8,1,13
55,13,3,0,669.6,1,22
56,13,5,0,367.35,1,10
57,13,6,0,430.9,1,12
58,13,10,0,483.6,1,12
59,13,11,0,596.75,1,17
60,13,15,0,553.35,1,14
61,13,17,0,176.7,1,6
62,13,18,0,248,1,7
63,13,19,0,573.5,1,16
64,13,20,0,198.4,1,6
65,13,21,0,275.9,1,8
66,13,22,0,232.5,1,7
67,13,23,0,323.95,1,9
68,13,24,0,449.5,1,11
69,14,1,0,525.45,1,16
70,14,3,0,418.5,1,11
71,14,19,0,111.6,1,4
72,14,21,0,384.4,1,10
73,15,1,0,1002.85,1,24
74,15,13,0,553.35,1,16
75,15,18,0,350.3,1,10
76,15,21,0,747.1,1,20
77,15,23,0,412.3,1,11
78,16,1,0,252.65,1,8
79,16,3,0,151.9,1,5
80,16,8,0,161.2,1,6
81,16,13,0,581.25,1,17
82,16,21,0,305.35,1,9
83,17,1,0,544.05,1,14
84,17,13,0,176.7,1,6
85,17,18,0,127.1,1,5
86,17,21,0,292.95,1,8
87,18,1,0,666.5,1,17
88,18,10,0,308.45,1,10
89,18,13,0,248,1,7
90,18,15,0,350.3,1,10
91,18,17,0,127.1,1,5
92,18,19,0,719.2,1,19
93,18,21,0,421.6,1,11
94,18,22,0,421.6,1,13
95,18,23,0,116.25,1,4
96,18,24,0,237.15,1,7
97,19,1,0,503.75,1,13
98,19,3,0,396.8,1,11
99,19,8,0,240.25,1,7
100,19,14,0,111.6,1,4
101,19,21,0,297.6,1,8
102,20,1,0,358.05,1,10
103,20,13,0,198.4,1,6
104,20,23,0,522.35,1,15
105,21,1,0,409.2,1,11
106,21,3,0,458.8,1,13
107,21,8,0,158.1,1,5
108,21,13,0,275.9,1,8
109,21,14,0,384.4,1,10
110,21,15,0,829.25,1,22
111,21,17,0,292.95,1,8
112,21,18,0,420.05,1,13
113,21,19,0,297.6,1,8
114,21,23,0,440.2,1,11
115,22,1,0,266.6,1,8
116,22,3,0,429.35,1,12
117,22,13,0,232.5,1,7
118,23,1,0,699.05,1,17
119,23,10,0,192.2,1,6
120,23,13,0,323.95,1,9
121,23,15,0,412.3,1,11
122,23,17,0,153.45,1,5
123,23,18,0,116.25,1,4
124,23,21,0,446.4,1,13
125,23,24,0,305.35,1,9
126,24,1,0,903.65,1,24
127,24,13,0,449.5,1,11
128,24,18,0,237.15,1,7
129,24,23,0,305.35,1,9
130,0,2,0,161.2,1,6
131,0,3,0,353.4,1,10
132,0,4,0,285.2,1,9
133,0,5,0,474.3,1,13
134,0,6,0,246.45,1,8
135,0,8,0,427.8,1,12
136,0,9,0,379.75,1,11
137,0,10,0,931.55,1,25
138,0,11,0,158.1,1,5
139,0,12,0,401.45,1,11
140,0,14,0,632.4,1,17
141,0,15,0,1063.3,1,28
142,0,16,0,367.35,1,11
143,0,17,0,596.75,1,16
144,0,18,0,717.65,1,19
145,0,19,0,615.35,1,17
146,0,20,0,361.15,1,10
147,0,21,0,444.85,1,13
148,0,22,0,297.6,1,9
149,0,23,0,739.35,1,20
150,0,24,0,957.9,1,25
151,1,7,0,103.85,1,4
152,2,0,0,161.2,1,6
153,2,3,0,480.5,1,13
154,2,4,0,409.2,1,12
155,2,5,0,257.3,1,8
156,2,6,0,110.05,1,4
157,2,8,0,412.3,1,12
158,2,9,0,229.4,1,7
159,2,10,0,872.65,1,23
160,2,11,0,182.9,1,6
161,2,12,0,582.8,1,16
162,2,13,0,390.6,1,11
163,2,14,0,790.5,1,21
164,2,15,0,940.85,1,25
165,2,16,0,475.85,1,13
166,2,17,0,568.85,1,16
167,2,18,0,638.6,1,17
168,2,19,0,643.25,1,17
169,2,20,0,207.7,1,7
170,2,21,0,424.7,1,12
171,2,22,0,308.45,1,9
172,2,23,0,716.1,1,19
173,2,24,0,847.85,1,23
174,3,0,0,353.4,1,10
175,3,2,0,480.5,1,13
176,3,6,0,554.9,1,15
177,3,9,0,685.1,1,18
178,3,10,0,995.1,1,26
179,3,11,0,477.4,1,13
180,3,15,0,1224.5,1,32
181,3,17,0,764.15,1,20
182,3,18,0,833.9,1,22
183,3,20,0,620,1,17
184,3,23,0,888.15,1,23
185,3,24,0,1108.25,1,29
186,4,0,0,285.2,1,9
187,4,2,0,409.2,1,12
188,4,6,0,494.45,1,14
189,4,7,0,75.95,1,3
190,4,8,0,142.6,1,5
191,4,9,0,624.65,1,17
192,4,10,0,838.55,1,22
193,4,11,0,406.1,1,12
194,4,12,0,331.7,1,9
195,4,13,0,427.8,1,12
196,4,14,0,410.75,1,12
197,4,15,0,970.3,1,26
198,4,16,0,147.25,1,5
199,4,17,0,503.75,1,14
200,4,18,0,624.65,1,17
201,4,19,0,390.6,1,11
202,4,20,0,413.85,1,12
203,4,21,0,263.5,1,8
204,4,22,0,204.6,1,7
205,4,23,0,646.35,1,18
206,4,24,0,861.8,1,23
207,5,0,0,474.3,1,13
208,5,2,0,257.3,1,8
209,5,6,0,161.2,1,5
210,5,9,0,198.4,1,6
211,5,11,0,320.85,1,9
212,5,18,0,660.3,1,16
213,5,20,0,178.25,1,6
214,5,23,0,720.75,1,19
215,6,0,0,246.45,1,8
216,6,2,0,110.05,1,4
217,6,3,0,554.9,1,15
218,6,4,0,494.45,1,14
219,6,5,0,161.2,1,5
220,6,8,0,637.05,1,17
221,6,9,0,141.05,1,5
222,6,10,0,939.3,1,25
223,6,11,0,165.85,1,5
224,6,12,0,623.1,1,17
225,6,14,0,840.1,1,22
226,6,15,0,982.7,1,26
227,6,16,0,576.6,1,16
228,6,17,0,615.35,1,17
229,6,18,0,685.1,1,18
230,6,19,0,824.6,1,22
231,6,20,0,243.35,1,7
232,6,21,0,593.65,1,16
233,6,22,0,446.4,1,13
234,6,23,0,761.05,1,20
235,6,24,0,877.3,1,23
236,7,3,0,246.45,1,8
237,7,4,0,75.95,1,3
238,8,0,0,427.8,1,12
239,8,2,0,412.3,1,12
240,8,4,0,142.6,1,5
241,8,6,0,637.05,1,17
242,8,9,0,767.25,1,21
243,8,10,0,714.55,1,19
244,8,11,0,545.6,1,15
245,8,12,0,460.35,1,13
246,8,14,0,328.6,1,10
247,8,15,0,883.5,1,23
248,8,17,0,427.8,1,12
249,8,18,0,542.5,1,15
250,8,19,0,240.25,1,7
251,8,20,0,444.85,1,13
252,8,22,0,203.05,1,7
253,8,23,0,536.3,1,15
254,8,24,0,801.35,1,21
255,9,0,0,379.75,1,11
256,9,2,0,229.4,1,7
257,9,3,0,685.1,1,18
258,9,4,0,624.65,1,17
259,9,5,0,198.4,1,6
260,9,6,0,141.05,1,5
261,9,8,0,767.25,1,21
262,9,10,0,1069.5,1,28
263,9,11,0,297.6,1,8
264,9,12,0,753.3,1,20
265,9,13,0,469.65,1,12
266,9,14,0,652.55,1,18
267,9,15,0,1112.9,1,29
268,9,16,0,706.8,1,19
269,9,17,0,646.35,1,18
270,9,18,0,711.45,1,18
271,9,19,0,954.8,1,25
272,9,20,0,279,1,8
273,9,21,0,723.85,1,19
274,9,22,0,576.6,1,16
275,9,23,0,891.25,1,24
276,9,24,0,1019.9,1,27
277,10,0,0,931.55,1,25
278,10,2,0,872.65,1,23
279,10,3,0,995.1,1,26
280,10,4,0,838.55,1,22
281,10,6,0,939.3,1,25
282,10,8,0,714.55,1,19
283,10,9,0,1069.5,1,28
284,10,11,0,1133.05,1,30
285,10,12,0,1086.55,1,28
286,10,13,0,483.6,1,12
287,10,14,0,970.3,1,26
288,10,15,0,224.75,1,7
289,10,16,0,872.65,1,23
290,10,17,0,334.8,1,9
291,10,18,0,306.9,1,9
292,10,19,0,909.85,1,24
293,10,20,0,714.55,1,19
294,10,21,0,623.1,1,16
295,10,22,0,623.1,1,17
296,10,24,0,286.75,1,8
297,11,0,0,158.1,1,5
298,11,2,0,182.9,1,6
299,11,3,0,477.4,1,13
300,11,4,0,406.1,1,12
301,11,5,0,320.85,1,9
302,11,6,0,165.85,1,5
303,11,8,0,545.6,1,15
304,11,9,0,297.6,1,9
305,11,10,0,1133.05,1,30
306,11,12,0,523.9,1,14
307,11,14,0,770.35,1,21
308,11,15,0,1112.9,1,29
309,11,16,0,488.25,1,14
310,11,17,0,798.25,1,21
311,11,18,0,832.35,1,21
312,11,19,0,748.65,1,20
313,11,20,0,406.1,1,11
314,11,21,0,649.45,1,18
315,11,22,0,499.1,1,14
316,11,23,0,852.5,1,23
317,11,24,0,1021.45,1,27
318,12,0,0,401.45,1,11
319,12,2,0,582.8,1,16
320,12,4,0,331.7,1,10
321,12,6,0,623.1,1,17
322,12,8,0,460.35,1,13
323,12,9,0,753.3,1,20
324,12,10,0,1086.55,1,28
325,12,11,0,523.9,1,14
326,12,13,0,776.55,1,20
327,12,14,0,550.25,1,15
328,12,15,0,1233.8,1,32
329,12,16,0,296.05,1,9
330,12,17,0,776.55,1,21
331,12,18,0,1038.5,1,27
332,12,19,0,523.9,1,14
333,12,20,0,637.05,1,17
334,12,21,0,554.9,1,15
335,12,22,0,556.45,1,15
336,12,23,0,919.15,1,24
337,12,24,0,1137.7,1,30
338,13,2,0,390.6,1,11
339,13,4,0,427.8,1,12
340,13,8,0,415.4,1,11
341,13,9,0,469.65,1,12
342,13,14,0,655.65,1,17
343,13,16,0,530.1,1,14
344,14,0,0,632.4,1,17
345,14,2,0,790.5,1,21
346,14,4,0,410.75,1,12
347,14,6,0,840.1,1,22
348,14,8,0,328.6,1,10
349,14,9,0,652.55,1,18
350,14,10,0,970.3,1,26
351,14,11,0,770.35,1,21
352,14,12,0,550.25,1,15
353,14,13,0,655.65,1,17
354,14,15,0,1106.7,1,28
355,14,16,0,272.8,1,8
356,14,17,0,671.15,1,18
357,14,18,0,798.25,1,20
358,14,20,0,852.5,1,23
359,14,22,0,527,1,15
360,14,23,0,818.4,1,20
361,14,24,0,995.1,1,26
362,15,0,0,1063.3,1,28
363,15,2,0,940.85,1,25
364,15,3,0,1224.5,1,32
365,15,4,0,970.3,1,26
366,15,6,0,982.7,1,26
367,15,8,0,883.5,1,23
368,15,9,0,1112.9,1,29
369,15,10,0,224.75,1,7
370,15,11,0,1112.9,1,29
371,15,12,0,1233.8,1,32
372,15,14,0,1106.7,1,28
373,15,16,0,1027.65,1,27
374,15,17,0,454.15,1,12
375,15,19,0,1023,1,27
376,15,20,0,757.95,1,19
377,15,22,0,733.15,1,19
378,15,24,0,110.05,1,4
379,16,0,0,367.35,1,11
380,16,2,0,475.85,1,13
381,16,4,0,147.25,1,5
382,16,6,0,576.6,1,16
383,16,7,0,155,1,5
384,16,9,0,706.8,1,19
385,16,10,0,872.65,1,23
386,16,11,0,488.25,1,14
387,16,12,0,296.05,1,8
388,16,14,0,272.8,1,8
389,16,15,0,1027.65,1,27
390,16,17,0,570.4,1,16
391,16,18,0,686.65,1,19
392,16,19,0,251.1,1,7
393,16,20,0,525.45,1,15
394,16,22,0,302.25,1,9
395,16,23,0,692.85,1,19
396,16,24,0,951.7,1,25
397,17,0,0,596.75,1,16
398,17,2,0,568.85,1,16
399,17,3,0,764.15,1,20
400,17,4,0,503.75,1,14
401,17,5,0,530.1,1,14
402,17,6,0,615.35,1,17
403,17,8,0,427.8,1,12
404,17,9,0,649.45,1,18
405,17,10,0,334.8,1,10
406,17,11,0,798.25,1,21
407,17,12,0,776.55,1,21
408,17,14,0,671.15,1,17
409,17,15,0,454.15,1,12
410,17,16,0,570.4,1,16
411,17,19,0,581.25,1,16
412,17,20,0,373.55,1,10
413,17,22,0,294.5,1,8
414,17,23,0,153.45,1,5
415,17,24,0,362.7,1,10
416,18,0,0,719.2,1,19
417,18,2,0,638.6,1,17
418,18,3,0,833.9,1,22
419,18,4,0,624.65,1,17
420,18,5,0,660.3,1,16
421,18,6,0,685.1,1,18
422,18,8,0,542.5,1,15
423,18,9,0,711.45,1,18
424,18,11,0,832.35,1,21
425,18,12,0,1038.5,1,27
426,18,14,0,798.25,1,21
427,18,16,0,686.65,1,19
428,18,20,0,438.65,1,12
429,19,0,0,615.35,1,17
430,19,2,0,643.25,1,17
431,19,4,0,390.6,1,11
432,19,6,0,824.6,1,22
433,19,9,0,954.8,1,25
434,19,10,0,909.85,1,24
435,19,11,0,748.65,1,20
436,19,12,0,523.9,1,14
437,19,13,0,565.75,1,14
438,19,15,0,1023,1,27
439,19,16,0,251.1,1,7
440,19,17,0,581.25,1,16
441,19,18,0,709.9,1,18
442,19,20,0,764.15,1,20
443,19,22,0,437.1,1,12
444,19,23,0,728.5,1,18
445,19,24,0,942.4,1,25
446,20,0,0,361.15,1,10
447,20,2,0,207.7,1,7
448,20,3,0,620,1,17
449,20,4,0,413.85,1,12
450,20,5,0,178.25,1,6
451,20,6,0,243.35,1,7
452,20,8,0,444.85,1,13
453,20,9,0,279,1,8
454,20,10,0,714.55,1,19
455,20,11,0,406.1,1,11
456,20,12,0,637.05,1,17
457,20,14,0,878.85,1,23
458,20,15,0,757.95,1,19
459,20,16,0,525.45,1,15
460,20,17,0,373.55,1,11
461,20,18,0,438.65,1,12
462,20,19,0,764.15,1,20
463,20,21,0,466.55,1,13
464,20,22,0,272.8,1,8
465,20,24,0,641.7,1,17
466,21,0,0,444.85,1,13
467,21,2,0,424.7,1,12
468,21,4,0,263.5,1,8
469,21,6,0,593.65,1,16
470,21,9,0,723.85,1,19
471,21,10,0,623.1,1,16
472,21,11,0,646.35,1,18
473,21,12,0,554.9,1,15
474,21,16,0,305.35,1,9
475,21,20,0,466.55,1,13
476,21,22,0,142.6,1,5
477,21,24,0,651,1,18
478,22,0,0,297.6,1,9
479,22,2,0,308.45,1,10
480,22,4,0,204.6,1,7
481,22,6,0,446.4,1,13
482,22,8,0,203.05,1,6
483,22,9,0,576.6,1,16
484,22,10,0,623.1,1,17
485,22,11,0,499.1,1,14
486,22,12,0,556.45,1,15
487,22,14,0,527,1,15
488,22,15,0,733.15,1,19
489,22,16,0,302.25,1,9
490,22,17,0,294.5,1,8
491,22,18,0,404.55,1,10
492,22,19,0,437.1,1,12
493,22,20,0,272.8,1,9
494,22,21,0,142.6,1,5
495,22,23,0,432.45,1,11
496,22,24,0,643.25,1,17
497,23,0,0,739.35,1,20
498,23,2,0,716.1,1,19
499,23,3,0,888.15,1,23
500,23,4,0,646.35,1,18
501,23,6,0,761.05,1,20
502,23,8,0,536.3,1,15
503,23,9,0,891.25,1,24
504,23,11,0,852.5,1,23
505,23,12,0,919.15,1,24
506,23,14,0,818.4,1,20
507,23,16,0,692.85,1,19
508,23,19,0,728.5,1,18
509,23,20,0,522.35,1,14
510,23,22,0,432.45,1,11
511,24,0,0,957.9,1,25
512,24,2,0,847.85,1,23
513,24,3,0,1108.25,1,29
514,24,4,0,861.8,1,23
515,24,6,0,877.3,1,23
516,24,8,0,801.35,1,21
517,24,9,0,1019.9,1,27
518,24,10,0,286.75,1,8
519,24,11,0,1021.45,1,27
520,24,12,0,1137.7,1,30
521,24,14,0,995.1,1,26
522,24,15,0,110.05,1,4
523,24,16,0,951.7,1,25
524,24,17,0,362.7,1,10
525,24,19,0,942.4,1,25
526,24,20,0,641.7,1,17
527,24,21,0,651,1,16
528,24,22,0,643.25,1,17
PATHS,600
Index,Shipment origin,Shipment destination,1st terminal on path,2nd terminal on path,.....,6th terminal on path
0,0,1,0,1
1,0,2,0,1,2
2,0,3,0,1,3
3,0,4,0,1,4
4,0,5,0,1,5
5,0,6,0,1,6
6,0,7,0,1,7
7,0,8,0,1,8
8,0,9,0,1,9
9,0,10,0,1,10
10,0,11,0,1,11
11,0,12,0,1,12
12,0,13,0,1,13
13,0,14,0,1,14
14,0,15,0,1,15
15,0,16,0,1,16
16,0,17,0,1,17
17,0,18,0,1,18
18,0,19,0,1,19
19,0,20,0,1,20
20,0,21,0,1,21
21,0,22,0,1,22
22,0,23,0,1,23
23,0,24,0,1,24
24,1,0,1,0
25,1,2,1,2
26,1,3,1,3
27,1,4,1,4
28,1,5,1,5
29,1,6,1,6
30,1,7,1,7
31,1,8,1,8
32,1,9,1,9
33,1,10,1,10
34,1,11,1,11
35,1,12,1,12
36,1,13,1,13
37,1,14,1,14
38,1,15,1,15
39,1,16,1,16
40,1,17,1,17
41,1,18,1,18
42,1,19,1,19
43,1,20,1,20
44,1,21,1,21
45,1,22,1,22
46,1,23,1,23
47,1,24,1,24
48,2,0,2,1,0
49,2,1,2,1
50,2,3,2,1,3
51,2,4,2,1,4
52,2,5,2,1,5
53,2,6,2,1,6
54,2,8,2,1,8
55,2,7,2,1,7
56,2,9,2,1,9
57,2,10,2,1,10
58,2,11,2,1,11
59,2,12,2,1,12
60,2,13,2,1,13
61,2,14,2,1,14
62,2,15,2,1,15
63,2,16,2,1,16
64,2,17,2,1,17
65,2,18,2,1,18
66,2,19,2,1,19
67,2,20,2,1,20
68,2,21,2,1,21
69,2,22,2,1,22
70,2,23,2,1,23
71,2,24,2,1,24
72,3,0,3,1,0
73,3,1,3,1
74,3,2,3,1,2
75,3,4,3,4
76,3,5,3,1,5
77,3,6,3,1,6
78,3,7,3,1,7
79,3,8,3,8
80,3,9,3,1,9
81,3,10,3,13,10
82,3,11,3,1,11
83,3,12,3,12
84,3,13,3,13
85,3,14,3,14
86,3,15,3,13,15
87,3,16,3,16
88,3,17,3,13,17
89,3,18,3,13,18
90,3,19,3,19
91,3,20,3,1,20
92,3,21,3,21
93,3,22,3,22
94,3,23,3,21,23
95,3,24,3,13,24
96,4,0,4,1,0
97,4,1,4,1
98,4,2,4,1,2
99,4,3,4,3
100,4,5,4,1,5
101,4,6,4,1,6
102,4,7,4,1,7
103,4,8,4,1,8
104,4,9,4,1,9
105,4,10,4,1,10
106,4,11,4,1,11
107,4,12,4,3,12
108,4,13,4,1,13
109,4,14,4,3,14
110,4,15,4,1,15
111,4,16,4,3,16
112,4,17,4,1,17
113,4,18,4,1,18
114,4,19,4,3,19
115,4,20,4,1,20
116,4,21,4,1,21
117,4,22,4,1,22
118,4,23,4,1,23
119,4,24,4,1,24
120,5,0,5,1,0
121,5,1,5,1
122,5,2,5,1,2
123,5,3,5,1,3
124,5,4,5,1,4
125,5,6,5,1,6
126,5,7,5,1,7
127,5,8,5,1,8
128,5,9,5,1,9
129,5,10,5,13,10
130,5,11,5,1,11
131,5,12,5,1,12
132,5,13,5,13
133,5,14,5,1,14
134,5,15,5,13,15
135,5,16,5,1,16
136,5,17,5,13,17
137,5,18,5,13,18
138,5,19,5,13,21,19
139,5,20,5,13,20
140,5,21,5,13,21
141,5,22,5,1,22
142,5,23,5,13,23
143,5,24,5,13,24
144,6,0,6,1,0
145,6,1,6,1
146,6,2,6,1,2
147,6,3,6,1,3
148,6,4,6,1,4
149,6,5,6,1,5
150,6,7,6,1,7
151,6,8,6,1,8
152,6,9,6,1,9
153,6,10,6,1,10
154,6,11,6,1,11
155,6,12,6,1,12
156,6,13,6,1,13
157,6,14,6,1,14
158,6,15,6,1,15
159,6,16,6,1,16
160,6,17,6,1,17
161,6,18,6,1,18
162,6,19,6,1,19
163,6,20,6,1,20
164,6,21,6,1,21
165,6,22,6,1,22
166,6,23,6,1,23
167,6,24,6,1,24
168,7,0,7,1,0
169,7,1,7,1
170,7,2,7,1,2
171,7,3,7,3
172,7,4,7,4
173,7,5,7,1,5
174,7,6,7,3,6
175,7,8,7,3,8
176,7,9,7,1,9
177,7,10,7,1,9
178,7,11,7,3,11
179,7,12,7,4,12
180,7,13,7,4,13
181,7,14,7,4,14
182,7,15,7,4,15
183,7,16,7,4,16
184,7,17,7,1,17
185,7,18,7,1,18
186,7,19,7,1,19
187,7,20,7,1,20
188,7,21,7,1,21
189,7,22,7,1,22
190,7,23,7,1,23
191,7,24,7,1,24
192,8,0,8,1,0
193,8,1,8,1
194,8,2,8,1,2
195,8,3,8,3
196,8,4,8,1,4
197,8,5,8,1,5
198,8,6,8,1,6
199,8,7,8,1,7
200,8,9,8,1,9
201,8,10,8,21,23,10
202,8,11,8,1,11
203,8,12,8,3,12
204,8,13,8,21,13
205,8,14,8,21,14
206,8,15,8,21,13,15
207,8,16,8,3,16
208,8,17,8,21,17
209,8,18,8,21,18
210,8,19,8,21,19
211,8,20,8,1,20
212,8,21,8,21
213,8,22,8,1,22
214,8,23,8,21,23
215,8,24,8,21,13,24
216,9,0,9,1,0
217,9,1,9,1
218,9,2,9,1,2
219,9,3,9,1,3
220,9,4,9,1,4
221,9,5,9,1,5
222,9,6,9,1,6
223,9,7,9,1,7
224,9,8,9,1,8
225,9,10,9,1,10
226,9,11,9,1,11
227,9,12,9,1,12
228,9,13,9,1,13
229,9,14,9,1,14
230,9,15,9,1,15
231,9,16,9,1,16
232,9,17,9,1,17
233,9,18,9,1,18
234,9,19,9,1,19
235,9,20,9,1,20
236,9,21,9,1,21
237,9,22,9,1,22
238,9,23,9,1,23
239,9,24,9,1,24
240,10,0,10,1,0
241,10,1,10,1
242,10,2,10,1,2
243,10,3,10,1,3
244,10,4,10,1,4
245,10,5,10,23,13,5
246,10,6,10,23,13,6
247,10,7,10,1,7
248,10,8,10,23,21,8
249,10,9,10,1,9
250,10,11,10,1,11
251,10,12,10,1,12
252,10,13,10,23,13
253,10,14,10,23,21,14
254,10,15,10,23,15
255,10,16,10,1,16
256,10,17,10,23,17
257,10,18,10,23,18
258,10,19,10,23,21,19
259,10,20,10,23,13,20
260,10,21,10,23,21
261,10,22,10,23,22
262,10,23,10,23
263,10,24,10,23,24
264,11,0,11,1,0
265,11,1,11,1
266,11,2,11,1,2
267,11,3,11,1,3
268,11,4,11,1,4
269,11,5,11,1,5
270,11,6,11,1,6
271,11,7,11,1,7
272,11,8,11,1,8
273,11,9,11,1,9
274,11,10,11,13,10
275,11,12,11,1,12
276,11,13,11,13
277,11,14,11,1,14
278,11,15,11,13,15
279,11,16,11,1,16
280,11,17,11,13,17
281,11,18,11,13,18
282,11,19,11,1,19
283,11,20,11,1,20
284,11,21,11,1,21
285,11,22,11,1,22
286,11,23,11,13,23
287,11,24,11,13,24
288,12,0,12,1,0
289,12,1,12,1
290,12,2,12,1,2
291,12,3,12,3
292,12,4,12,3,4
293,12,5,12,1,5
294,12,6,12,1,6
295,12,7,12,1,7
296,12,8,12,3,8
297,12,9,12,1,9
298,12,10,12,1,10
299,12,11,12,1,11
300,12,13,12,3,13
301,12,14,12,3,14
302,12,15,12,1,15
303,12,16,12,3,16
304,12,17,12,1,17
305,12,18,12,1,18
306,12,19,12,3,19
307,12,20,12,1,20
308,12,21,12,3,21
309,12,22,12,3,22
310,12,23,12,1,23
311,12,24,12,1,24
312,13,0,13,1,0
313,13,1,13,1
314,13,2,13,1,2
315,13,3,13,3
316,13,4,13,4
317,13,5,13,5
318,13,6,13,6
319,13,7,13,1,7
320,13,8,13,21,8
321,13,9,13,1,9
322,13,10,13,10
323,13,11,13,11
324,13,12,13,3,12
325,13,14,13,21,14
326,13,15,13,15
327,13,16,13,1,16
328,13,17,13,17
329,13,18,13,18
330,13,19,13,21,19
331,13,20,13,20
332,13,21,13,21
333,13,22,13,22
334,13,23,13,23
335,13,24,13,24
336,14,0,14,1,0
337,14,1,14,1
338,14,2,14,1,2
339,14,3,14,3
340,14,4,14,3,4
341,14,5,14,1,5
342,14,6,14,1,6
343,14,7,14,1,7
344,14,8,14,3,8
345,14,9,14,1,9
346,14,10,14,21,23,10
347,14,11,14,1,11
348,14,12,14,3,12
349,14,13,14,21,13
350,14,15,14,21,13,15
351,14,16,14,3,16
352,14,17,14,21,17
353,14,18,14,21,18
354,14,19,14,1,19
355,14,20,14,1,20
356,14,21,14,21
357,14,22,14,1,22
358,14,23,14,21,23
359,14,24,14,21,13,24
360,15,0,15,1,0
361,15,1,15,1
362,15,2,15,1,2
363,15,3,15,13,3
364,15,4,15,1,4
365,15,5,15,13,5
366,15,6,15,13,6
367,15,7,15,1,7
368,15,8,15,21,8
369,15,9,15,1,9
370,15,10,15,10
371,15,11,15,1,11
372,15,12,15,1,12
373,15,13,15,13
374,15,14,15,21,14
375,15,16,15,1,16
376,15,17,15,17
377,15,18,15,18
378,15,19,15,21,19
379,15,20,15,13,20
380,15,21,15,21
381,15,22,15,13,22
382,15,23,15,23
383,15,24,15,24
384,16,0,16,1,0
385,16,1,16,1
386,16,2,16,1,2
387,16,3,16,3
388,16,4,16,3,4
389,16,5,16,1,5
390,16,6,16,1,6
391,16,7,16,1,7
392,16,8,16,3,8
393,16,9,16,1,9
394,16,10,16,13,10
395,16,11,16,1,11
396,16,12,16,3,12
397,16,13,16,13
398,16,14,16,3,14
399,16,15,16,13,15
400,16,17,16,13,17
401,16,18,16,13,18
402,16,19,16,3,19
403,16,20,16,1,20
404,16,21,16,21
405,16,22,16,3,22
406,16,23,16,13,23
407,16,24,16,13,24
408,17,0,17,1,0
409,17,1,17,1
410,17,2,17,1,2
411,17,3,17,13,3
412,17,4,17,1,4
413,17,5,17,13,5
414,17,6,17,13,6
415,17,7,17,1,7
416,17,8,17,21,8
417,17,9,17,1,9
418,17,10,17,13,10
419,17,11,17,1,11
420,17,12,17,1,12
421,17,13,17,13
422,17,14,17,21,14
423,17,15,17,13,15
424,17,16,17,1,16
425,17,18,17,18
426,17,19,17,21,19
427,17,20,17,13,20
428,17,21,17,21
429,17,22,17,13,22
430,17,23,17,13,23
431,17,24,17,13,24
432,18,0,18,1,0
433,18,1,18,1
434,18,2,18,1,2
435,18,3,18,13,3
436,18,4,18,1,4
437,18,5,18,13,5
438,18,6,18,13,6
439,18,7,18,1,7
440,18,8,18,21,8
441,18,9,18,13,1,9
442,18,10,18,10
443,18,11,18,1,11
444,18,12,18,1,12
445,18,13,18,13
446,18,14,18,21,14
447,18,15,18,15
448,18,16,18,1,16
449,18,17,18,17
450,18,19,18,21,19
451,18,20,18,13,20
452,18,21,18,21
453,18,22,18,13,22
454,18,23,18,23
455,18,24,18,24
456,19,0,19,1,0
457,19,1,19,1
458,19,2,19,1,2
459,19,3,19,3
460,19,4,19,3,4
461,19,5,19,1,5
462,19,6,19,1,6
463,19,7,19,1,7
464,19,8,19,21,8
465,19,9,19,1,9
466,19,10,19,1,10
467,19,11,19,1,11
468,19,12,19,3,12
469,19,13,19,21,13
470,19,14,19,1,14
471,19,15,19,21,13,15
472,19,16,19,3,16
473,19,17,19,21,17
474,19,18,19,21,18
475,19,20,19,1,20
476,19,21,19,21
477,19,22,19,1,22
478,19,23,19,21,23
479,19,24,19,21,13,24
480,20,0,20,1,0
481,20,1,20,1
482,20,2,20,1,2
483,20,3,20,1,3
484,20,4,20,1,4
485,20,5,20,1,5
486,20,6,20,1,6
487,20,7,20,1,7
488,20,8,20,1,8
489,20,9,20,1,9
490,20,10,20,13,10
491,20,11,20,1,11
492,20,12,20,1,12
493,20,13,20,13
494,20,14,20,1,14
495,20,15,20,13,15
496,20,16,20,1,16
497,20,17,20,13,17
498,20,18,20,13,18
499,20,19,20,1,19
500,20,21,20,1,21
501,20,22,20,13,22
502,20,23,20,13,23
503,20,24,20,13,24
504,21,0,21,1,0
505,21,1,21,1
506,21,2,21,1,2
507,21,3,21,3
508,21,4,21,1,4
509,21,5,21,13,5
510,21,6,21,13,6
511,21,7,21,1,7
512,21,8,21,8
513,21,9,21,1,9
514,21,10,21,23,10
515,21,11,21,1,11
516,21,12,21,3,12
517,21,13,21,13
518,21,14,21,14
519,21,15,21,13,15
520,21,16,21,3,16
521,21,17,21,17
522,21,18,21,18
523,21,19,21,19
524,21,20,21,1,20
525,21,22,21,1,22
526,21,23,21,23
527,21,24,21,13,24
528,22,0,22,1,0
529,22,1,22,1
530,22,2,22,1,2
531,22,3,22,3
532,22,4,22,1,4
533,22,5,22,13,5
534,22,6,22,1,6
535,22,7,22,1,7
536,22,8,22,1,8
537,22,9,22,1,9
538,22,10,22,13,10
539,22,11,22,1,11
540,22,12,22,3,12
541,22,13,22,13
542,22,14,22,1,14
543,22,15,22,13,15
544,22,16,22,1,16
545,22,17,22,13,17
546,22,18,22,13,18
547,22,19,22,1,19
548,22,20,22,13,20
549,22,21,22,1,21
550,22,23,22,13,23
551,22,24,22,13,24
552,23,0,23,1,0
553,23,1,23,1
554,23,2,23,1,2
555,23,3,23,1,3
556,23,4,23,1,4
557,23,5,23,13,5
558,23,6,23,13,6
559,23,7,23,1,7
560,23,8,23,21,8
561,23,9,23,1,9
562,23,10,23,10
563,23,11,23,1,11
564,23,12,23,1,12
565,23,13,23,13
566,23,14,23,21,14
567,23,15,23,15
568,23,16,23,1,16
569,23,17,23,17
570,23,18,23,18
571,23,19,23,21,19
572,23,20,23,13,20
573,23,21,23,21
574,23,22,23,22
575,23,24,23,24
576,24,0,24,1,0
577,24,1,24,1
578,24,2,24,1,2
579,24,3,24,13,3
580,24,4,24,1,4
581,24,5,24,13,5
582,24,6,24,13,6
583,24,7,24,1,7
584,24,8,24,18,21,8
585,24,9,24,13,1,9
586,24,10,24,23,10
587,24,11,24,13,11
588,24,12,24,1,12
589,24,13,24,13
590,24,14,24,18,21,14
591,24,15,24,15
592,24,16,24,1,16
593,24,17,24,13,17
594,24,18,24,18
595,24,19,24,18,21,19
596,24,20,24,13,20
597,24,21,24,18,21
598,24,22,24,13,22
599,24,23,24,23
COMMODITIES,500
Index,Origin,Destination,Demand/Size,Earliest available time,Latest delivery time
0,6,1,0.185095,186,243
1,17,16,0.0647733,182,252
2,8,5,0.0378098,42,114
3,8,18,0.161639,88,154
4,6,22,0.0288268,186,251
5,8,9,0.261368,86,155
6,13,22,0.185911,88,143
7,13,6,0.980573,134,194
8,14,4,0.226292,136,203
9,3,8,0.466593,88,145
10,20,18,0.298484,38,99
11,1,2,0.242934,86,141
12,17,23,0.774286,134,197
13,10,1,0.36606,90,161
14,19,21,0.642915,138,194
15,0,8,0.401454,184,246
16,8,15,0.0456972,184,259
17,12,2,0.233294,186,251
18,3,14,0.473102,90,149
19,16,2,0.313524,90,153
20,15,17,0.00531817,134,194
21,21,5,0.00454545,88,154
22,4,15,0.270692,138,216
23,3,23,0.470704,42,115
24,20,10,0.452435,88,154
25,17,22,0.150577,40,101
26,10,15,0.447701,138,203
27,1,15,0.0536029,42,114
28,3,2,0.830714,138,201
29,0,22,0.239552,38,99
30,15,3,0.396773,90,176
31,23,9,0.61641,184,261
32,14,12,0.164374,134,198
33,21,13,0.932392,186,242
34,20,10,0.426188,38,104
35,15,22,0.600717,138,209
36,3,14,0.185739,38,97
37,14,12,0.19132,90,154
38,23,6,0.640593,38,107
39,13,22,0.964623,138,193
40,15,13,0.153168,138,202
41,6,17,0.0500594,134,207
42,12,11,0.205855,40,106
43,21,5,0.00454545,90,156
44,18,11,0.971435,182,255
45,24,18,0.984462,184,239
46,14,0,0.880688,134,203
47,24,16,0.0197273,138,218
48,2,0,0.0525268,90,150
49,4,12,0.182359,86,147
50,18,16,0.530227,136,209
51,14,6,0.141908,138,211
52,19,5,0.501196,86,162
53,21,13,0.807295,42,98
54,11,23,0.798821,38,111
55,16,12,0.18377,42,100
56,23,14,0.569646,184,255
57,23,9,0.528717,138,215
58,0,5,0.191588,86,154
59,17,2,0.0407158,184,253
60,0,21,0.480426,42,106
61,20,0,0.0573572,42,105
62,19,9,0.183387,38,111
63,4,12,0.180628,134,195
64,19,5,0.488831,136,212
65,22,15,0.123937,88,157
66,13,11,0.163955,186,251
67,18,3,0.834922,186,263
68,20,19,0.466727,182,253
69,16,15,0.54762,42,121
70,6,16,0.359077,134,199
71,22,11,0.410919,136,200
72,17,14,0.00698513,90,156
73,18,21,0.757165,184,243
74,20,22,0.247537,38,99
75,12,21,0.361588,182,249
76,1,0,0.888923,138,191
77,15,2,0.0117675,90,169
78,12,2,0.108613,90,155
79,4,1,0.517132,186,240
80,22,11,0.454097,90,154
81,5,15,0.441592,90,162
82,19,4,0.0708852,182,249
83,18,14,0.273666,86,155
84,24,23,0.985538,88,145
85,3,4,0.247253,136,192
86,23,18,0.381626,182,234
87,4,16,0.441701,40,101
88,20,4,0.00689839,186,250
89,10,2,0.0233364,134,212
90,1,11,0.955742,184,240
91,14,0,0.880961,90,159
92,16,12,0.202575,134,192
93,1,6,0.296765,230,287
94,14,9,0.515649,88,164
95,16,18,0.159124,182,254
96,13,22,0.0710834,186,241
97,24,11,0.641607,134,210
98,19,22,0.519885,136,205
99,0,9,0.130956,136,201
100,12,3,0.374849,234,287
101,11,23,0.609291,42,115
102,23,10,0.726692,40,94
103,13,17,0.0785864,186,240
104,16,8,0.698663,182,244
105,10,21,0.0437441,90,157
106,21,0,0.0864906,134,198
107,0,14,0.296628,40,109
108,18,21,0.677519,138,197
109,12,9,0.22868,86,156
110,5,18,0.516493,182,247
111,2,22,0.191573,88,151
112,9,1,0.332157,90,150
113,4,1,0.578171,86,140
114,0,3,0.3155,184,245
115,17,18,0.215486,184,237
116,0,21,0.418001,90,154
117,10,9,0.380933,134,217
118,15,4,0.195826,90,168
119,11,10,0.276193,86,162
120,23,9,0.630484,86,163
121,5,17,0.441114,134,198
122,20,12,0.0169113,86,154
123,1,19,0.339358,134,195
124,10,12,0.0737983,90,171
125,16,14,0.0455834,38,102
126,19,23,0.676911,86,153
127,17,10,0.489109,184,250
128,18,2,0.419685,86,158
129,11,10,0.274764,136,212
130,2,22,0.206785,38,101
131,11,23,0.8255,88,161
132,2,21,0.0057297,42,108
133,11,21,0.330042,42,109
134,2,12,0.0474219,90,155
135,1,8,0.871947,230,287
136,13,24,0.227382,90,149
137,18,2,0.412329,90,162
138,23,9,0.689577,38,115
139,11,14,0.429497,134,206
140,23,2,0.0939684,182,254
141,16,21,0.671782,90,147
142,22,1,0.59804,90,146
143,16,9,0.240176,182,250
144,5,4,0.202179,186,255
145,17,10,0.505319,182,248
146,12,22,0.199884,38,104
147,24,23,0.0750316,40,97
148,20,22,0.257378,88,149
149,10,18,0.484977,182,240
150,3,18,0.513388,40,115
151,6,16,0.390526,40,105
152,5,13,0.463846,90,148
153,22,11,0.40646,86,150
154,22,1,0.374419,38,94
155,12,23,0.0728652,184,260
156,4,15,0.257873,38,116
157,11,4,0.233053,182,244
158,18,8,0.685735,40,104
159,24,17,0.790307,86,151
160,13,14,0.11218,86,152
161,16,15,0.524694,90,169
162,20,4,0.00737404,38,102
163,4,24,0.296037,138,216
164,18,19,0.279213,88,155
165,0,18,0.909311,88,159
166,0,4,0.0328493,38,97
167,0,8,0.409281,182,244
168,4,12,0.160981,90,151
169,19,21,0.753215,136,192
170,11,0,0.923542,42,103
171,8,17,0.368707,42,103
172,20,12,0.0181009,90,158
173,17,15,0.480975,186,254
174,2,14,0.683793,38,109
175,14,9,0.542054,186,262
176,17,8,0.187778,86,147
177,13,16,0.0886797,138,207
178,13,19,0.56846,38,102
179,6,1,0.584524,86,143
180,8,4,0.00906264,184,247
181,1,18,0.351408,42,108
182,8,4,0.00868793,88,151
183,4,15,0.263691,186,264
184,6,1,0.489286,40,97
185,8,3,0.202515,88,145
186,22,0,0.184454,38,99
187,15,14,0.541884,90,168
188,4,3,0.313865,230,286
189,1,13,0.619579,136,198
190,4,23,0.0993031,38,110
191,13,18,0.202886,184,239
192,23,18,0.544362,232,284
193,14,20,0.098083,182,256
194,3,23,0.52812,134,207
195,20,13,0.34362,134,188
196,0,14,0.275502,182,251
197,21,14,0.00999953,182,240
198,11,13,0.528311,182,246
199,1,23,0.0846225,90,156
200,10,15,0.694479,186,251
201,2,0,0.0487628,40,100
202,5,1,0.117508,88,151
203,0,13,0.395508,182,249
204,17,1,0.960855,138,200
205,20,15,0.444217,186,254
206,13,22,0.951746,38,93
207,4,24,0.334133,184,262
208,19,21,0.653765,134,190
209,21,11,0.0541635,138,205
210,17,2,0.0419774,42,111
211,9,1,0.673997,38,98
212,2,8,0.447488,42,106
213,10,3,0.0576419,134,213
214,10,3,0.0519413,138,217
215,14,2,0.0917674,90,161
216,17,14,0.00676449,134,200
217,15,13,0.309626,40,104
218,17,14,0.00718177,186,252
219,18,16,0.507319,88,161
220,5,8,0.0471729,90,162
221,16,12,0.17217,184,242
222,21,19,0.419444,230,286
223,2,19,0.306518,38,106
224,23,19,0.983918,88,157
225,18,20,0.115048,138,199
226,12,15,0.465664,184,266
227,5,13,0.441272,182,240
228,12,11,0.185952,38,104
229,0,16,0.689441,90,151
230,0,23,0.936723,138,209
231,2,8,0.502829,90,154
232,22,15,0.121257,182,251
233,19,8,0.441993,184,245
234,0,21,0.404717,134,198
235,13,22,0.183606,40,95
236,10,3,0.0542399,136,215
237,0,4,0.0362788,138,197
238,22,10,0.0723543,134,201
239,8,3,0.261983,136,193
240,19,23,0.899282,184,251
241,10,17,0.182244,40,99
242,22,13,0.749141,88,143
243,5,4,0.210933,86,155
244,1,17,0.20008,186,250
245,24,11,0.680055,186,262
246,23,2,0.0889904,88,160
247,14,5,0.388171,138,217
248,0,16,0.794289,134,195
249,18,4,0.717239,136,207
250,2,23,0.102503,42,115
251,4,16,0.418982,138,199
252,13,18,0.877667,42,97
253,16,22,0.320672,88,154
254,20,17,0.407479,136,196
255,15,2,0.0131048,182,261
256,4,16,0.504391,186,247
257,5,16,0.39303,90,161
258,1,11,0.782685,90,146
259,24,16,0.0200754,186,266
260,13,22,0.176601,182,237
261,17,9,0.322796,138,212
262,16,23,0.0738492,42,116
263,14,4,0.219888,38,105
264,10,4,0.013963,134,211
265,11,19,0.345867,186,255
266,18,11,0.0230949,134,207
267,18,24,0.173834,138,193
268,18,3,0.904195,38,115
269,1,8,0.186934,182,239
270,21,13,0.838442,40,96
271,2,17,0.109498,40,111
272,23,9,0.505237,136,213
273,17,9,0.349393,86,160
274,22,15,0.121071,86,155
275,1,21,0.948773,138,197
276,5,20,0.332805,88,152
277,5,13,0.486684,86,144
278,23,8,0.927493,134,200
279,22,14,0.222665,90,162
280,1,24,0.0891718,42,114
281,18,3,0.954054,138,215
282,15,2,0.0134039,184,263
283,13,22,0.0553865,136,191
284,22,20,0.51101,38,99
285,2,12,0.0498715,182,247
286,23,9,0.473099,40,117
287,3,22,0.656752,136,197
288,4,19,0.00752499,182,249
289,14,15,0.720771,186,266
290,20,23,0.0936622,86,149
291,1,20,0.425956,230,288
292,19,10,0.232423,38,125
293,13,4,0.0734283,86,146
294,21,23,0.330669,138,197
295,17,19,0.633929,42,106
296,4,24,0.317167,90,168
297,14,18,0.902733,186,257
298,16,12,0.19043,230,288
299,17,23,0.660655,86,149
300,13,8,0.971352,182,243
301,9,1,0.227162,186,246
302,22,19,0.140759,42,111
303,18,0,0.216117,86,156
304,2,21,0.00559024,134,200
305,20,8,0.232272,184,251
306,22,18,0.813857,86,148
307,22,15,0.113502,136,205
308,5,4,0.186811,88,157
309,21,13,0.904596,182,238
310,2,1,0.922675,42,97
311,20,14,0.353105,40,114
312,11,23,0.307961,40,113
313,24,14,0.155279,90,166
314,13,8,0.0796969,40,101
315,2,21,0.00482631,88,154
316,5,8,0.0477627,86,158
317,16,19,0.596842,186,250
318,14,0,0.719328,38,107
319,23,0,0.641968,184,254
320,0,15,0.424663,136,213
321,4,13,0.319725,90,158
322,16,23,0.0724506,134,208
323,12,2,0.0921437,40,105
324,19,11,0.639187,138,207
325,2,12,0.0507315,88,153
326,24,12,0.0403077,134,216
327,19,3,0.0702785,134,193
328,4,11,0.247457,38,100
329,0,14,0.273988,134,203
330,16,2,0.289253,86,149
331,18,21,0.373428,40,99
332,18,3,0.848881,42,119
333,2,23,0.0994205,186,259
334,13,10,0.283569,134,194
335,23,3,0.923319,184,257
336,17,21,0.289823,138,194
337,10,2,0.0199225,90,168
338,1,11,0.910036,186,242
339,18,14,0.250807,40,109
340,24,6,0.367941,138,209
341,20,10,0.44066,42,108
342,0,15,0.478302,184,261
343,15,19,0.481863,38,114
344,24,22,0.585968,86,152
345,0,15,0.47559,40,117
346,13,10,0.792932,182,242
347,1,9,0.327511,184,244
348,10,24,0.775159,38,101
349,18,20,0.232641,184,245
350,10,23,0.658105,42,96
351,15,24,0.764948,42,94
352,10,23,0.438167,86,140
353,17,14,0.00802628,136,202
354,8,16,0.0111382,42,104
355,22,11,0.453495,88,152
356,9,12,0.00454545,38,108
357,23,8,0.752668,86,152
358,24,12,0.0427771,88,170
359,1,4,0.609976,230,284
360,8,9,0.278482,184,253
361,20,0,0.0634522,38,101
362,22,12,0.466916,88,153
363,15,24,0.854043,138,190
364,10,23,0.46882,134,188
365,12,23,0.0638166,134,210
366,24,19,0.778137,138,212
367,22,10,0.0691992,136,203
368,13,18,0.537416,38,93
369,22,10,0.0696396,182,249
370,22,16,0.13296,86,150
371,12,6,0.145527,88,155
372,21,5,0.00454545,182,248
373,15,23,0.552519,184,243
374,5,16,0.378168,134,205
375,23,4,0.37697,88,159
376,17,16,0.0696789,136,206
377,18,16,0.469435,184,257
378,10,20,0.0905041,38,107
379,14,1,0.979642,86,150
380,1,19,0.762865,136,197
381,12,22,0.201547,42,108
382,21,22,0.0213172,40,107
383,1,17,0.930917,86,150
384,24,22,0.593788,88,154
385,20,17,0.469683,86,146
386,16,20,0.228165,90,156
387,13,24,0.346658,134,193
388,3,18,0.519859,86,161
389,14,6,0.137528,38,111
390,24,21,0.112424,90,156
391,4,10,0.0556516,182,262
392,16,8,0.215636,184,246
393,1,6,0.581989,138,195
394,22,18,0.770447,42,104
395,13,18,0.293082,232,287
396,20,8,0.242889,86,153
397,13,8,0.0993601,38,99
398,17,2,0.041863,40,109
399,11,12,0.569722,136,202
400,5,23,0.835833,138,205
401,4,13,0.332745,88,156
402,13,17,0.742271,184,238
403,9,12,0.00454545,40,110
404,1,0,0.819887,86,139
405,10,21,0.0442836,136,203
406,0,16,0.821685,138,199
407,10,11,0.0427131,88,167
408,24,16,0.0197076,88,168
409,23,14,0.362839,90,161
410,16,13,0.0227819,86,151
411,10,20,0.105414,42,111
412,4,10,0.0579979,136,216
413,8,15,0.0472802,38,113
414,0,14,0.329685,86,155
415,24,17,0.837432,90,155
416,12,13,0.199904,90,163
417,5,12,0.0152229,90,163
418,18,8,0.650562,90,154
419,22,18,0.806625,90,152
420,19,21,0.649136,42,98
421,5,1,0.812996,40,103
422,16,18,0.151029,138,210
423,15,10,0.68936,90,145
424,1,3,0.589887,186,242
425,11,22,0.863224,38,102
426,23,2,0.0912522,40,112
427,20,22,0.261753,186,247
428,12,13,0.180862,88,161
429,8,3,0.438012,138,195
430,14,5,0.32536,86,165
431,23,15,0.257432,42,101
432,10,14,0.118469,40,117
433,18,10,0.822376,38,96
434,13,1,0.448036,40,101
435,23,17,0.0129702,234,287
436,3,18,0.521162,90,165
437,20,0,0.0686289,88,151
438,12,22,0.231758,182,248
439,21,19,0.395059,38,94
440,0,3,0.314493,86,147
441,19,9,0.192163,86,159
442,21,5,0.00454545,184,250
443,24,6,0.421975,134,205
444,21,12,0.0152078,86,152
445,14,15,0.635392,86,166
446,0,20,0.771714,42,105
447,21,1,0.298436,184,243
448,6,3,0.258354,184,249
449,2,12,0.047785,42,107
450,0,14,0.280276,138,207
451,17,5,0.213013,86,150
452,17,21,0.274714,184,240
453,12,23,0.0635283,40,116
454,3,10,0.100039,42,122
455,1,20,0.418579,86,144
456,18,1,0.252001,136,201
457,20,12,0.0188342,184,252
458,20,16,0.01385,90,156
459,13,23,0.94911,186,243
460,12,22,0.207269,138,204
461,10,3,0.0607837,42,121
462,8,9,0.289278,40,109
463,22,15,0.128894,184,253
464,6,1,0.839028,138,195
465,20,0,0.0688124,40,103
466,0,21,0.417382,136,200
467,1,14,0.451104,38,102
468,15,0,0.42424,42,119
469,20,23,0.0992957,90,153
470,4,23,0.147776,182,254
471,23,1,0.554391,38,103
472,11,10,0.314151,90,166
473,22,16,0.112453,184,248
474,16,13,0.0317867,88,153
475,15,12,0.826081,38,120
476,8,16,0.0119992,138,200
477,8,23,0.301374,42,106
478,18,19,0.830508,138,205
479,13,20,0.503116,232,286
480,22,24,0.447697,90,156
481,11,22,0.827016,186,250
482,12,2,0.197064,42,107
483,24,16,0.020571,184,264
484,24,11,0.758705,136,212
485,3,19,0.0889951,134,193
486,18,17,0.712436,186,239
487,24,6,0.363495,42,113
488,3,10,0.0943599,90,170
489,18,15,0.445914,134,192
490,2,23,0.0866411,136,209
491,14,12,0.176763,182,246
492,19,10,0.229872,86,173
493,0,13,0.390296,90,157
494,5,13,0.261559,42,100
495,16,0,0.775709,90,151
496,8,9,0.294495,138,207
497,8,4,0.00937784,182,245
498,20,13,0.449472,232,286
499,13,19,0.743953,88,152
