NODES,25
INDEX,Name,X-coordinate,Y-coordinate
0,0,-,-
1,1,-,-
2,2,-,-
3,3,-,-
4,4,-,-
5,5,-,-
6,6,-,-
7,7,-,-
8,8,-,-
9,9,-,-
10,10,-,-
11,11,-,-
12,12,-,-
13,13,-,-
14,14,-,-
15,15,-,-
16,16,-,-
17,17,-,-
18,18,-,-
19,19,-,-
20,20,-,-
21,21,-,-
22,22,-,-
23,23,-,-
24,24,-,-
ARCS,529
Index,Origin,Destination,Variable Cost,Fixed Cost,Capacity,Travel time
0,0,1,0,117.8,1,5
1,1,0,0,117.8,1,5
2,1,2,0,234.05,1,7
3,1,3,0,260.4,1,8
4,1,4,0,175.15,1,6
5,1,5,0,486.7,1,15
6,1,6,0,323.95,1,9
7,1,8,0,323.95,1,9
8,1,9,0,447.95,1,12
9,1,10,0,883.5,1,26
10,1,11,0,255.75,1,8
11,1,12,0,387.5,1,10
12,1,13,0,489.8,1,14
13,1,14,0,525.45,1,16
14,1,15,0,1002.85,1,24
15,1,16,0,252.65,1,8
16,1,17,0,545.6,1,16
17,1,18,0,680.45,1,18
18,1,19,0,503.75,1,13
19,1,20,0,358.05,1,10
20,1,21,0,409.2,1,11
21,1,22,0,266.6,1,8
22,1,23,0,699.05,1,18
23,1,24,0,903.65,1,24
24,2,1,0,234.05,1,7
25,3,1,0,260.4,1,8
26,3,4,0,230.95,1,8
27,3,8,0,311.55,1,9
28,3,12,0,144.15,1,5
29,3,13,0,661.85,1,20
30,3,14,0,418.5,1,11
31,3,16,0,151.9,1,5
32,3,19,0,396.8,1,11
33,3,21,0,469.65,1,14
34,3,22,0,429.35,1,13
35,4,1,0,175.15,1,6
36,4,3,0,230.95,1,8
37,5,1,0,486.7,1,15
38,5,13,0,367.35,1,10
39,6,1,0,323.95,1,9
40,6,13,0,430.9,1,11
41,7,1,0,103.85,1,4
42,8,1,0,323.95,1,9
43,8,3,0,311.55,1,9
44,8,13,0,415.4,1,11
45,8,16,0,161.2,1,6
46,8,21,0,158.1,1,5
47,9,1,0,447.95,1,12
48,10,1,0,891.25,1,23
49,10,23,0,192.2,1,6
50,11,1,0,255.75,1,8
51,11,13,0,592.1,1,16
52,12,1,0,387.5,1,10
53,12,3,0,144.15,1,5
54,13,1,0,489.8,1,13
55,13,3,0,669.6,1,22
56,13,5,0,367.35,1,10
57,13,6,0,430.9,1,12
58,13,10,0,483.6,1,12
59,13,11,0,596.75,1,17
60,13,15,0,553.35,1,14
61,13,17,0,176.7,1,6
62,13,18,0,248,1,7
63,13,19,0,573.5,1,16
64,13,20,0,198.4,1,6
65,13,21,0,275.9,1,8
66,13,22,0,232.5,1,7
67,13,23,0,323.95,1,9
68,13,24,0,449.5,1,11
69,14,1,0,525.45,1,16
70,14,3,0,418.5,1,11
71,14,19,0,111.6,1,4
72,14,21,0,384.4,1,10
73,15,1,0,1002.85,1,24
74,15,13,0,553.35,1,16
75,15,18,0,350.3,1,10
76,15,21,0,747.1,1,20
77,15,23,0,412.3,1,11
78,16,1,0,252.65,1,8
79,16,3,0,151.9,1,5
80,16,8,0,161.2,1,6
81,16,13,0,581.25,1,17
82,16,21,0,305.35,1,9
83,17,1,0,544.05,1,14
84,17,13,0,176.7,1,6
85,17,18,0,127.1,1,5
86,17,21,0,292.95,1,8
87,18,1,0,666.5,1,17
88,18,10,0,308.45,1,10
89,18,13,0,248,1,7
90,18,15,0,350.3,1,10
91,18,17,0,127.1,1,5
92,18,19,0,719.2,1,19
93,18,21,0,421.6,1,11
94,18,22,0,421.6,1,13
95,18,23,0,116.25,1,4
96,18,24,0,237.15,1,7
97,19,1,0,503.75,1,13
98,19,3,0,396.8,1,11
99,19,8,0,240.25,1,7
100,19,14,0,111.6,1,4
101,19,21,0,297.6,1,8
102,20,1,0,358.05,1,10
103,20,13,0,198.4,1,6
104,20,23,0,522.35,1,15
105,21,1,0,409.2,1,11
106,21,3,0,458.8,1,13
107,21,8,0,158.1,1,5
108,21,13,0,275.9,1,8
109,21,14,0,384.4,1,10
110,21,15,0,829.25,1,22
111,21,17,0,292.95,1,8
112,21,18,0,420.05,1,13
113,21,19,0,297.6,1,8
114,21,23,0,440.2,1,11
115,22,1,0,266.6,1,8
116,22,3,0,429.35,1,12
117,22,13,0,232.5,1,7
118,23,1,0,699.05,1,17
119,23,10,0,192.2,1,6
120,23,13,0,323.95,1,9
121,23,15,0,412.3,1,11
122,23,17,0,153.45,1,5
123,23,18,0,116.25,1,4
124,23,21,0,446.4,1,13
125,23,24,0,305.35,1,9
126,24,1,0,903.65,1,24
127,24,13,0,449.5,1,11
128,24,18,0,237.15,1,7
129,24,23,0,305.35,1,9
130,0,2,0,161.2,1,6
131,0,3,0,353.4,1,10
132,0,4,0,285.2,1,9
133,0,5,0,474.3,1,13
134,0,6,0,246.45,1,8
135,0,8,0,427.8,1,12
136,0,9,0,379.75,1,11
137,0,10,0,931.55,1,25
138,0,11,0,158.1,1,5
139,0,12,0,401.45,1,11
140,0,14,0,632.4,1,17
141,0,15,0,1063.3,1,28
142,0,16,0,367.35,1,11
143,0,17,0,596.75,1,16
144,0,18,0,717.65,1,19
145,0,19,0,615.35,1,17
146,0,20,0,361.15,1,10
147,0,21,0,444.85,1,13
148,0,22,0,297.6,1,9
149,0,23,0,739.35,1,20
150,0,24,0,957.9,1,25
151,1,7,0,103.85,1,4
152,2,0,0,161.2,1,6
153,2,3,0,480.5,1,13
154,2,4,0,409.2,1,12
155,2,5,0,257.3,1,8
156,2,6,0,110.05,1,4
157,2,8,0,412.3,1,12
158,2,9,0,229.4,1,7
159,2,10,0,872.65,1,23
160,2,11,0,182.9,1,6
161,2,12,0,582.8,1,16
162,2,13,0,390.6,1,11
163,2,14,0,790.5,1,21
164,2,15,0,940.85,1,25
165,2,16,0,475.85,1,13
166,2,17,0,568.85,1,16
167,2,18,0,638.6,1,17
168,2,19,0,643.25,1,17
169,2,20,0,207.7,1,7
170,2,21,0,424.7,1,12
171,2,22,0,308.45,1,9
172,2,23,0,716.1,1,19
173,2,24,0,847.85,1,23
174,3,0,0,353.4,1,10
175,3,2,0,480.5,1,13
176,3,6,0,554.9,1,15
177,3,9,0,685.1,1,18
178,3,10,0,995.1,1,26
179,3,11,0,477.4,1,13
180,3,15,0,1224.5,1,32
181,3,17,0,764.15,1,20
182,3,18,0,833.9,1,22
183,3,20,0,620,1,17
184,3,23,0,888.15,1,23
185,3,24,0,1108.25,1,29
186,4,0,0,285.2,1,9
187,4,2,0,409.2,1,12
188,4,6,0,494.45,1,14
189,4,7,0,75.95,1,3
190,4,8,0,142.6,1,5
191,4,9,0,624.65,1,17
192,4,10,0,838.55,1,22
193,4,11,0,406.1,1,12
194,4,12,0,331.7,1,9
195,4,13,0,427.8,1,12
196,4,14,0,410.75,1,12
197,4,15,0,970.3,1,26
198,4,16,0,147.25,1,5
199,4,17,0,503.75,1,14
200,4,18,0,624.65,1,17
201,4,19,0,390.6,1,11
202,4,20,0,413.85,1,12
203,4,21,0,263.5,1,8
204,4,22,0,204.6,1,7
205,4,23,0,646.35,1,18
206,4,24,0,861.8,1,23
207,5,0,0,474.3,1,13
208,5,2,0,257.3,1,8
209,5,6,0,161.2,1,5
210,5,9,0,198.4,1,6
211,5,11,0,320.85,1,9
212,5,18,0,660.3,1,16
213,5,20,0,178.25,1,6
214,5,23,0,720.75,1,19
215,6,0,0,246.45,1,8
216,6,2,0,110.05,1,4
217,6,3,0,554.9,1,15
218,6,4,0,494.45,1,14
219,6,5,0,161.2,1,5
220,6,8,0,637.05,1,17
221,6,9,0,141.05,1,5
222,6,10,0,939.3,1,25
223,6,11,0,165.85,1,5
224,6,12,0,623.1,1,17
225,6,14,0,840.1,1,22
226,6,15,0,982.7,1,26
227,6,16,0,576.6,1,16
228,6,17,0,615.35,1,17
229,6,18,0,685.1,1,18
230,6,19,0,824.6,1,22
231,6,20,0,243.35,1,7
232,6,21,0,593.65,1,16
233,6,22,0,446.4,1,13
234,6,23,0,761.05,1,20
235,6,24,0,877.3,1,23
236,7,3,0,246.45,1,8
237,7,4,0,75.95,1,3
238,8,0,0,427.8,1,12
239,8,2,0,412.3,1,12
240,8,4,0,142.6,1,5
241,8,6,0,637.05,1,17
242,8,9,0,767.25,1,21
243,8,10,0,714.55,1,19
244,8,11,0,545.6,1,15
245,8,12,0,460.35,1,13
246,8,14,0,328.6,1,10
247,8,15,0,883.5,1,23
248,8,17,0,427.8,1,12
249,8,18,0,542.5,1,15
250,8,19,0,240.25,1,7
251,8,20,0,444.85,1,13
252,8,22,0,203.05,1,7
253,8,23,0,536.3,1,15
254,8,24,0,801.35,1,21
255,9,0,0,379.75,1,11
256,9,2,0,229.4,1,7
257,9,3,0,685.1,1,18
258,9,4,0,624.65,1,17
259,9,5,0,198.4,1,6
260,9,6,0,141.05,1,5
261,9,8,0,767.25,1,21
262,9,10,0,1069.5,1,28
263,9,11,0,297.6,1,8
264,9,12,0,753.3,1,20
265,9,13,0,469.65,1,12
266,9,14,0,652.55,1,18
267,9,15,0,1112.9,1,29
268,9,16,0,706.8,1,19
269,9,17,0,646.35,1,18
270,9,18,0,711.45,1,18
271,9,19,0,954.8,1,25
272,9,20,0,279,1,8
273,9,21,0,723.85,1,19
274,9,22,0,576.6,1,16
275,9,23,0,891.25,1,24
276,9,24,0,1019.9,1,27
277,10,0,0,931.55,1,25
278,10,2,0,872.65,1,23
279,10,3,0,995.1,1,26
280,10,4,0,838.55,1,22
281,10,6,0,939.3,1,25
282,10,8,0,714.55,1,19
283,10,9,0,1069.5,1,28
284,10,11,0,1133.05,1,30
285,10,12,0,1086.55,1,28
286,10,13,0,483.6,1,12
287,10,14,0,970.3,1,26
288,10,15,0,224.75,1,7
289,10,16,0,872.65,1,23
290,10,17,0,334.8,1,9
291,10,18,0,306.9,1,9
292,10,19,0,909.85,1,24
293,10,20,0,714.55,1,19
294,10,21,0,623.1,1,16
295,10,22,0,623.1,1,17
296,10,24,0,286.75,1,8
297,11,0,0,158.1,1,5
298,11,2,0,182.9,1,6
299,11,3,0,477.4,1,13
300,11,4,0,406.1,1,12
301,11,5,0,320.85,1,9
302,11,6,0,165.85,1,5
303,11,8,0,545.6,1,15
304,11,9,0,297.6,1,9
305,11,10,0,1133.05,1,30
306,11,12,0,523.9,1,14
307,11,14,0,770.35,1,21
308,11,15,0,1112.9,1,29
309,11,16,0,488.25,1,14
310,11,17,0,798.25,1,21
311,11,18,0,832.35,1,21
312,11,19,0,748.65,1,20
313,11,20,0,406.1,1,11
314,11,21,0,649.45,1,18
315,11,22,0,499.1,1,14
316,11,23,0,852.5,1,23
317,11,24,0,1021.45,1,27
318,12,0,0,401.45,1,11
319,12,2,0,582.8,1,16
320,12,4,0,331.7,1,10
321,12,6,0,623.1,1,17
322,12,8,0,460.35,1,13
323,12,9,0,753.3,1,20
324,12,10,0,1086.55,1,28
325,12,11,0,523.9,1,14
326,12,13,0,776.55,1,20
327,12,14,0,550.25,1,15
328,12,15,0,1233.8,1,32
329,12,16,0,296.05,1,9
330,12,17,0,776.55,1,21
331,12,18,0,1038.5,1,27
332,12,19,0,523.9,1,14
333,12,20,0,637.05,1,17
334,12,21,0,554.9,1,15
335,12,22,0,556.45,1,15
336,12,23,0,919.15,1,24
337,12,24,0,1137.7,1,30
338,13,2,0,390.6,1,11
339,13,4,0,427.8,1,12
340,13,8,0,415.4,1,11
341,13,9,0,469.65,1,12
342,13,14,0,655.65,1,17
343,13,16,0,530.1,1,14
344,14,0,0,632.4,1,17
345,14,2,0,790.5,1,21
346,14,4,0,410.75,1,12
347,14,6,0,840.1,1,22
348,14,8,0,328.6,1,10
349,14,9,0,652.55,1,18
350,14,10,0,970.3,1,26
351,14,11,0,770.35,1,21
352,14,12,0,550.25,1,15
353,14,13,0,655.65,1,17
354,14,15,0,1106.7,1,28
355,14,16,0,272.8,1,8
356,14,17,0,671.15,1,18
357,14,18,0,798.25,1,20
358,14,20,0,852.5,1,23
359,14,22,0,527,1,15
360,14,23,0,818.4,1,20
361,14,24,0,995.1,1,26
362,15,0,0,1063.3,1,28
363,15,2,0,940.85,1,25
364,15,3,0,1224.5,1,32
365,15,4,0,970.3,1,26
366,15,6,0,982.7,1,26
367,15,8,0,883.5,1,23
368,15,9,0,1112.9,1,29
369,15,10,0,224.75,1,7
370,15,11,0,1112.9,1,29
371,15,12,0,1233.8,1,32
372,15,14,0,1106.7,1,28
373,15,16,0,1027.65,1,27
374,15,17,0,454.15,1,12
375,15,19,0,1023,1,27
376,15,20,0,757.95,1,19
377,15,22,0,733.15,1,19
378,15,24,0,110.05,1,4
379,16,0,0,367.35,1,11
380,16,2,0,475.85,1,13
381,16,4,0,147.25,1,5
382,16,6,0,576.6,1,16
383,16,7,0,155,1,5
384,16,9,0,706.8,1,19
385,16,10,0,872.65,1,23
386,16,11,0,488.25,1,14
387,16,12,0,296.05,1,8
388,16,14,0,272.8,1,8
389,16,15,0,1027.65,1,27
390,16,17,0,570.4,1,16
391,16,18,0,686.65,1,19
392,16,19,0,251.1,1,7
393,16,20,0,525.45,1,15
394,16,22,0,302.25,1,9
395,16,23,0,692.85,1,19
396,16,24,0,951.7,1,25
397,17,0,0,596.75,1,16
398,17,2,0,568.85,1,16
399,17,3,0,764.15,1,20
400,17,4,0,503.75,1,14
401,17,5,0,530.1,1,14
402,17,6,0,615.35,1,17
403,17,8,0,427.8,1,12
404,17,9,0,649.45,1,18
405,17,10,0,334.8,1,10
406,17,11,0,798.25,1,21
407,17,12,0,776.55,1,21
408,17,14,0,671.15,1,17
409,17,15,0,454.15,1,12
410,17,16,0,570.4,1,16
411,17,19,0,581.25,1,16
412,17,20,0,373.55,1,10
413,17,22,0,294.5,1,8
414,17,23,0,153.45,1,5
415,17,24,0,362.7,1,10
416,18,0,0,719.2,1,19
417,18,2,0,638.6,1,17
418,18,3,0,833.9,1,22
419,18,4,0,624.65,1,17
420,18,5,0,660.3,1,16
421,18,6,0,685.1,1,18
422,18,8,0,542.5,1,15
423,18,9,0,711.45,1,18
424,18,11,0,832.35,1,21
425,18,12,0,1038.5,1,27
426,18,14,0,798.25,1,21
427,18,16,0,686.65,1,19
428,18,20,0,438.65,1,12
429,19,0,0,615.35,1,17
430,19,2,0,643.25,1,17
431,19,4,0,390.6,1,11
432,19,6,0,824.6,1,22
433,19,9,0,954.8,1,25
434,19,10,0,909.85,1,24
435,19,11,0,748.65,1,20
436,19,12,0,523.9,1,14
437,19,13,0,565.75,1,14
438,19,15,0,1023,1,27
439,19,16,0,251.1,1,7
440,19,17,0,581.25,1,16
441,19,18,0,709.9,1,18
442,19,20,0,764.15,1,20
443,19,22,0,437.1,1,12
444,19,23,0,728.5,1,18
445,19,24,0,942.4,1,25
446,20,0,0,361.15,1,10
447,20,2,0,207.7,1,7
448,20,3,0,620,1,17
449,20,4,0,413.85,1,12
450,20,5,0,178.25,1,6
451,20,6,0,243.35,1,7
452,20,8,0,444.85,1,13
453,20,9,0,279,1,8
454,20,10,0,714.55,1,19
455,20,11,0,406.1,1,11
456,20,12,0,637.05,1,17
457,20,14,0,878.85,1,23
458,20,15,0,757.95,1,19
459,20,16,0,525.45,1,15
460,20,17,0,373.55,1,11
461,20,18,0,438.65,1,12
462,20,19,0,764.15,1,20
463,20,21,0,466.55,1,13
464,20,22,0,272.8,1,8
465,20,24,0,641.7,1,17
466,21,0,0,444.85,1,13
467,21,2,0,424.7,1,12
468,21,4,0,263.5,1,8
469,21,6,0,593.65,1,16
470,21,9,0,723.85,1,19
471,21,10,0,623.1,1,16
472,21,11,0,646.35,1,18
473,21,12,0,554.9,1,15
474,21,16,0,305.35,1,9
475,21,20,0,466.55,1,13
476,21,22,0,142.6,1,5
477,21,24,0,651,1,18
478,22,0,0,297.6,1,9
479,22,2,0,308.45,1,10
480,22,4,0,204.6,1,7
481,22,6,0,446.4,1,13
482,22,8,0,203.05,1,6
483,22,9,0,576.6,1,16
484,22,10,0,623.1,1,17
485,22,11,0,499.1,1,14
486,22,12,0,556.45,1,15
487,22,14,0,527,1,15
488,22,15,0,733.15,1,19
489,22,16,0,302.25,1,9
490,22,17,0,294.5,1,8
491,22,18,0,404.55,1,10
492,22,19,0,437.1,1,12
493,22,20,0,272.8,1,9
494,22,21,0,142.6,1,5
495,22,23,0,432.45,1,11
496,22,24,0,643.25,1,17
497,23,0,0,739.35,1,20
498,23,2,0,716.1,1,19
499,23,3,0,888.15,1,23
500,23,4,0,646.35,1,18
501,23,6,0,761.05,1,20
502,23,8,0,536.3,1,15
503,23,9,0,891.25,1,24
504,23,11,0,852.5,1,23
505,23,12,0,919.15,1,24
506,23,14,0,818.4,1,20
507,23,16,0,692.85,1,19
508,23,19,0,728.5,1,18
509,23,20,0,522.35,1,14
510,23,22,0,432.45,1,11
511,24,0,0,957.9,1,25
512,24,2,0,847.85,1,23
513,24,3,0,1108.25,1,29
514,24,4,0,861.8,1,23
515,24,6,0,877.3,1,23
516,24,8,0,801.35,1,21
517,24,9,0,1019.9,1,27
518,24,10,0,286.75,1,8
519,24,11,0,1021.45,1,27
520,24,12,0,1137.7,1,30
521,24,14,0,995.1,1,26
522,24,15,0,110.05,1,4
523,24,16,0,951.7,1,25
524,24,17,0,362.7,1,10
525,24,19,0,942.4,1,25
526,24,20,0,641.7,1,17
527,24,21,0,651,1,16
528,24,22,0,643.25,1,17
PATHS,600
Index,Shipment origin,Shipment destination,1st terminal on path,2nd terminal on path,.....,6th terminal on path
0,0,1,0,1
1,0,2,0,1,2
2,0,3,0,1,3
3,0,4,0,1,4
4,0,5,0,1,5
5,0,6,0,1,6
6,0,7,0,1,7
7,0,8,0,1,8
8,0,9,0,1,9
9,0,10,0,1,10
10,0,11,0,1,11
11,0,12,0,1,12
12,0,13,0,1,13
13,0,14,0,1,14
14,0,15,0,1,15
15,0,16,0,1,16
16,0,17,0,1,17
17,0,18,0,1,18
18,0,19,0,1,19
19,0,20,0,1,20
20,0,21,0,1,21
21,0,22,0,1,22
22,0,23,0,1,23
23,0,24,0,1,24
24,1,0,1,0
25,1,2,1,2
26,1,3,1,3
27,1,4,1,4
28,1,5,1,5
29,1,6,1,6
30,1,7,1,7
31,1,8,1,8
32,1,9,1,9
33,1,10,1,10
34,1,11,1,11
35,1,12,1,12
36,1,13,1,13
37,1,14,1,14
38,1,15,1,15
39,1,16,1,16
40,1,17,1,17
41,1,18,1,18
42,1,19,1,19
43,1,20,1,20
44,1,21,1,21
45,1,22,1,22
46,1,23,1,23
47,1,24,1,24
48,2,0,2,1,0
49,2,1,2,1
50,2,3,2,1,3
51,2,4,2,1,4
52,2,5,2,1,5
53,2,6,2,1,6
54,2,8,2,1,8
55,2,7,2,1,7
56,2,9,2,1,9
57,2,10,2,1,10
58,2,11,2,1,11
59,2,12,2,1,12
60,2,13,2,1,13
61,2,14,2,1,14
62,2,15,2,1,15
63,2,16,2,1,16
64,2,17,2,1,17
65,2,18,2,1,18
66,2,19,2,1,19
67,2,20,2,1,20
68,2,21,2,1,21
69,2,22,2,1,22
70,2,23,2,1,23
71,2,24,2,1,24
72,3,0,3,1,0
73,3,1,3,1
74,3,2,3,1,2
75,3,4,3,4
76,3,5,3,1,5
77,3,6,3,1,6
78,3,7,3,1,7
79,3,8,3,8
80,3,9,3,1,9
81,3,10,3,13,10
82,3,11,3,1,11
83,3,12,3,12
84,3,13,3,13
85,3,14,3,14
86,3,15,3,13,15
87,3,16,3,16
88,3,17,3,13,17
89,3,18,3,13,18
90,3,19,3,19
91,3,20,3,1,20
92,3,21,3,21
93,3,22,3,22
94,3,23,3,21,23
95,3,24,3,13,24
96,4,0,4,1,0
97,4,1,4,1
98,4,2,4,1,2
99,4,3,4,3
100,4,5,4,1,5
101,4,6,4,1,6
102,4,7,4,1,7
103,4,8,4,1,8
104,4,9,4,1,9
105,4,10,4,1,10
106,4,11,4,1,11
107,4,12,4,3,12
108,4,13,4,1,13
109,4,14,4,3,14
110,4,15,4,1,15
111,4,16,4,3,16
112,4,17,4,1,17
113,4,18,4,1,18
114,4,19,4,3,19
115,4,20,4,1,20
116,4,21,4,1,21
117,4,22,4,1,22
118,4,23,4,1,23
119,4,24,4,1,24
120,5,0,5,1,0
121,5,1,5,1
122,5,2,5,1,2
123,5,3,5,1,3
124,5,4,5,1,4
125,5,6,5,1,6
126,5,7,5,1,7
127,5,8,5,1,8
128,5,9,5,1,9
129,5,10,5,13,10
130,5,11,5,1,11
131,5,12,5,1,12
132,5,13,5,13
133,5,14,5,1,14
134,5,15,5,13,15
135,5,16,5,1,16
136,5,17,5,13,17
137,5,18,5,13,18
138,5,19,5,13,21,19
139,5,20,5,13,20
140,5,21,5,13,21
141,5,22,5,1,22
142,5,23,5,13,23
143,5,24,5,13,24
144,6,0,6,1,0
145,6,1,6,1
146,6,2,6,1,2
147,6,3,6,1,3
148,6,4,6,1,4
149,6,5,6,1,5
150,6,7,6,1,7
151,6,8,6,1,8
152,6,9,6,1,9
153,6,10,6,1,10
154,6,11,6,1,11
155,6,12,6,1,12
156,6,13,6,1,13
157,6,14,6,1,14
158,6,15,6,1,15
159,6,16,6,1,16
160,6,17,6,1,17
161,6,18,6,1,18
162,6,19,6,1,19
163,6,20,6,1,20
164,6,21,6,1,21
165,6,22,6,1,22
166,6,23,6,1,23
167,6,24,6,1,24
168,7,0,7,1,0
169,7,1,7,1
170,7,2,7,1,2
171,7,3,7,3
172,7,4,7,4
173,7,5,7,1,5
174,7,6,7,3,6
175,7,8,7,3,8
176,7,9,7,1,9
177,7,10,7,1,9
178,7,11,7,3,11
179,7,12,7,4,12
180,7,13,7,4,13
181,7,14,7,4,14
182,7,15,7,4,15
183,7,16,7,4,16
184,7,17,7,1,17
185,7,18,7,1,18
186,7,19,7,1,19
187,7,20,7,1,20
188,7,21,7,1,21
189,7,22,7,1,22
190,7,23,7,1,23
191,7,24,7,1,24
192,8,0,8,1,0
193,8,1,8,1
194,8,2,8,1,2
195,8,3,8,3
196,8,4,8,1,4
197,8,5,8,1,5
198,8,6,8,1,6
199,8,7,8,1,7
200,8,9,8,1,9
201,8,10,8,21,23,10
202,8,11,8,1,11
203,8,12,8,3,12
204,8,13,8,21,13
205,8,14,8,21,14
206,8,15,8,21,13,15
207,8,16,8,3,16
208,8,17,8,21,17
209,8,18,8,21,18
210,8,19,8,21,19
211,8,20,8,1,20
212,8,21,8,21
213,8,22,8,1,22
214,8,23,8,21,23
215,8,24,8,21,13,24
216,9,0,9,1,0
217,9,1,9,1
218,9,2,9,1,2
219,9,3,9,1,3
220,9,4,9,1,4
221,9,5,9,1,5
222,9,6,9,1,6
223,9,7,9,1,7
224,9,8,9,1,8
225,9,10,9,1,10
226,9,11,9,1,11
227,9,12,9,1,12
228,9,13,9,1,13
229,9,14,9,1,14
230,9,15,9,1,15
231,9,16,9,1,16
232,9,17,9,1,17
233,9,18,9,1,18
234,9,19,9,1,19
235,9,20,9,1,20
236,9,21,9,1,21
237,9,22,9,1,22
238,9,23,9,1,23
239,9,24,9,1,24
240,10,0,10,1,0
241,10,1,10,1
242,10,2,10,1,2
243,10,3,10,1,3
244,10,4,10,1,4
245,10,5,10,23,13,5
246,10,6,10,23,13,6
247,10,7,10,1,7
248,10,8,10,23,21,8
249,10,9,10,1,9
250,10,11,10,1,11
251,10,12,10,1,12
252,10,13,10,23,13
253,10,14,10,23,21,14
254,10,15,10,23,15
255,10,16,10,1,16
256,10,17,10,23,17
257,10,18,10,23,18
258,10,19,10,23,21,19
259,10,20,10,23,13,20
260,10,21,10,23,21
261,10,22,10,23,22
262,10,23,10,23
263,10,24,10,23,24
264,11,0,11,1,0
265,11,1,11,1
266,11,2,11,1,2
267,11,3,11,1,3
268,11,4,11,1,4
269,11,5,11,1,5
270,11,6,11,1,6
271,11,7,11,1,7
272,11,8,11,1,8
273,11,9,11,1,9
274,11,10,11,13,10
275,11,12,11,1,12
276,11,13,11,13
277,11,14,11,1,14
278,11,15,11,13,15
279,11,16,11,1,16
280,11,17,11,13,17
281,11,18,11,13,18
282,11,19,11,1,19
283,11,20,11,1,20
284,11,21,11,1,21
285,11,22,11,1,22
286,11,23,11,13,23
287,11,24,11,13,24
288,12,0,12,1,0
289,12,1,12,1
290,12,2,12,1,2
291,12,3,12,3
292,12,4,12,3,4
293,12,5,12,1,5
294,12,6,12,1,6
295,12,7,12,1,7
296,12,8,12,3,8
297,12,9,12,1,9
298,12,10,12,1,10
299,12,11,12,1,11
300,12,13,12,3,13
301,12,14,12,3,14
302,12,15,12,1,15
303,12,16,12,3,16
304,12,17,12,1,17
305,12,18,12,1,18
306,12,19,12,3,19
307,12,20,12,1,20
308,12,21,12,3,21
309,12,22,12,3,22
310,12,23,12,1,23
311,12,24,12,1,24
312,13,0,13,1,0
313,13,1,13,1
314,13,2,13,1,2
315,13,3,13,3
316,13,4,13,4
317,13,5,13,5
318,13,6,13,6
319,13,7,13,1,7
320,13,8,13,21,8
321,13,9,13,1,9
322,13,10,13,10
323,13,11,13,11
324,13,12,13,3,12
325,13,14,13,21,14
326,13,15,13,15
327,13,16,13,1,16
328,13,17,13,17
329,13,18,13,18
330,13,19,13,21,19
331,13,20,13,20
332,13,21,13,21
333,13,22,13,22
334,13,23,13,23
335,13,24,13,24
336,14,0,14,1,0
337,14,1,14,1
338,14,2,14,1,2
339,14,3,14,3
340,14,4,14,3,4
341,14,5,14,1,5
342,14,6,14,1,6
343,14,7,14,1,7
344,14,8,14,3,8
345,14,9,14,1,9
346,14,10,14,21,23,10
347,14,11,14,1,11
348,14,12,14,3,12
349,14,13,14,21,13
350,14,15,14,21,13,15
351,14,16,14,3,16
352,14,17,14,21,17
353,14,18,14,21,18
354,14,19,14,1,19
355,14,20,14,1,20
356,14,21,14,21
357,14,22,14,1,22
358,14,23,14,21,23
359,14,24,14,21,13,24
360,15,0,15,1,0
361,15,1,15,1
362,15,2,15,1,2
363,15,3,15,13,3
364,15,4,15,1,4
365,15,5,15,13,5
366,15,6,15,13,6
367,15,7,15,1,7
368,15,8,15,21,8
369,15,9,15,1,9
370,15,10,15,10
371,15,11,15,1,11
372,15,12,15,1,12
373,15,13,15,13
374,15,14,15,21,14
375,15,16,15,1,16
376,15,17,15,17
377,15,18,15,18
378,15,19,15,21,19
379,15,20,15,13,20
380,15,21,15,21
381,15,22,15,13,22
382,15,23,15,23
383,15,24,15,24
384,16,0,16,1,0
385,16,1,16,1
386,16,2,16,1,2
387,16,3,16,3
388,16,4,16,3,4
389,16,5,16,1,5
390,16,6,16,1,6
391,16,7,16,1,7
392,16,8,16,3,8
393,16,9,16,1,9
394,16,10,16,13,10
395,16,11,16,1,11
396,16,12,16,3,12
397,16,13,16,13
398,16,14,16,3,14
399,16,15,16,13,15
400,16,17,16,13,17
401,16,18,16,13,18
402,16,19,16,3,19
403,16,20,16,1,20
404,16,21,16,21
405,16,22,16,3,22
406,16,23,16,13,23
407,16,24,16,13,24
408,17,0,17,1,0
409,17,1,17,1
410,17,2,17,1,2
411,17,3,17,13,3
412,17,4,17,1,4
413,17,5,17,13,5
414,17,6,17,13,6
415,17,7,17,1,7
416,17,8,17,21,8
417,17,9,17,1,9
418,17,10,17,13,10
419,17,11,17,1,11
420,17,12,17,1,12
421,17,13,17,13
422,17,14,17,21,14
423,17,15,17,13,15
424,17,16,17,1,16
425,17,18,17,18
426,17,19,17,21,19
427,17,20,17,13,20
428,17,21,17,21
429,17,22,17,13,22
430,17,23,17,13,23
431,17,24,17,13,24
432,18,0,18,1,0
433,18,1,18,1
434,18,2,18,1,2
435,18,3,18,13,3
436,18,4,18,1,4
437,18,5,18,13,5
438,18,6,18,13,6
439,18,7,18,1,7
440,18,8,18,21,8
441,18,9,18,13,1,9
442,18,10,18,10
443,18,11,18,1,11
444,18,12,18,1,12
445,18,13,18,13
446,18,14,18,21,14
447,18,15,18,15
448,18,16,18,1,16
449,18,17,18,17
450,18,19,18,21,19
451,18,20,18,13,20
452,18,21,18,21
453,18,22,18,13,22
454,18,23,18,23
455,18,24,18,24
456,19,0,19,1,0
457,19,1,19,1
458,19,2,19,1,2
459,19,3,19,3
460,19,4,19,3,4
461,19,5,19,1,5
462,19,6,19,1,6
463,19,7,19,1,7
464,19,8,19,21,8
465,19,9,19,1,9
466,19,10,19,1,10
467,19,11,19,1,11
468,19,12,19,3,12
469,19,13,19,21,13
470,19,14,19,1,14
471,19,15,19,21,13,15
472,19,16,19,3,16
473,19,17,19,21,17
474,19,18,19,21,18
475,19,20,19,1,20
476,19,21,19,21
477,19,22,19,1,22
478,19,23,19,21,23
479,19,24,19,21,13,24
480,20,0,20,1,0
481,20,1,20,1
482,20,2,20,1,2
483,20,3,20,1,3
484,20,4,20,1,4
485,20,5,20,1,5
486,20,6,20,1,6
487,20,7,20,1,7
488,20,8,20,1,8
489,20,9,20,1,9
490,20,10,20,13,10
491,20,11,20,1,11
492,20,12,20,1,12
493,20,13,20,13
494,20,14,20,1,14
495,20,15,20,13,15
496,20,16,20,1,16
497,20,17,20,13,17
498,20,18,20,13,18
499,20,19,20,1,19
500,20,21,20,1,21
501,20,22,20,13,22
502,20,23,20,13,23
503,20,24,20,13,24
504,21,0,21,1,0
505,21,1,21,1
506,21,2,21,1,2
507,21,3,21,3
508,21,4,21,1,4
509,21,5,21,13,5
510,21,6,21,13,6
511,21,7,21,1,7
512,21,8,21,8
513,21,9,21,1,9
514,21,10,21,23,10
515,21,11,21,1,11
516,21,12,21,3,12
517,21,13,21,13
518,21,14,21,14
519,21,15,21,13,15
520,21,16,21,3,16
521,21,17,21,17
522,21,18,21,18
523,21,19,21,19
524,21,20,21,1,20
525,21,22,21,1,22
526,21,23,21,23
527,21,24,21,13,24
528,22,0,22,1,0
529,22,1,22,1
530,22,2,22,1,2
531,22,3,22,3
532,22,4,22,1,4
533,22,5,22,13,5
534,22,6,22,1,6
535,22,7,22,1,7
536,22,8,22,1,8
537,22,9,22,1,9
538,22,10,22,13,10
539,22,11,22,1,11
540,22,12,22,3,12
541,22,13,22,13
542,22,14,22,1,14
543,22,15,22,13,15
544,22,16,22,1,16
545,22,17,22,13,17
546,22,18,22,13,18
547,22,19,22,1,19
548,22,20,22,13,20
549,22,21,22,1,21
550,22,23,22,13,23
551,22,24,22,13,24
552,23,0,23,1,0
553,23,1,23,1
554,23,2,23,1,2
555,23,3,23,1,3
556,23,4,23,1,4
557,23,5,23,13,5
558,23,6,23,13,6
559,23,7,23,1,7
560,23,8,23,21,8
561,23,9,23,1,9
562,23,10,23,10
563,23,11,23,1,11
564,23,12,23,1,12
565,23,13,23,13
566,23,14,23,21,14
567,23,15,23,15
568,23,16,23,1,16
569,23,17,23,17
570,23,18,23,18
571,23,19,23,21,19
572,23,20,23,13,20
573,23,21,23,21
574,23,22,23,22
575,23,24,23,24
576,24,0,24,1,0
577,24,1,24,1
578,24,2,24,1,2
579,24,3,24,13,3
580,24,4,24,1,4
581,24,5,24,13,5
582,24,6,24,13,6
583,24,7,24,1,7
584,24,8,24,18,21,8
585,24,9,24,13,1,9
586,24,10,24,23,10
587,24,11,24,13,11
588,24,12,24,1,12
589,24,13,24,13
590,24,14,24,18,21,14
591,24,15,24,15
592,24,16,24,1,16
593,24,17,24,13,17
594,24,18,24,18
595,24,19,24,18,21,19
596,24,20,24,13,20
597,24,21,24,18,21
598,24,22,24,13,22
599,24,23,24,23
COMMODITIES,600
Index,Origin,Destination,Demand/Size,Earliest available time,Latest delivery time
0,3,5,0.83811,186,257
1,19,1,0.564133,182,243
2,17,1,0.886837,42,104
3,19,1,0.433426,90,151
4,3,8,0.771685,134,191
5,10,14,0.12041,134,211
6,22,2,0.621835,42,105
7,1,6,0.113236,134,191
8,13,0,0.612233,134,200
9,3,22,0.869244,90,151
10,18,10,0.921256,88,146
11,5,1,0.500233,38,101
12,13,18,0.0939658,184,239
13,22,23,0.560922,90,154
14,16,21,0.593537,88,145
15,23,10,0.710537,40,94
16,16,11,0.700505,186,250
17,10,1,0.159528,42,113
18,1,24,0.326025,86,158
19,11,22,0.920002,136,200
20,8,18,0.185995,88,154
21,3,22,0.340118,138,199
22,19,3,0.293557,138,197
23,18,24,0.567628,136,191
24,1,12,0.556707,42,100
25,1,17,0.262489,88,152
26,22,10,0.0607809,90,157
27,14,22,0.748128,138,210
28,14,0,0.822632,184,253
29,1,9,0.915468,182,242
30,1,15,0.687408,186,258
31,11,24,0.0696756,42,117
32,15,1,0.981764,186,258
33,18,8,0.337017,182,246
34,12,10,0.790057,38,122
35,18,16,0.539648,186,259
36,22,1,0.941767,186,242
37,8,1,0.866892,42,99
38,22,8,0.227539,184,249
39,15,6,0.18637,138,214
40,14,15,0.822677,138,218
41,5,23,0.845518,42,109
42,15,22,0.603868,86,157
43,13,11,0.0426608,136,201
44,14,13,0.905087,134,200
45,9,3,0.633022,86,154
46,1,5,0.913013,86,149
47,9,3,0.552517,182,250
48,8,1,0.344873,138,195
49,8,3,0.57274,40,97
50,3,22,0.962581,186,247
51,23,3,0.913134,90,163
52,18,19,0.120093,88,155
53,15,20,0.178088,90,160
54,3,12,0.807751,186,239
55,4,14,0.485184,186,253
56,16,1,0.995501,38,94
57,18,0,0.235561,38,108
58,22,17,0.302911,184,245
59,24,13,0.771033,42,101
60,2,15,0.399418,134,213
61,23,20,0.951448,186,249
62,15,10,0.416348,134,189
63,20,3,0.366268,38,104
64,10,24,0.870771,38,101
65,18,0,0.224522,90,160
66,15,8,0.165841,136,209
67,1,24,0.59072,42,114
68,20,2,0.222193,184,249
69,5,23,0.835419,38,105
70,11,3,0.856701,90,154
71,1,22,0.127372,136,192
72,3,5,0.811083,184,255
73,10,15,0.65759,138,203
74,1,16,0.417754,40,96
75,10,1,0.189079,90,161
76,17,1,0.918966,38,100
77,1,13,0.930389,182,244
78,18,13,0.649327,134,189
79,3,18,0.468264,136,211
80,4,0,0.153849,138,197
81,3,8,0.918521,230,287
82,1,10,0.338138,134,208
83,24,11,0.64195,186,262
84,19,21,0.745088,40,96
85,17,1,0.800561,184,246
86,22,21,0.46168,86,153
87,19,15,0.485155,38,116
88,1,13,0.806448,138,200
89,13,1,0.46768,42,103
90,13,11,0.345118,38,103
91,20,22,0.235678,184,245
92,3,24,0.00703102,182,261
93,23,21,0.674432,86,147
94,24,20,0.166615,90,155
95,22,21,0.474219,90,157
96,6,1,0.462965,42,99
97,23,6,0.59399,42,111
98,10,23,0.947064,234,288
99,17,9,0.340288,138,212
100,15,10,0.569384,186,241
101,22,2,0.61542,182,245
102,19,1,0.767122,136,197
103,4,3,0.422919,134,190
104,0,10,0.497948,88,167
105,0,23,0.920571,134,205
106,15,12,0.811765,138,220
107,13,21,0.514686,230,286
108,23,4,0.366449,186,257
109,13,2,0.315547,186,254
110,24,11,0.75465,184,260
111,1,9,0.779213,90,150
112,1,3,0.48776,40,96
113,13,21,0.169608,40,96
114,15,24,0.188871,186,238
115,20,1,0.567883,186,244
116,3,1,0.781411,136,192
117,11,24,0.212033,40,115
118,14,13,0.91024,88,154
119,22,12,0.473559,138,203
120,5,15,0.467432,42,114
121,19,11,0.633817,184,253
122,0,14,0.279369,138,207
123,10,18,0.518914,230,288
124,13,3,0.223278,88,158
125,1,18,0.571348,182,248
126,10,14,0.109197,184,261
127,0,20,0.754422,186,249
128,12,2,0.0578207,136,201
129,15,18,0.961246,88,146
130,2,19,0.303421,186,254
131,2,13,0.115119,38,107
132,23,19,0.0769712,42,111
133,19,23,0.602444,90,157
134,16,20,0.206575,38,104
135,13,24,0.363518,134,193
136,13,23,0.7662,134,191
137,6,3,0.273496,138,203
138,17,10,0.515336,88,154
139,1,23,0.516559,42,108
140,1,3,0.225267,186,242
141,11,18,0.127269,186,257
142,11,13,0.0869487,136,200
143,15,24,0.715157,232,284
144,16,1,0.461297,182,238
145,0,13,0.390562,184,251
146,4,16,0.425387,88,149
147,22,12,0.5046,88,153
148,20,3,0.350674,186,252
149,11,4,0.195501,134,196
150,21,13,0.873222,88,144
151,5,23,0.875895,86,153
152,23,24,0.79213,136,193
153,16,8,0.238803,86,148
154,15,24,0.455921,86,138
155,5,16,0.407195,136,207
156,9,1,0.141054,42,102
157,10,18,0.396293,134,192
158,22,1,0.834022,136,192
159,10,24,0.821448,42,105
160,23,17,0.938076,184,237
161,22,24,0.404927,136,202
162,1,3,0.694668,86,142
163,23,15,0.755174,186,245
164,4,3,0.467837,230,286
165,19,24,0.475334,38,113
166,23,19,0.558501,182,251
167,14,13,0.759867,86,152
168,12,1,0.306135,184,242
169,1,20,0.428011,186,244
170,10,18,0.620095,86,144
171,24,22,0.737806,134,200
172,11,14,0.426851,182,254
173,16,3,0.107744,234,287
174,6,1,0.44869,88,145
175,13,21,0.405947,232,288
176,1,0,0.831863,138,191
177,10,15,0.263703,88,153
178,12,2,0.162994,86,151
179,18,0,0.239509,86,156
180,13,18,0.911696,88,143
181,14,12,0.15854,42,106
182,23,1,0.413487,136,201
183,13,10,0.33278,186,246
184,16,6,0.113071,138,203
185,1,13,0.641982,186,248
186,16,0,0.697798,40,101
187,15,20,0.17081,86,156
188,11,21,0.307182,42,109
189,1,24,0.988349,88,160
190,21,3,0.242175,38,99
191,14,15,0.647845,134,214
192,14,13,0.951254,184,250
193,23,3,0.831671,86,159
194,22,24,0.438325,88,154
195,23,3,0.96577,42,115
196,14,16,0.0247163,40,104
197,13,18,0.692751,182,237
198,14,2,0.0905836,182,253
199,2,20,0.00326013,40,105
200,11,1,0.581436,232,288
201,13,22,0.168987,184,239
202,24,15,0.114095,40,92
203,4,1,0.304327,234,288
204,1,3,0.495399,138,194
205,19,20,0.345386,38,109
206,20,22,0.241172,42,103
207,23,11,0.316581,38,111
208,14,9,0.494971,186,262
209,1,15,0.871533,86,158
210,21,13,0.840364,182,238
211,18,17,0.991233,38,91
212,3,15,0.264852,134,216
213,11,22,0.809853,184,248
214,13,19,0.861866,42,106
215,24,1,0.707105,42,114
216,0,16,0.770708,136,197
217,0,1,0.364748,40,93
218,18,3,0.989031,136,213
219,14,15,0.195963,184,264
220,18,3,0.853273,40,117
221,22,11,0.464049,134,198
222,13,2,0.322125,38,106
223,3,23,0.483981,90,163
224,24,15,0.849594,136,188
225,3,24,0.876279,42,121
226,23,20,0.835487,138,201
227,24,12,0.0422106,138,220
228,23,21,0.892751,40,101
229,18,17,0.85188,230,283
230,17,1,0.440409,88,150
231,12,10,0.74153,138,222
232,13,23,0.0410046,90,147
233,19,10,0.25801,186,273
234,22,9,0.169715,86,154
235,19,16,0.107532,88,152
236,13,17,0.749473,186,240
237,10,4,0.0169829,86,163
238,1,23,0.740127,138,204
239,4,3,0.0859573,184,240
240,22,10,0.0649346,184,251
241,18,3,0.118874,38,115
242,15,22,0.599121,136,207
243,17,13,0.347205,182,236
244,3,15,0.227655,40,122
245,18,14,0.206955,136,205
246,14,4,0.240585,136,203
247,1,9,0.195763,40,100
248,1,18,0.300786,138,204
249,13,10,0.275945,136,196
250,14,12,0.184221,182,246
251,1,14,0.815701,182,246
252,15,20,0.117504,38,108
253,22,13,0.757915,184,239
254,13,24,0.697836,88,147
255,20,19,0.4731,138,209
256,0,5,0.182039,40,108
257,1,11,0.285971,38,94
258,23,20,0.0646324,90,153
259,0,10,0.481118,182,261
260,1,6,0.952764,40,97
261,4,1,0.693241,134,188
262,20,2,0.250223,90,155
263,20,0,0.062812,40,103
264,1,0,0.371449,90,143
265,2,4,0.986942,88,149
266,22,11,0.440934,138,202
267,10,23,0.354527,90,144
268,22,21,0.44193,38,105
269,19,22,0.475315,184,253
270,3,0,0.489868,42,103
271,18,11,0.115033,86,159
272,16,3,0.268635,136,189
273,19,20,0.359023,182,253
274,18,20,0.109683,38,99
275,24,22,0.611941,186,252
276,1,0,0.343822,38,91
277,11,15,0.123482,42,120
278,2,4,0.885083,186,247
279,1,2,0.388866,38,93
280,18,21,0.771595,38,97
281,17,9,0.328003,186,260
282,13,20,0.486922,232,286
283,13,0,0.669718,138,204
284,3,6,0.239293,90,155
285,22,9,0.203583,186,254
286,23,11,0.12604,136,209
287,3,11,0.537085,88,152
288,19,23,0.618578,138,205
289,24,13,0.571911,86,145
290,9,1,0.465278,182,242
291,2,18,0.0330747,86,159
292,18,5,0.972874,186,251
293,20,10,0.466561,184,250
294,22,9,0.175226,90,158
295,21,9,0.188688,88,159
296,5,1,0.086905,90,153
297,19,21,0.666656,86,142
298,13,14,0.0599668,182,248
299,1,16,0.93864,38,94
300,14,8,0.314347,184,252
301,22,15,0.13184,182,251
302,18,15,0.915645,182,240
303,15,0,0.449933,134,211
304,2,1,0.243052,40,95
305,16,3,0.761043,230,283
306,9,1,0.832426,186,246
307,6,4,0.0183464,138,201
308,4,24,0.296737,40,118
309,2,0,0.0445044,136,196
310,16,22,0.406471,88,154
311,5,1,0.158778,186,249
312,11,21,0.333713,184,251
313,11,1,0.366291,184,240
314,16,9,0.251558,40,108
315,22,23,0.570866,42,106
316,1,24,0.868331,136,208
317,8,3,0.868235,182,239
318,3,18,0.51926,134,209
319,18,20,0.820111,182,243
320,10,15,0.324566,40,105
321,3,22,0.168716,182,243
322,11,19,0.321532,40,109
323,3,23,0.412383,40,113
324,18,20,0.963072,86,147
325,23,10,0.0372387,232,286
326,1,4,0.41394,90,144
327,14,23,0.374999,136,205
328,1,8,0.646815,184,241
329,11,15,0.295741,138,216
330,3,5,0.786668,136,207
331,24,18,0.815074,230,285
332,15,14,0.420771,38,116
333,4,6,0.0640364,40,103
334,11,24,0.163783,138,213
335,17,13,0.208582,134,188
336,18,15,0.329779,40,98
337,0,13,0.385654,138,205
338,22,9,0.174818,88,156
339,21,3,0.315477,186,247
340,24,17,0.702628,136,201
341,13,17,0.766177,136,190
342,13,14,0.0597881,186,252
343,18,17,0.846743,186,239
344,23,10,0.115798,230,284
345,16,3,0.616935,90,143
346,18,23,0.745615,40,92
347,16,8,0.104126,38,100
348,5,1,0.00478207,40,103
349,18,2,0.398853,90,162
350,16,15,0.624186,40,119
351,16,4,0.793049,138,199
352,0,16,0.746316,42,103
353,24,6,0.393923,186,257
354,16,15,0.596995,182,261
355,23,10,0.593902,90,144
356,23,19,0.787975,134,203
357,4,1,0.725494,232,286
358,12,11,0.210648,138,204
359,15,1,0.81531,86,158
360,18,24,0.397131,88,143
361,17,15,0.354629,184,252
362,18,1,0.560028,86,151
363,4,16,0.469517,90,151
364,10,13,0.882662,138,201
365,16,18,0.1622,40,112
366,1,3,0.869032,42,98
367,10,18,0.608955,184,242
368,15,1,0.214299,42,114
369,13,24,0.485761,186,245
370,2,20,0.0421295,90,155
371,3,9,0.7531,40,108
372,4,3,0.899937,90,146
373,5,17,0.424105,136,200
374,5,13,0.476634,182,240
375,0,3,0.307112,88,149
376,13,23,0.0828891,40,97
377,1,19,0.336425,184,245
378,11,24,0.088745,86,161
379,15,12,0.842678,136,218
380,1,6,0.816784,230,287
381,14,22,0.674971,184,256
382,16,1,0.0531063,86,142
383,3,19,0.784537,40,99
384,18,10,0.272219,38,96
385,19,8,0.397666,184,245
386,20,17,0.466279,42,102
387,23,12,0.328091,136,211
388,16,20,0.225706,42,108
389,0,21,0.461397,88,152
390,12,9,0.240088,90,160
391,24,18,0.9481,182,237
392,0,1,0.330375,232,285
393,3,18,0.45139,88,163
394,14,11,0.735604,42,114
395,5,18,0.525382,136,201
396,1,20,0.85893,38,96
397,11,13,0.212622,40,104
398,14,15,0.641088,90,170
399,12,16,0.691748,134,192
400,13,5,0.293313,230,288
401,0,1,0.308282,234,287
402,22,17,0.336077,134,195
403,14,18,0.91024,186,257
404,18,17,0.565896,42,95
405,1,21,0.914429,184,243
406,8,1,0.47124,186,243
407,16,4,0.846359,90,151
408,19,24,0.437321,138,213
409,17,11,0.11785,134,204
410,21,19,0.397888,186,242
411,4,0,0.137831,134,193
412,15,8,0.184636,90,163
413,1,6,0.684123,184,241
414,19,17,0.277608,86,150
415,13,17,0.843237,86,140
416,12,11,0.196378,134,200
417,20,14,0.31279,136,210
418,22,21,0.501722,138,205
419,16,21,0.620072,136,193
420,2,15,0.324618,88,167
421,1,17,0.456331,136,200
422,17,19,0.725659,86,150
423,23,15,0.282479,38,97
424,0,16,0.817535,86,147
425,0,17,0.208816,136,205
426,11,23,0.856176,38,111
427,5,14,0.358774,40,119
428,4,6,0.0732423,38,101
429,5,20,0.337674,136,200
430,9,3,0.539173,186,254
431,15,10,0.407434,38,93
432,23,13,0.131717,42,99
433,20,3,0.399767,182,248
434,6,1,0.927045,86,143
435,0,1,0.758945,230,283
436,22,5,0.42476,40,105
437,12,19,0.0438184,90,154
438,3,13,0.243222,90,158
439,19,23,0.718628,184,251
440,1,12,0.71603,40,98
441,22,2,0.674649,186,249
442,17,10,0.573944,182,248
443,12,3,0.797119,234,287
444,20,17,0.401443,90,150
445,19,16,0.108976,186,250
446,3,1,0.550545,134,190
447,1,10,0.695208,138,212
448,5,14,0.310716,42,121
449,15,6,0.20902,38,114
450,22,3,0.112195,90,150
451,5,15,0.449574,88,160
452,19,24,0.417027,184,259
453,1,14,0.937934,88,152
454,23,24,0.0242916,134,191
455,24,20,0.151764,136,201
456,3,20,0.0848353,186,252
457,15,5,0.464241,182,256
458,18,8,0.615428,186,250
459,22,24,0.434932,86,152
460,11,10,0.289994,42,118
461,16,19,0.609457,40,104
462,0,11,0.0110298,90,151
463,0,17,0.225967,186,255
464,18,24,0.807988,42,97
465,16,19,0.577374,138,202
466,1,21,0.76541,90,149
467,18,20,0.0210701,40,101
468,13,17,0.382238,38,92
469,12,1,0.930883,42,100
470,13,20,0.319337,134,188
471,15,0,0.432931,86,163
472,5,18,0.508201,186,251
473,23,4,0.39004,38,109
474,0,11,0.0134203,86,147
475,13,19,0.658959,138,202
476,21,0,0.0831089,38,102
477,24,21,0.102223,42,108
478,18,1,0.121345,138,203
479,10,16,0.114264,138,217
480,5,14,0.331893,138,217
481,11,16,0.400016,88,152
482,10,23,0.180851,38,92
483,4,23,0.00193486,42,114
484,21,1,0.059201,90,149
485,10,18,0.570718,42,100
486,18,23,0.939115,138,190
487,16,18,0.164498,38,110
488,24,11,0.745711,86,162
489,3,13,0.5737,42,110
490,15,18,0.719482,40,98
491,0,23,0.000966022,38,109
492,5,1,0.81224,138,201
493,3,13,0.390202,184,252
494,23,24,0.981607,184,241
495,5,23,0.770284,138,205
496,23,18,0.42206,186,238
497,4,11,0.256945,42,104
498,10,12,0.0686568,88,169
499,24,23,0.563088,38,95
500,2,1,0.545078,86,141
501,23,16,0.213546,184,257
502,13,5,0.328542,88,146
503,1,0,0.940295,88,141
504,24,1,0.858411,86,158
505,18,13,0.920496,138,193
506,21,8,0.507865,186,239
507,12,9,0.227538,40,110
508,1,16,0.253809,184,240
509,8,17,0.553033,136,197
510,13,23,0.726395,86,143
511,13,8,0.967057,42,103
512,0,23,0.943286,182,253
513,1,24,0.547687,134,206
514,14,3,0.408485,184,243
515,10,13,0.817673,88,151
516,5,20,0.298498,184,248
517,20,13,0.489961,90,144
518,1,13,0.279286,88,150
519,16,6,0.106427,88,153
520,11,24,0.183815,186,261
521,3,4,0.380203,138,194
522,3,0,0.307446,138,199
523,13,8,0.732644,134,195
524,11,1,0.249152,134,190
525,13,1,0.59169,38,99
526,12,20,0.74356,86,154
527,4,15,0.270158,138,216
528,3,1,0.203773,184,240
529,15,17,0.640525,88,148
530,22,8,0.182049,42,107
531,19,17,0.268983,134,198
532,9,1,0.868457,88,148
533,20,13,0.733243,186,240
534,24,2,0.389152,186,265
535,15,8,0.00123003,186,259
536,4,12,0.163576,86,147
537,21,8,0.500301,40,93
538,0,17,0.224269,38,107
539,3,11,0.642874,40,104
540,1,4,0.0719662,40,94
541,1,2,0.799172,232,287
542,15,20,0.975252,182,252
543,23,15,0.47508,88,147
544,12,23,0.0690965,88,164
545,21,23,0.325216,88,147
546,13,2,0.308945,136,204
547,11,14,0.455344,136,208
548,16,3,0.225709,40,93
549,22,23,0.572088,186,250
550,24,17,0.7663,138,203
551,11,21,0.308083,182,249
552,19,21,0.736875,182,238
553,23,19,0.103423,38,107
554,16,21,0.605884,42,99
555,23,17,0.979716,182,235
556,14,8,0.402213,90,158
557,22,3,0.19379,86,146
558,15,24,0.455446,90,142
559,17,13,0.730425,40,94
560,15,1,0.468818,38,110
561,1,4,0.162758,38,92
562,23,14,0.446171,134,205
563,15,0,0.42391,42,119
564,3,12,0.617126,230,283
565,13,18,0.237809,40,95
566,18,22,0.0901722,184,246
567,1,5,0.246959,182,245
568,4,24,0.325326,136,214
569,0,22,0.241771,186,247
570,18,6,0.726597,88,155
571,8,9,0.250589,182,251
572,18,8,0.438771,88,152
573,15,5,0.4233,38,112
574,22,17,0.285184,186,247
575,15,1,0.190061,88,160
576,20,1,0.0523123,42,100
577,18,15,0.875235,42,100
578,6,16,0.369923,42,107
579,0,10,0.457777,42,121
580,17,10,0.55228,134,200
581,20,13,0.0464228,138,192
582,15,22,0.667236,184,255
583,12,20,0.785311,138,206
584,6,16,0.368664,38,103
585,0,23,0.916406,90,161
586,19,15,0.560567,88,166
587,22,18,0.871367,86,148
588,1,16,0.190533,90,146
589,24,23,0.810658,90,147
590,24,11,0.725683,182,258
591,15,17,0.809867,184,244
592,16,14,0.0897443,182,246
593,14,16,0.964783,186,250
594,3,2,0.856816,42,105
595,3,11,0.509262,38,102
596,12,10,0.837525,42,126
597,0,6,0.107369,86,148
598,22,1,0.943802,182,238
599,19,22,0.466102,90,159
