NODES,25
INDEX,Name,X-coordinate,Y-coordinate
0,0,-,-
1,1,-,-
2,2,-,-
3,3,-,-
4,4,-,-
5,5,-,-
6,6,-,-
7,7,-,-
8,8,-,-
9,9,-,-
10,10,-,-
11,11,-,-
12,12,-,-
13,13,-,-
14,14,-,-
15,15,-,-
16,16,-,-
17,17,-,-
18,18,-,-
19,19,-,-
20,20,-,-
21,21,-,-
22,22,-,-
23,23,-,-
24,24,-,-
ARCS,529
Index,Origin,Destination,Variable Cost,Fixed Cost,Capacity,Travel time
0,0,1,0,117.8,1,5
1,1,0,0,117.8,1,5
2,1,2,0,234.05,1,7
3,1,3,0,260.4,1,8
4,1,4,0,175.15,1,6
5,1,5,0,486.7,1,15
6,1,6,0,323.95,1,9
7,1,8,0,323.95,1,9
8,1,9,0,447.95,1,12
9,1,10,0,883.5,1,26
10,1,11,0,255.75,1,8
11,1,12,0,387.5,1,10
12,1,13,0,489.8,1,14
13,1,14,0,525.45,1,16
14,1,15,0,1002.85,1,24
15,1,16,0,252.65,1,8
16,1,17,0,545.6,1,16
17,1,18,0,680.45,1,18
18,1,19,0,503.75,1,13
19,1,20,0,358.05,1,10
20,1,21,0,409.2,1,11
21,1,22,0,266.6,1,8
22,1,23,0,699.05,1,18
23,1,24,0,903.65,1,24
24,2,1,0,234.05,1,7
25,3,1,0,260.4,1,8
26,3,4,0,230.95,1,8
27,3,8,0,311.55,1,9
28,3,12,0,144.15,1,5
29,3,13,0,661.85,1,20
30,3,14,0,418.5,1,11
31,3,16,0,151.9,1,5
32,3,19,0,396.8,1,11
33,3,21,0,469.65,1,14
34,3,22,0,429.35,1,13
35,4,1,0,175.15,1,6
36,4,3,0,230.95,1,8
37,5,1,0,486.7,1,15
38,5,13,0,367.35,1,10
39,6,1,0,323.95,1,9
40,6,13,0,430.9,1,11
41,7,1,0,103.85,1,4
42,8,1,0,323.95,1,9
43,8,3,0,311.55,1,9
44,8,13,0,415.4,1,11
45,8,16,0,161.2,1,6
46,8,21,0,158.1,1,5
47,9,1,0,447.95,1,12
48,10,1,0,891.25,1,23
49,10,23,0,192.2,1,6
50,11,1,0,255.75,1,8
51,11,13,0,592.1,1,16
52,12,1,0,387.5,1,10
53,12,3,0,144.15,1,5
54,13,1,0,489.8,1,13
55,13,3,0,669.6,1,22
56,13,5,0,367.35,1,10
57,13,6,0,430.9,1,12
58,13,10,0,483.6,1,12
59,13,11,0,596.75,1,17
60,13,15,0,553.35,1,14
61,13,17,0,176.7,1,6
62,13,18,0,248,1,7
63,13,19,0,573.5,1,16
64,13,20,0,198.4,1,6
65,13,21,0,275.9,1,8
66,13,22,0,232.5,1,7
67,13,23,0,323.95,1,9
68,13,24,0,449.5,1,11
69,14,1,0,525.45,1,16
70,14,3,0,418.5,1,11
71,14,19,0,111.6,1,4
72,14,21,0,384.4,1,10
73,15,1,0,1002.85,1,24
74,15,13,0,553.35,1,16
75,15,18,0,350.3,1,10
76,15,21,0,747.1,1,20
77,15,23,0,412.3,1,11
78,16,1,0,252.65,1,8
79,16,3,0,151.9,1,5
80,16,8,0,161.2,1,6
81,16,13,0,581.25,1,17
82,16,21,0,305.35,1,9
83,17,1,0,544.05,1,14
84,17,13,0,176.7,1,6
85,17,18,0,127.1,1,5
86,17,21,0,292.95,1,8
87,18,1,0,666.5,1,17
88,18,10,0,308.45,1,10
89,18,13,0,248,1,7
90,18,15,0,350.3,1,10
91,18,17,0,127.1,1,5
92,18,19,0,719.2,1,19
93,18,21,0,421.6,1,11
94,18,22,0,421.6,1,13
95,18,23,0,116.25,1,4
96,18,24,0,237.15,1,7
97,19,1,0,503.75,1,13
98,19,3,0,396.8,1,11
99,19,8,0,240.25,1,7
100,19,14,0,111.6,1,4
101,19,21,0,297.6,1,8
102,20,1,0,358.05,1,10
103,20,13,0,198.4,1,6
104,20,23,0,522.35,1,15
105,21,1,0,409.2,1,11
106,21,3,0,458.8,1,13
107,21,8,0,158.1,1,5
108,21,13,0,275.9,1,8
109,21,14,0,384.4,1,10
110,21,15,0,829.25,1,22
111,21,17,0,292.95,1,8
112,21,18,0,420.05,1,13
113,21,19,0,297.6,1,8
114,21,23,0,440.2,1,11
115,22,1,0,266.6,1,8
116,22,3,0,429.35,1,12
117,22,13,0,232.5,1,7
118,23,1,0,699.05,1,17
119,23,10,0,192.2,1,6
120,23,13,0,323.95,1,9
121,23,15,0,412.3,1,11
122,23,17,0,153.45,1,5
123,23,18,0,116.25,1,4
124,23,21,0,446.4,1,13
125,23,24,0,305.35,1,9
126,24,1,0,903.65,1,24
127,24,13,0,449.5,1,11
128,24,18,0,237.15,1,7
129,24,23,0,305.35,1,9
130,0,2,0,161.2,1,6
131,0,3,0,353.4,1,10
132,0,4,0,285.2,1,9
133,0,5,0,474.3,1,13
134,0,6,0,246.45,1,8
135,0,8,0,427.8,1,12
136,0,9,0,379.75,1,11
137,0,10,0,931.55,1,25
138,0,11,0,158.1,1,5
139,0,12,0,401.45,1,11
140,0,14,0,632.4,1,17
141,0,15,0,1063.3,1,28
142,0,16,0,367.35,1,11
143,0,17,0,596.75,1,16
144,0,18,0,717.65,1,19
145,0,19,0,615.35,1,17
146,0,20,0,361.15,1,10
147,0,21,0,444.85,1,13
148,0,22,0,297.6,1,9
149,0,23,0,739.35,1,20
150,0,24,0,957.9,1,25
151,1,7,0,103.85,1,4
152,2,0,0,161.2,1,6
153,2,3,0,480.5,1,13
154,2,4,0,409.2,1,12
155,2,5,0,257.3,1,8
156,2,6,0,110.05,1,4
157,2,8,0,412.3,1,12
158,2,9,0,229.4,1,7
159,2,10,0,872.65,1,23
160,2,11,0,182.9,1,6
161,2,12,0,582.8,1,16
162,2,13,0,390.6,1,11
163,2,14,0,790.5,1,21
164,2,15,0,940.85,1,25
165,2,16,0,475.85,1,13
166,2,17,0,568.85,1,16
167,2,18,0,638.6,1,17
168,2,19,0,643.25,1,17
169,2,20,0,207.7,1,7
170,2,21,0,424.7,1,12
171,2,22,0,308.45,1,9
172,2,23,0,716.1,1,19
173,2,24,0,847.85,1,23
174,3,0,0,353.4,1,10
175,3,2,0,480.5,1,13
176,3,6,0,554.9,1,15
177,3,9,0,685.1,1,18
178,3,10,0,995.1,1,26
179,3,11,0,477.4,1,13
180,3,15,0,1224.5,1,32
181,3,17,0,764.15,1,20
182,3,18,0,833.9,1,22
183,3,20,0,620,1,17
184,3,23,0,888.15,1,23
185,3,24,0,1108.25,1,29
186,4,0,0,285.2,1,9
187,4,2,0,409.2,1,12
188,4,6,0,494.45,1,14
189,4,7,0,75.95,1,3
190,4,8,0,142.6,1,5
191,4,9,0,624.65,1,17
192,4,10,0,838.55,1,22
193,4,11,0,406.1,1,12
194,4,12,0,331.7,1,9
195,4,13,0,427.8,1,12
196,4,14,0,410.75,1,12
197,4,15,0,970.3,1,26
198,4,16,0,147.25,1,5
199,4,17,0,503.75,1,14
200,4,18,0,624.65,1,17
201,4,19,0,390.6,1,11
202,4,20,0,413.85,1,12
203,4,21,0,263.5,1,8
204,4,22,0,204.6,1,7
205,4,23,0,646.35,1,18
206,4,24,0,861.8,1,23
207,5,0,0,474.3,1,13
208,5,2,0,257.3,1,8
209,5,6,0,161.2,1,5
210,5,9,0,198.4,1,6
211,5,11,0,320.85,1,9
212,5,18,0,660.3,1,16
213,5,20,0,178.25,1,6
214,5,23,0,720.75,1,19
215,6,0,0,246.45,1,8
216,6,2,0,110.05,1,4
217,6,3,0,554.9,1,15
218,6,4,0,494.45,1,14
219,6,5,0,161.2,1,5
220,6,8,0,637.05,1,17
221,6,9,0,141.05,1,5
222,6,10,0,939.3,1,25
223,6,11,0,165.85,1,5
224,6,12,0,623.1,1,17
225,6,14,0,840.1,1,22
226,6,15,0,982.7,1,26
227,6,16,0,576.6,1,16
228,6,17,0,615.35,1,17
229,6,18,0,685.1,1,18
230,6,19,0,824.6,1,22
231,6,20,0,243.35,1,7
232,6,21,0,593.65,1,16
233,6,22,0,446.4,1,13
234,6,23,0,761.05,1,20
235,6,24,0,877.3,1,23
236,7,3,0,246.45,1,8
237,7,4,0,75.95,1,3
238,8,0,0,427.8,1,12
239,8,2,0,412.3,1,12
240,8,4,0,142.6,1,5
241,8,6,0,637.05,1,17
242,8,9,0,767.25,1,21
243,8,10,0,714.55,1,19
244,8,11,0,545.6,1,15
245,8,12,0,460.35,1,13
246,8,14,0,328.6,1,10
247,8,15,0,883.5,1,23
248,8,17,0,427.8,1,12
249,8,18,0,542.5,1,15
250,8,19,0,240.25,1,7
251,8,20,0,444.85,1,13
252,8,22,0,203.05,1,7
253,8,23,0,536.3,1,15
254,8,24,0,801.35,1,21
255,9,0,0,379.75,1,11
256,9,2,0,229.4,1,7
257,9,3,0,685.1,1,18
258,9,4,0,624.65,1,17
259,9,5,0,198.4,1,6
260,9,6,0,141.05,1,5
261,9,8,0,767.25,1,21
262,9,10,0,1069.5,1,28
263,9,11,0,297.6,1,8
264,9,12,0,753.3,1,20
265,9,13,0,469.65,1,12
266,9,14,0,652.55,1,18
267,9,15,0,1112.9,1,29
268,9,16,0,706.8,1,19
269,9,17,0,646.35,1,18
270,9,18,0,711.45,1,18
271,9,19,0,954.8,1,25
272,9,20,0,279,1,8
273,9,21,0,723.85,1,19
274,9,22,0,576.6,1,16
275,9,23,0,891.25,1,24
276,9,24,0,1019.9,1,27
277,10,0,0,931.55,1,25
278,10,2,0,872.65,1,23
279,10,3,0,995.1,1,26
280,10,4,0,838.55,1,22
281,10,6,0,939.3,1,25
282,10,8,0,714.55,1,19
283,10,9,0,1069.5,1,28
284,10,11,0,1133.05,1,30
285,10,12,0,1086.55,1,28
286,10,13,0,483.6,1,12
287,10,14,0,970.3,1,26
288,10,15,0,224.75,1,7
289,10,16,0,872.65,1,23
290,10,17,0,334.8,1,9
291,10,18,0,306.9,1,9
292,10,19,0,909.85,1,24
293,10,20,0,714.55,1,19
294,10,21,0,623.1,1,16
295,10,22,0,623.1,1,17
296,10,24,0,286.75,1,8
297,11,0,0,158.1,1,5
298,11,2,0,182.9,1,6
299,11,3,0,477.4,1,13
300,11,4,0,406.1,1,12
301,11,5,0,320.85,1,9
302,11,6,0,165.85,1,5
303,11,8,0,545.6,1,15
304,11,9,0,297.6,1,9
305,11,10,0,1133.05,1,30
306,11,12,0,523.9,1,14
307,11,14,0,770.35,1,21
308,11,15,0,1112.9,1,29
309,11,16,0,488.25,1,14
310,11,17,0,798.25,1,21
311,11,18,0,832.35,1,21
312,11,19,0,748.65,1,20
313,11,20,0,406.1,1,11
314,11,21,0,649.45,1,18
315,11,22,0,499.1,1,14
316,11,23,0,852.5,1,23
317,11,24,0,1021.45,1,27
318,12,0,0,401.45,1,11
319,12,2,0,582.8,1,16
320,12,4,0,331.7,1,10
321,12,6,0,623.1,1,17
322,12,8,0,460.35,1,13
323,12,9,0,753.3,1,20
324,12,10,0,1086.55,1,28
325,12,11,0,523.9,1,14
326,12,13,0,776.55,1,20
327,12,14,0,550.25,1,15
328,12,15,0,1233.8,1,32
329,12,16,0,296.05,1,9
330,12,17,0,776.55,1,21
331,12,18,0,1038.5,1,27
332,12,19,0,523.9,1,14
333,12,20,0,637.05,1,17
334,12,21,0,554.9,1,15
335,12,22,0,556.45,1,15
336,12,23,0,919.15,1,24
337,12,24,0,1137.7,1,30
338,13,2,0,390.6,1,11
339,13,4,0,427.8,1,12
340,13,8,0,415.4,1,11
341,13,9,0,469.65,1,12
342,13,14,0,655.65,1,17
343,13,16,0,530.1,1,14
344,14,0,0,632.4,1,17
345,14,2,0,790.5,1,21
346,14,4,0,410.75,1,12
347,14,6,0,840.1,1,22
348,14,8,0,328.6,1,10
349,14,9,0,652.55,1,18
350,14,10,0,970.3,1,26
351,14,11,0,770.35,1,21
352,14,12,0,550.25,1,15
353,14,13,0,655.65,1,17
354,14,15,0,1106.7,1,28
355,14,16,0,272.8,1,8
356,14,17,0,671.15,1,18
357,14,18,0,798.25,1,20
358,14,20,0,852.5,1,23
359,14,22,0,527,1,15
360,14,23,0,818.4,1,20
361,14,24,0,995.1,1,26
362,15,0,0,1063.3,1,28
363,15,2,0,940.85,1,25
364,15,3,0,1224.5,1,32
365,15,4,0,970.3,1,26
366,15,6,0,982.7,1,26
367,15,8,0,883.5,1,23
368,15,9,0,1112.9,1,29
369,15,10,0,224.75,1,7
370,15,11,0,1112.9,1,29
371,15,12,0,1233.8,1,32
372,15,14,0,1106.7,1,28
373,15,16,0,1027.65,1,27
374,15,17,0,454.15,1,12
375,15,19,0,1023,1,27
376,15,20,0,757.95,1,19
377,15,22,0,733.15,1,19
378,15,24,0,110.05,1,4
379,16,0,0,367.35,1,11
380,16,2,0,475.85,1,13
381,16,4,0,147.25,1,5
382,16,6,0,576.6,1,16
383,16,7,0,155,1,5
384,16,9,0,706.8,1,19
385,16,10,0,872.65,1,23
386,16,11,0,488.25,1,14
387,16,12,0,296.05,1,8
388,16,14,0,272.8,1,8
389,16,15,0,1027.65,1,27
390,16,17,0,570.4,1,16
391,16,18,0,686.65,1,19
392,16,19,0,251.1,1,7
393,16,20,0,525.45,1,15
394,16,22,0,302.25,1,9
395,16,23,0,692.85,1,19
396,16,24,0,951.7,1,25
397,17,0,0,596.75,1,16
398,17,2,0,568.85,1,16
399,17,3,0,764.15,1,20
400,17,4,0,503.75,1,14
401,17,5,0,530.1,1,14
402,17,6,0,615.35,1,17
403,17,8,0,427.8,1,12
404,17,9,0,649.45,1,18
405,17,10,0,334.8,1,10
406,17,11,0,798.25,1,21
407,17,12,0,776.55,1,21
408,17,14,0,671.15,1,17
409,17,15,0,454.15,1,12
410,17,16,0,570.4,1,16
411,17,19,0,581.25,1,16
412,17,20,0,373.55,1,10
413,17,22,0,294.5,1,8
414,17,23,0,153.45,1,5
415,17,24,0,362.7,1,10
416,18,0,0,719.2,1,19
417,18,2,0,638.6,1,17
418,18,3,0,833.9,1,22
419,18,4,0,624.65,1,17
420,18,5,0,660.3,1,16
421,18,6,0,685.1,1,18
422,18,8,0,542.5,1,15
423,18,9,0,711.45,1,18
424,18,11,0,832.35,1,21
425,18,12,0,1038.5,1,27
426,18,14,0,798.25,1,21
427,18,16,0,686.65,1,19
428,18,20,0,438.65,1,12
429,19,0,0,615.35,1,17
430,19,2,0,643.25,1,17
431,19,4,0,390.6,1,11
432,19,6,0,824.6,1,22
433,19,9,0,954.8,1,25
434,19,10,0,909.85,1,24
435,19,11,0,748.65,1,20
436,19,12,0,523.9,1,14
437,19,13,0,565.75,1,14
438,19,15,0,1023,1,27
439,19,16,0,251.1,1,7
440,19,17,0,581.25,1,16
441,19,18,0,709.9,1,18
442,19,20,0,764.15,1,20
443,19,22,0,437.1,1,12
444,19,23,0,728.5,1,18
445,19,24,0,942.4,1,25
446,20,0,0,361.15,1,10
447,20,2,0,207.7,1,7
448,20,3,0,620,1,17
449,20,4,0,413.85,1,12
450,20,5,0,178.25,1,6
451,20,6,0,243.35,1,7
452,20,8,0,444.85,1,13
453,20,9,0,279,1,8
454,20,10,0,714.55,1,19
455,20,11,0,406.1,1,11
456,20,12,0,637.05,1,17
457,20,14,0,878.85,1,23
458,20,15,0,757.95,1,19
459,20,16,0,525.45,1,15
460,20,17,0,373.55,1,11
461,20,18,0,438.65,1,12
462,20,19,0,764.15,1,20
463,20,21,0,466.55,1,13
464,20,22,0,272.8,1,8
465,20,24,0,641.7,1,17
466,21,0,0,444.85,1,13
467,21,2,0,424.7,1,12
468,21,4,0,263.5,1,8
469,21,6,0,593.65,1,16
470,21,9,0,723.85,1,19
471,21,10,0,623.1,1,16
472,21,11,0,646.35,1,18
473,21,12,0,554.9,1,15
474,21,16,0,305.35,1,9
475,21,20,0,466.55,1,13
476,21,22,0,142.6,1,5
477,21,24,0,651,1,18
478,22,0,0,297.6,1,9
479,22,2,0,308.45,1,10
480,22,4,0,204.6,1,7
481,22,6,0,446.4,1,13
482,22,8,0,203.05,1,6
483,22,9,0,576.6,1,16
484,22,10,0,623.1,1,17
485,22,11,0,499.1,1,14
486,22,12,0,556.45,1,15
487,22,14,0,527,1,15
488,22,15,0,733.15,1,19
489,22,16,0,302.25,1,9
490,22,17,0,294.5,1,8
491,22,18,0,404.55,1,10
492,22,19,0,437.1,1,12
493,22,20,0,272.8,1,9
494,22,21,0,142.6,1,5
495,22,23,0,432.45,1,11
496,22,24,0,643.25,1,17
497,23,0,0,739.35,1,20
498,23,2,0,716.1,1,19
499,23,3,0,888.15,1,23
500,23,4,0,646.35,1,18
501,23,6,0,761.05,1,20
502,23,8,0,536.3,1,15
503,23,9,0,891.25,1,24
504,23,11,0,852.5,1,23
505,23,12,0,919.15,1,24
506,23,14,0,818.4,1,20
507,23,16,0,692.85,1,19
508,23,19,0,728.5,1,18
509,23,20,0,522.35,1,14
510,23,22,0,432.45,1,11
511,24,0,0,957.9,1,25
512,24,2,0,847.85,1,23
513,24,3,0,1108.25,1,29
514,24,4,0,861.8,1,23
515,24,6,0,877.3,1,23
516,24,8,0,801.35,1,21
517,24,9,0,1019.9,1,27
518,24,10,0,286.75,1,8
519,24,11,0,1021.45,1,27
520,24,12,0,1137.7,1,30
521,24,14,0,995.1,1,26
522,24,15,0,110.05,1,4
523,24,16,0,951.7,1,25
524,24,17,0,362.7,1,10
525,24,19,0,942.4,1,25
526,24,20,0,641.7,1,17
527,24,21,0,651,1,16
528,24,22,0,643.25,1,17
PATHS,600
Index,Shipment origin,Shipment destination,1st terminal on path,2nd terminal on path,.....,6th terminal on path
0,0,1,0,1
1,0,2,0,1,2
2,0,3,0,1,3
3,0,4,0,1,4
4,0,5,0,1,5
5,0,6,0,1,6
6,0,7,0,1,7
7,0,8,0,1,8
8,0,9,0,1,9
9,0,10,0,1,10
10,0,11,0,1,11
11,0,12,0,1,12
12,0,13,0,1,13
13,0,14,0,1,14
14,0,15,0,1,15
15,0,16,0,1,16
16,0,17,0,1,17
17,0,18,0,1,18
18,0,19,0,1,19
19,0,20,0,1,20
20,0,21,0,1,21
21,0,22,0,1,22
22,0,23,0,1,23
23,0,24,0,1,24
24,1,0,1,0
25,1,2,1,2
26,1,3,1,3
27,1,4,1,4
28,1,5,1,5
29,1,6,1,6
30,1,7,1,7
31,1,8,1,8
32,1,9,1,9
33,1,10,1,10
34,1,11,1,11
35,1,12,1,12
36,1,13,1,13
37,1,14,1,14
38,1,15,1,15
39,1,16,1,16
40,1,17,1,17
41,1,18,1,18
42,1,19,1,19
43,1,20,1,20
44,1,21,1,21
45,1,22,1,22
46,1,23,1,23
47,1,24,1,24
48,2,0,2,1,0
49,2,1,2,1
50,2,3,2,1,3
51,2,4,2,1,4
52,2,5,2,1,5
53,2,6,2,1,6
54,2,8,2,1,8
55,2,7,2,1,7
56,2,9,2,1,9
57,2,10,2,1,10
58,2,11,2,1,11
59,2,12,2,1,12
60,2,13,2,1,13
61,2,14,2,1,14
62,2,15,2,1,15
63,2,16,2,1,16
64,2,17,2,1,17
65,2,18,2,1,18
66,2,19,2,1,19
67,2,20,2,1,20
68,2,21,2,1,21
69,2,22,2,1,22
70,2,23,2,1,23
71,2,24,2,1,24
72,3,0,3,1,0
73,3,1,3,1
74,3,2,3,1,2
75,3,4,3,4
76,3,5,3,1,5
77,3,6,3,1,6
78,3,7,3,1,7
79,3,8,3,8
80,3,9,3,1,9
81,3,10,3,13,10
82,3,11,3,1,11
83,3,12,3,12
84,3,13,3,13
85,3,14,3,14
86,3,15,3,13,15
87,3,16,3,16
88,3,17,3,13,17
89,3,18,3,13,18
90,3,19,3,19
91,3,20,3,1,20
92,3,21,3,21
93,3,22,3,22
94,3,23,3,21,23
95,3,24,3,13,24
96,4,0,4,1,0
97,4,1,4,1
98,4,2,4,1,2
99,4,3,4,3
100,4,5,4,1,5
101,4,6,4,1,6
102,4,7,4,1,7
103,4,8,4,1,8
104,4,9,4,1,9
105,4,10,4,1,10
106,4,11,4,1,11
107,4,12,4,3,12
108,4,13,4,1,13
109,4,14,4,3,14
110,4,15,4,1,15
111,4,16,4,3,16
112,4,17,4,1,17
113,4,18,4,1,18
114,4,19,4,3,19
115,4,20,4,1,20
116,4,21,4,1,21
117,4,22,4,1,22
118,4,23,4,1,23
119,4,24,4,1,24
120,5,0,5,1,0
121,5,1,5,1
122,5,2,5,1,2
123,5,3,5,1,3
124,5,4,5,1,4
125,5,6,5,1,6
126,5,7,5,1,7
127,5,8,5,1,8
128,5,9,5,1,9
129,5,10,5,13,10
130,5,11,5,1,11
131,5,12,5,1,12
132,5,13,5,13
133,5,14,5,1,14
134,5,15,5,13,15
135,5,16,5,1,16
136,5,17,5,13,17
137,5,18,5,13,18
138,5,19,5,13,21,19
139,5,20,5,13,20
140,5,21,5,13,21
141,5,22,5,1,22
142,5,23,5,13,23
143,5,24,5,13,24
144,6,0,6,1,0
145,6,1,6,1
146,6,2,6,1,2
147,6,3,6,1,3
148,6,4,6,1,4
149,6,5,6,1,5
150,6,7,6,1,7
151,6,8,6,1,8
152,6,9,6,1,9
153,6,10,6,1,10
154,6,11,6,1,11
155,6,12,6,1,12
156,6,13,6,1,13
157,6,14,6,1,14
158,6,15,6,1,15
159,6,16,6,1,16
160,6,17,6,1,17
161,6,18,6,1,18
162,6,19,6,1,19
163,6,20,6,1,20
164,6,21,6,1,21
165,6,22,6,1,22
166,6,23,6,1,23
167,6,24,6,1,24
168,7,0,7,1,0
169,7,1,7,1
170,7,2,7,1,2
171,7,3,7,3
172,7,4,7,4
173,7,5,7,1,5
174,7,6,7,3,6
175,7,8,7,3,8
176,7,9,7,1,9
177,7,10,7,1,9
178,7,11,7,3,11
179,7,12,7,4,12
180,7,13,7,4,13
181,7,14,7,4,14
182,7,15,7,4,15
183,7,16,7,4,16
184,7,17,7,1,17
185,7,18,7,1,18
186,7,19,7,1,19
187,7,20,7,1,20
188,7,21,7,1,21
189,7,22,7,1,22
190,7,23,7,1,23
191,7,24,7,1,24
192,8,0,8,1,0
193,8,1,8,1
194,8,2,8,1,2
195,8,3,8,3
196,8,4,8,1,4
197,8,5,8,1,5
198,8,6,8,1,6
199,8,7,8,1,7
200,8,9,8,1,9
201,8,10,8,21,23,10
202,8,11,8,1,11
203,8,12,8,3,12
204,8,13,8,21,13
205,8,14,8,21,14
206,8,15,8,21,13,15
207,8,16,8,3,16
208,8,17,8,21,17
209,8,18,8,21,18
210,8,19,8,21,19
211,8,20,8,1,20
212,8,21,8,21
213,8,22,8,1,22
214,8,23,8,21,23
215,8,24,8,21,13,24
216,9,0,9,1,0
217,9,1,9,1
218,9,2,9,1,2
219,9,3,9,1,3
220,9,4,9,1,4
221,9,5,9,1,5
222,9,6,9,1,6
223,9,7,9,1,7
224,9,8,9,1,8
225,9,10,9,1,10
226,9,11,9,1,11
227,9,12,9,1,12
228,9,13,9,1,13
229,9,14,9,1,14
230,9,15,9,1,15
231,9,16,9,1,16
232,9,17,9,1,17
233,9,18,9,1,18
234,9,19,9,1,19
235,9,20,9,1,20
236,9,21,9,1,21
237,9,22,9,1,22
238,9,23,9,1,23
239,9,24,9,1,24
240,10,0,10,1,0
241,10,1,10,1
242,10,2,10,1,2
243,10,3,10,1,3
244,10,4,10,1,4
245,10,5,10,23,13,5
246,10,6,10,23,13,6
247,10,7,10,1,7
248,10,8,10,23,21,8
249,10,9,10,1,9
250,10,11,10,1,11
251,10,12,10,1,12
252,10,13,10,23,13
253,10,14,10,23,21,14
254,10,15,10,23,15
255,10,16,10,1,16
256,10,17,10,23,17
257,10,18,10,23,18
258,10,19,10,23,21,19
259,10,20,10,23,13,20
260,10,21,10,23,21
261,10,22,10,23,22
262,10,23,10,23
263,10,24,10,23,24
264,11,0,11,1,0
265,11,1,11,1
266,11,2,11,1,2
267,11,3,11,1,3
268,11,4,11,1,4
269,11,5,11,1,5
270,11,6,11,1,6
271,11,7,11,1,7
272,11,8,11,1,8
273,11,9,11,1,9
274,11,10,11,13,10
275,11,12,11,1,12
276,11,13,11,13
277,11,14,11,1,14
278,11,15,11,13,15
279,11,16,11,1,16
280,11,17,11,13,17
281,11,18,11,13,18
282,11,19,11,1,19
283,11,20,11,1,20
284,11,21,11,1,21
285,11,22,11,1,22
286,11,23,11,13,23
287,11,24,11,13,24
288,12,0,12,1,0
289,12,1,12,1
290,12,2,12,1,2
291,12,3,12,3
292,12,4,12,3,4
293,12,5,12,1,5
294,12,6,12,1,6
295,12,7,12,1,7
296,12,8,12,3,8
297,12,9,12,1,9
298,12,10,12,1,10
299,12,11,12,1,11
300,12,13,12,3,13
301,12,14,12,3,14
302,12,15,12,1,15
303,12,16,12,3,16
304,12,17,12,1,17
305,12,18,12,1,18
306,12,19,12,3,19
307,12,20,12,1,20
308,12,21,12,3,21
309,12,22,12,3,22
310,12,23,12,1,23
311,12,24,12,1,24
312,13,0,13,1,0
313,13,1,13,1
314,13,2,13,1,2
315,13,3,13,3
316,13,4,13,4
317,13,5,13,5
318,13,6,13,6
319,13,7,13,1,7
320,13,8,13,21,8
321,13,9,13,1,9
322,13,10,13,10
323,13,11,13,11
324,13,12,13,3,12
325,13,14,13,21,14
326,13,15,13,15
327,13,16,13,1,16
328,13,17,13,17
329,13,18,13,18
330,13,19,13,21,19
331,13,20,13,20
332,13,21,13,21
333,13,22,13,22
334,13,23,13,23
335,13,24,13,24
336,14,0,14,1,0
337,14,1,14,1
338,14,2,14,1,2
339,14,3,14,3
340,14,4,14,3,4
341,14,5,14,1,5
342,14,6,14,1,6
343,14,7,14,1,7
344,14,8,14,3,8
345,14,9,14,1,9
346,14,10,14,21,23,10
347,14,11,14,1,11
348,14,12,14,3,12
349,14,13,14,21,13
350,14,15,14,21,13,15
351,14,16,14,3,16
352,14,17,14,21,17
353,14,18,14,21,18
354,14,19,14,1,19
355,14,20,14,1,20
356,14,21,14,21
357,14,22,14,1,22
358,14,23,14,21,23
359,14,24,14,21,13,24
360,15,0,15,1,0
361,15,1,15,1
362,15,2,15,1,2
363,15,3,15,13,3
364,15,4,15,1,4
365,15,5,15,13,5
366,15,6,15,13,6
367,15,7,15,1,7
368,15,8,15,21,8
369,15,9,15,1,9
370,15,10,15,10
371,15,11,15,1,11
372,15,12,15,1,12
373,15,13,15,13
374,15,14,15,21,14
375,15,16,15,1,16
376,15,17,15,17
377,15,18,15,18
378,15,19,15,21,19
379,15,20,15,13,20
380,15,21,15,21
381,15,22,15,13,22
382,15,23,15,23
383,15,24,15,24
384,16,0,16,1,0
385,16,1,16,1
386,16,2,16,1,2
387,16,3,16,3
388,16,4,16,3,4
389,16,5,16,1,5
390,16,6,16,1,6
391,16,7,16,1,7
392,16,8,16,3,8
393,16,9,16,1,9
394,16,10,16,13,10
395,16,11,16,1,11
396,16,12,16,3,12
397,16,13,16,13
398,16,14,16,3,14
399,16,15,16,13,15
400,16,17,16,13,17
401,16,18,16,13,18
402,16,19,16,3,19
403,16,20,16,1,20
404,16,21,16,21
405,16,22,16,3,22
406,16,23,16,13,23
407,16,24,16,13,24
408,17,0,17,1,0
409,17,1,17,1
410,17,2,17,1,2
411,17,3,17,13,3
412,17,4,17,1,4
413,17,5,17,13,5
414,17,6,17,13,6
415,17,7,17,1,7
416,17,8,17,21,8
417,17,9,17,1,9
418,17,10,17,13,10
419,17,11,17,1,11
420,17,12,17,1,12
421,17,13,17,13
422,17,14,17,21,14
423,17,15,17,13,15
424,17,16,17,1,16
425,17,18,17,18
426,17,19,17,21,19
427,17,20,17,13,20
428,17,21,17,21
429,17,22,17,13,22
430,17,23,17,13,23
431,17,24,17,13,24
432,18,0,18,1,0
433,18,1,18,1
434,18,2,18,1,2
435,18,3,18,13,3
436,18,4,18,1,4
437,18,5,18,13,5
438,18,6,18,13,6
439,18,7,18,1,7
440,18,8,18,21,8
441,18,9,18,13,1,9
442,18,10,18,10
443,18,11,18,1,11
444,18,12,18,1,12
445,18,13,18,13
446,18,14,18,21,14
447,18,15,18,15
448,18,16,18,1,16
449,18,17,18,17
450,18,19,18,21,19
451,18,20,18,13,20
452,18,21,18,21
453,18,22,18,13,22
454,18,23,18,23
455,18,24,18,24
456,19,0,19,1,0
457,19,1,19,1
458,19,2,19,1,2
459,19,3,19,3
460,19,4,19,3,4
461,19,5,19,1,5
462,19,6,19,1,6
463,19,7,19,1,7
464,19,8,19,21,8
465,19,9,19,1,9
466,19,10,19,1,10
467,19,11,19,1,11
468,19,12,19,3,12
469,19,13,19,21,13
470,19,14,19,1,14
471,19,15,19,21,13,15
472,19,16,19,3,16
473,19,17,19,21,17
474,19,18,19,21,18
475,19,20,19,1,20
476,19,21,19,21
477,19,22,19,1,22
478,19,23,19,21,23
479,19,24,19,21,13,24
480,20,0,20,1,0
481,20,1,20,1
482,20,2,20,1,2
483,20,3,20,1,3
484,20,4,20,1,4
485,20,5,20,1,5
486,20,6,20,1,6
487,20,7,20,1,7
488,20,8,20,1,8
489,20,9,20,1,9
490,20,10,20,13,10
491,20,11,20,1,11
492,20,12,20,1,12
493,20,13,20,13
494,20,14,20,1,14
495,20,15,20,13,15
496,20,16,20,1,16
497,20,17,20,13,17
498,20,18,20,13,18
499,20,19,20,1,19
500,20,21,20,1,21
501,20,22,20,13,22
502,20,23,20,13,23
503,20,24,20,13,24
504,21,0,21,1,0
505,21,1,21,1
506,21,2,21,1,2
507,21,3,21,3
508,21,4,21,1,4
509,21,5,21,13,5
510,21,6,21,13,6
511,21,7,21,1,7
512,21,8,21,8
513,21,9,21,1,9
514,21,10,21,23,10
515,21,11,21,1,11
516,21,12,21,3,12
517,21,13,21,13
518,21,14,21,14
519,21,15,21,13,15
520,21,16,21,3,16
521,21,17,21,17
522,21,18,21,18
523,21,19,21,19
524,21,20,21,1,20
525,21,22,21,1,22
526,21,23,21,23
527,21,24,21,13,24
528,22,0,22,1,0
529,22,1,22,1
530,22,2,22,1,2
531,22,3,22,3
532,22,4,22,1,4
533,22,5,22,13,5
534,22,6,22,1,6
535,22,7,22,1,7
536,22,8,22,1,8
537,22,9,22,1,9
538,22,10,22,13,10
539,22,11,22,1,11
540,22,12,22,3,12
541,22,13,22,13
542,22,14,22,1,14
543,22,15,22,13,15
544,22,16,22,1,16
545,22,17,22,13,17
546,22,18,22,13,18
547,22,19,22,1,19
548,22,20,22,13,20
549,22,21,22,1,21
550,22,23,22,13,23
551,22,24,22,13,24
552,23,0,23,1,0
553,23,1,23,1
554,23,2,23,1,2
555,23,3,23,1,3
556,23,4,23,1,4
557,23,5,23,13,5
558,23,6,23,13,6
559,23,7,23,1,7
560,23,8,23,21,8
561,23,9,23,1,9
562,23,10,23,10
563,23,11,23,1,11
564,23,12,23,1,12
565,23,13,23,13
566,23,14,23,21,14
567,23,15,23,15
568,23,16,23,1,16
569,23,17,23,17
570,23,18,23,18
571,23,19,23,21,19
572,23,20,23,13,20
573,23,21,23,21
574,23,22,23,22
575,23,24,23,24
576,24,0,24,1,0
577,24,1,24,1
578,24,2,24,1,2
579,24,3,24,13,3
580,24,4,24,1,4
581,24,5,24,13,5
582,24,6,24,13,6
583,24,7,24,1,7
584,24,8,24,18,21,8
585,24,9,24,13,1,9
586,24,10,24,23,10
587,24,11,24,13,11
588,24,12,24,1,12
589,24,13,24,13
590,24,14,24,18,21,14
591,24,15,24,15
592,24,16,24,1,16
593,24,17,24,13,17
594,24,18,24,18
595,24,19,24,18,21,19
596,24,20,24,13,20
597,24,21,24,18,21
598,24,22,24,13,22
599,24,23,24,23
COMMODITIES,600
Index,Origin,Destination,Demand/Size,Earliest available time,Latest delivery time
0,23,4,0.393281,136,255
1,24,8,0.0589992,86,205
2,17,16,0.0667334,38,156
3,21,12,0.0135305,38,152
4,10,3,0.0562858,40,167
5,21,15,0.0807689,88,206
6,14,6,0.137297,86,207
7,10,8,0.29732,88,208
8,21,23,0.351973,38,145
9,14,6,0.143103,90,211
10,24,10,0.162062,86,197
11,23,15,0.374778,138,245
12,5,8,0.045123,86,206
13,21,0,0.0889155,42,154
14,21,19,0.353606,182,286
15,21,12,0.0133966,88,202
16,5,19,0.125314,136,258
17,17,5,0.254524,38,150
18,3,2,0.850401,88,199
19,13,17,0.238411,136,238
20,18,24,0.551921,86,189
21,0,2,0.0961481,90,198
22,21,5,0.00454545,88,202
23,2,3,0.353868,136,247
24,2,14,0.630939,38,157
25,3,22,0.287308,138,247
26,24,19,0.761798,38,160
27,23,12,0.382109,38,161
28,23,11,0.455801,86,207
29,11,21,0.314357,38,153
30,0,3,0.349319,136,245
31,19,21,0.701251,38,142
32,10,20,0.0920579,90,207
33,5,14,0.167827,86,213
34,15,10,0.288535,40,143
35,1,12,0.413778,40,146
36,24,1,0.583624,86,206
37,16,13,0.960162,136,249
38,22,21,0.50527,38,153
39,23,15,0.784214,136,243
40,15,14,0.325886,88,214
41,6,16,0.37911,138,251
42,19,23,0.791705,90,205
43,15,8,0.108964,38,159
44,15,6,0.221011,88,212
45,8,16,0.011836,40,150
46,20,8,0.232371,42,157
47,3,16,0.209241,38,139
48,11,23,0.900048,88,209
49,22,13,0.808255,42,145
50,19,2,0.0223964,136,252
51,11,24,0.0822561,86,209
52,3,0,0.284132,88,197
53,15,8,0.143175,86,207
54,21,20,0.00684777,90,207
55,0,23,0.991167,90,209
56,2,0,0.0536191,40,148
57,22,10,0.070513,136,251
58,20,23,0.0949197,42,153
59,3,13,0.412563,86,202
60,10,12,0.0739215,136,265
61,3,1,0.989471,90,194
62,17,11,0.11124,90,208
63,8,16,0.0108193,134,244
64,22,6,0.296306,138,251
65,11,16,0.379771,136,248
66,18,8,0.681573,138,250
67,0,10,0.454778,86,213
68,18,24,0.178917,134,237
69,24,2,0.372745,138,265
70,16,14,0.00177514,136,248
71,17,16,0.0721297,134,252
72,12,22,0.227955,138,252
73,21,22,0.0226481,136,251
74,12,11,0.203316,88,202
75,23,14,0.502193,134,253
76,17,14,0.00824487,40,154
77,1,9,0.185893,86,194
78,2,17,0.1162,38,157
79,0,6,0.109396,42,152
80,2,21,0.00472233,138,252
81,10,9,0.364565,88,219
82,12,10,0.716412,90,222
83,13,15,0.633685,40,150
84,5,8,0.045784,90,210
85,14,21,0.784563,38,144
86,17,11,0.114986,136,254
87,3,18,0.474395,86,209
88,4,13,0.35463,134,250
89,21,9,0.216941,134,253
90,22,2,0.645698,42,153
91,4,0,0.147003,88,195
92,0,5,0.190155,136,252
93,23,1,0.708139,42,155
94,5,17,0.411522,40,152
95,14,10,0.189863,86,209
96,16,20,0.23052,90,204
97,13,16,0.0908545,90,207
98,3,19,0.0996684,40,147
99,21,18,0.229131,42,151
100,1,9,0.797727,90,198
101,4,19,0.00887256,138,253
102,1,22,0.247206,184,288
103,6,4,0.0160827,88,199
104,3,20,0.00374443,138,252
105,1,9,0.610023,136,244
106,23,17,0.342644,186,287
107,17,16,0.0764836,136,254
108,11,18,0.662529,136,255
109,22,8,0.416559,42,155
110,1,11,0.559456,182,286
111,18,19,0.163028,86,201
112,1,22,0.39388,38,142
113,18,22,0.0190421,86,196
114,11,12,0.570189,86,200
115,4,21,0.0133899,86,199
116,3,8,0.590202,136,241
117,1,23,0.801736,38,152
118,10,11,0.0430985,138,265
119,15,21,0.0863069,38,154
120,8,18,0.183994,136,250
121,11,18,0.863565,38,157
122,0,5,0.188735,40,156
123,19,1,0.886919,88,197
124,1,12,0.48322,134,240
125,1,22,0.69685,42,146
126,9,12,0.00454545,42,160
127,14,12,0.190479,138,250
128,6,22,0.0249005,138,251
129,23,12,0.374115,42,165
130,8,5,0.0421091,38,158
131,20,16,0.0142332,88,202
132,13,22,0.976225,40,143
133,18,23,0.593975,138,238
134,14,15,0.101132,134,262
135,11,23,0.692739,90,211
136,4,13,0.375908,88,204
137,10,11,0.0461765,136,263
138,18,8,0.617841,134,246
139,2,14,0.687887,88,207
140,1,18,0.0720381,138,252
141,22,1,0.792078,136,240
142,23,19,0.457389,42,159
143,8,2,0.03253,38,150
144,23,6,0.598139,88,205
145,22,12,0.481867,134,247
146,10,21,0.0425493,134,249
147,5,15,0.463202,42,162
148,1,22,0.998798,182,286
149,13,0,0.632041,42,156
150,18,13,0.50156,134,237
151,17,9,0.305635,40,162
152,3,8,0.425859,86,191
153,22,12,0.480977,90,203
154,22,8,0.218256,138,251
155,24,22,0.63873,42,156
156,24,18,0.089594,42,145
157,11,12,0.565035,40,154
158,0,4,0.0347666,134,241
159,2,17,0.126023,42,161
160,12,17,0.00654889,88,210
161,3,1,0.707902,138,242
162,13,14,0.255034,86,200
163,2,19,0.285927,90,206
164,1,4,0.432098,186,288
165,10,20,0.0968177,134,251
166,15,22,0.663041,88,207
167,8,3,0.654429,88,193
168,15,0,0.419481,88,213
169,16,9,0.240265,138,254
170,23,14,0.657631,88,207
171,6,17,0.0492883,90,211
172,3,8,0.521325,88,193
173,24,6,0.395198,86,205
174,6,22,0.0266419,136,249
175,18,11,0.117189,86,207
176,4,10,0.0515926,42,170
177,2,19,0.283655,88,204
178,22,10,0.0684525,42,157
179,0,4,0.0325798,42,149
180,2,12,0.0532672,88,201
181,18,20,0.96104,134,243
182,17,8,0.192974,38,147
183,2,0,0.0448693,42,150
184,13,22,0.315086,136,239
185,11,13,0.444391,136,248
186,23,20,0.0601436,134,245
187,24,11,0.674906,38,162
188,16,18,0.159173,134,254
189,3,6,0.186725,90,203
190,5,22,0.32393,90,209
191,1,8,0.914055,136,241
192,3,19,0.527169,38,145
193,23,15,0.0734957,40,147
194,11,18,0.920347,40,159
195,19,11,0.661152,40,157
196,10,11,0.0429523,40,167
197,16,6,0.108652,88,201
198,11,18,0.281795,138,257
199,3,1,0.0746889,86,190
200,21,20,0.00750081,42,159
201,20,18,0.301414,88,197
202,24,22,0.730731,88,202
203,19,1,0.640528,86,195
204,4,16,0.502248,38,147
205,23,17,0.310228,138,239
206,22,16,0.115302,138,250
207,8,24,0.0276401,40,160
208,21,18,0.192861,90,199
209,20,4,0.00786177,138,250
210,11,1,0.944002,138,242
211,14,10,0.185159,38,161
212,5,1,0.563912,86,197
213,3,24,0.893633,42,169
214,2,14,0.733088,42,161
215,4,15,0.245325,134,260
216,17,9,0.298415,42,164
217,20,4,0.00696204,40,152
218,0,6,0.121875,40,150
219,11,3,0.766636,138,250
220,13,3,0.447999,138,256
221,15,12,0.822864,42,172
222,18,13,0.74159,182,285
223,19,5,0.447899,134,258
224,21,22,0.0224808,90,205
225,24,23,0.28017,86,191
226,13,22,0.322206,38,141
227,14,1,0.308222,88,200
228,14,21,0.749875,90,196
229,12,22,0.191617,86,200
230,21,17,0.375695,182,286
231,17,10,0.548053,88,202
232,1,6,0.236418,136,241
233,22,2,0.621182,136,247
234,22,11,0.446218,38,150
235,3,13,0.307909,136,252
236,18,22,0.0729362,90,200
237,22,0,0.175732,88,197
238,18,23,0.413646,186,286
239,22,12,0.48924,38,151
240,23,17,0.172291,90,191
241,2,4,0.0341137,134,243
242,12,11,0.196879,40,154
243,4,23,0.979594,138,258
244,17,19,0.760756,90,202
245,1,4,0.088646,138,240
246,18,5,0.989552,90,203
247,1,15,0.800652,88,208
248,0,23,0.907496,136,255
249,12,6,0.138112,86,201
250,16,3,0.283844,86,187
251,11,22,0.910902,86,198
252,14,2,0.0830988,40,159
253,0,1,0.524671,138,239
254,13,6,0.968938,42,150
255,18,1,0.111424,136,249
256,0,23,0.968624,42,161
257,3,21,0.941056,138,248
258,5,17,0.435927,90,202
259,14,15,0.733185,40,168
260,23,4,0.358856,138,257
261,10,20,0.090871,40,157
262,2,19,0.29783,138,254
263,20,19,0.482588,42,161
264,3,14,0.205728,134,241
265,10,3,0.0534203,138,265
266,1,23,0.336193,134,248
267,3,16,0.777292,88,189
268,17,13,0.78417,134,236
269,12,14,0.0403783,138,250
270,13,14,0.15185,40,154
271,10,14,0.122477,138,263
272,14,18,0.449645,136,255
273,18,15,0.803265,136,242
274,1,0,0.732885,88,189
275,23,20,0.091204,42,153
276,10,9,0.380504,40,171
277,22,1,0.535422,42,146
278,4,0,0.150661,138,245
279,2,19,0.280803,42,158
280,4,3,0.147231,88,192
281,3,18,0.505165,136,259
282,20,23,0.0949109,134,245
283,13,19,0.777491,42,154
284,14,10,0.177429,42,165
285,14,11,0.718156,86,206
286,4,24,0.287241,38,164
287,5,22,0.294083,136,255
288,12,21,0.35838,42,157
289,20,4,0.00732647,86,198
290,4,23,0.0443459,88,208
291,19,4,0.0609029,138,253
292,8,12,0.247868,40,150
293,11,21,0.296795,134,249
294,15,17,0.659188,134,242
295,17,5,0.241642,42,154
296,19,2,0.022381,88,204
297,4,10,0.0515686,40,168
298,21,8,0.446261,182,283
299,2,8,0.485747,38,150
300,0,12,0.254563,42,153
301,23,2,0.0978266,90,210
302,5,24,0.0660094,136,253
303,24,18,0.0708592,182,285
304,3,15,0.332458,90,220
305,12,20,0.784084,136,252
306,19,23,0.804722,134,249
307,20,4,0.00753784,90,202
308,6,3,0.270656,86,199
309,24,23,0.98771,138,243
310,18,13,0.430568,138,241
311,23,1,0.383109,40,153
312,1,24,0.979087,90,210
313,11,21,0.294929,88,203
314,20,18,0.283212,136,245
315,8,16,0.0117841,42,152
316,12,10,0.720018,40,172
317,12,1,0.662407,88,194
318,23,16,0.202777,38,159
319,4,18,0.397528,136,256
320,18,22,0.966525,42,152
321,23,4,0.389923,134,253
322,6,3,0.238895,38,151
323,15,0,0.453439,40,165
324,23,12,0.371777,138,261
325,24,14,0.148208,38,162
326,24,15,0.108755,138,238
327,23,19,0.0672649,86,203
328,3,1,0.611911,40,144
329,2,12,0.0490556,42,155
330,2,22,0.192345,42,153
331,24,2,0.357066,42,169
332,18,13,0.937066,184,287
333,5,22,0.300451,138,257
334,4,12,0.195878,42,151
335,16,3,0.202078,184,285
336,18,0,0.251341,134,252
337,17,8,0.177998,40,149
338,3,19,0.79922,138,245
339,13,14,0.158113,134,248
340,5,12,0.0150984,88,209
341,14,3,0.93491,90,197
342,5,22,0.287503,86,205
343,3,9,0.745691,90,206
344,12,18,0.145569,138,262
345,14,21,0.863886,182,288
346,1,19,0.179356,136,245
347,5,15,0.412602,40,160
348,13,11,0.18682,40,153
349,8,1,0.940204,182,287
350,1,4,0.841462,182,284
351,19,12,0.0413219,86,198
352,6,3,0.246332,134,247
353,13,20,0.308196,134,236
354,10,12,0.0688452,38,167
355,3,5,0.910152,40,159
356,19,1,0.26181,136,245
357,17,1,0.110385,38,148
358,5,24,0.0679958,88,205
359,13,6,0.937906,136,244
360,22,24,0.411922,136,250
361,0,22,0.240712,136,245
362,14,8,0.389137,42,158
363,4,12,0.194515,136,245
364,1,9,0.114853,88,196
365,0,2,0.106313,88,196
366,17,16,0.0722805,138,256
367,18,1,0.578523,38,151
368,22,16,0.127706,88,200
369,14,12,0.177892,90,202
370,0,3,0.324619,88,197
371,0,14,0.308558,38,155
372,11,21,0.345718,90,205
373,15,24,0.757948,134,234
374,8,16,0.0102277,138,248
375,10,19,0.462196,86,209
376,13,0,0.604302,134,248
377,1,18,0.282565,134,248
378,10,13,0.743791,138,249
379,10,15,0.467427,134,247
380,18,5,0.127644,38,151
381,8,1,0.172621,88,193
382,10,2,0.0196908,40,166
383,18,12,0.393565,88,211
384,1,0,0.969599,38,139
385,12,14,0.0364703,134,246
386,4,13,0.339658,38,154
387,4,21,0.0116587,88,201
388,22,24,0.397004,134,248
389,17,16,0.0720509,40,158
390,23,8,0.184546,90,204
391,0,13,0.375967,40,155
392,13,19,0.476101,90,202
393,10,15,0.252924,138,251
394,13,15,0.170568,38,148
395,19,12,0.0373035,42,154
396,5,12,0.0155637,86,207
397,8,13,0.30289,86,195
398,22,5,0.403987,42,155
399,0,20,0.717006,40,151
400,22,13,0.763827,138,241
401,24,23,0.947675,136,241
402,10,12,0.0712051,138,267
403,18,19,0.617715,134,249
404,10,4,0.0166795,42,167
405,8,1,0.856719,40,145
406,5,1,0.231484,42,153
407,14,1,0.610555,138,250
408,3,22,0.523855,136,245
409,14,24,0.0387742,134,259
410,0,10,0.529661,40,167
411,15,12,0.824667,90,220
412,16,19,0.613156,136,248
413,1,18,0.363205,88,202
414,19,23,0.710782,88,203
415,5,3,0.598224,134,253
416,19,5,0.466273,86,210
417,1,6,0.770657,138,243
418,1,2,0.71192,42,145
419,24,11,0.67123,42,166
420,20,23,0.102734,86,197
421,15,8,0.996971,136,257
422,2,3,0.36735,40,151
423,3,10,0.0956454,90,218
424,2,22,0.215031,40,151
425,12,18,0.139305,134,258
426,14,4,0.2261,138,253
427,23,8,0.856348,134,248
428,3,8,0.716725,40,145
429,3,19,0.123789,88,195
430,3,19,0.0566471,90,197
431,2,12,0.0467614,136,249
432,19,22,0.320486,38,155
433,19,17,0.299984,86,198
434,23,2,0.0919148,42,162
435,22,24,0.401626,38,152
436,23,20,0.962881,138,249
437,3,22,0.908275,86,195
438,14,18,0.946601,134,253
439,4,23,0.0896598,136,256
440,18,6,0.818289,134,249
441,8,24,0.0263311,138,258
442,14,1,0.179631,42,154
443,4,18,0.365314,134,254
444,3,12,0.244928,40,141
445,4,12,0.195099,90,199
446,10,8,0.281952,134,254
447,4,16,0.440922,90,199
448,2,4,0.939111,86,195
449,16,18,0.181873,42,162
450,11,12,0.415537,42,156
451,17,14,0.00714858,42,156
452,21,22,0.0220612,40,155
453,17,8,0.186011,90,199
454,9,12,0.00454545,38,156
455,16,13,0.0365494,138,251
456,23,4,0.401036,38,157
457,6,17,0.0507391,42,163
458,18,4,0.773518,88,207
459,19,17,0.29994,38,150
460,11,0,0.916481,42,151
461,0,3,0.333392,40,149
462,20,8,0.254598,88,203
463,4,13,0.36162,86,202
464,5,14,0.237249,90,217
465,11,15,0.446707,38,164
466,2,13,0.124881,40,157
467,23,2,0.0847085,38,158
468,20,22,0.235173,86,195
469,17,13,0.0593659,184,286
470,11,19,0.368455,138,255
471,13,3,0.158925,88,206
472,17,22,0.162789,86,195
473,1,23,0.11832,138,252
474,16,13,0.972842,90,203
475,20,22,0.272263,40,149
476,14,10,0.168981,136,259
477,20,10,0.481792,90,204
478,6,16,0.370558,40,153
479,16,5,0.176085,90,209
480,21,3,0.374565,38,147
481,15,17,0.782046,138,246
482,23,21,0.794755,38,147
483,1,9,0.0123966,138,246
484,19,12,0.0415318,40,152
485,14,13,0.807115,136,250
486,23,20,0.830043,40,151
487,13,20,0.537658,38,140
488,19,18,0.08179,42,159
489,16,8,0.208986,136,246
490,8,4,0.00803478,40,151
491,23,24,0.228138,42,147
492,21,20,0.00771445,134,251
493,1,0,0.436562,86,187
494,13,11,0.117676,88,201
495,6,1,0.0295358,138,243
496,14,21,0.834648,88,194
497,23,1,0.00609143,138,251
498,1,15,0.381086,90,210
499,14,11,0.768069,40,160
500,2,12,0.0481558,38,151
501,2,19,0.280525,40,156
502,10,2,0.0223994,88,214
503,2,15,0.374591,86,213
504,22,17,0.322713,42,151
505,11,0,0.921965,86,195
506,1,16,0.606908,134,238
507,21,15,0.0811764,38,156
508,0,3,0.308887,86,195
509,22,10,0.0650082,88,203
510,18,17,0.991712,184,285
511,20,18,0.272724,138,247
512,1,24,0.431044,38,158
513,5,14,0.38981,134,261
514,14,8,0.411175,136,252
515,5,1,0.724639,138,249
516,18,15,0.698737,138,244
517,19,12,0.0369833,136,248
518,23,6,0.614909,90,207
519,3,15,0.264104,88,218
520,18,11,0.98498,90,211
521,21,19,0.409239,138,242
522,19,13,0.483513,136,248
523,8,12,0.237291,38,148
524,17,13,0.929551,86,188
525,5,18,0.612785,134,247
526,0,16,0.822531,38,147
527,5,8,0.0497946,136,256
528,18,17,0.217759,40,141
529,5,3,0.671916,138,257
530,21,15,0.0855683,90,208
531,23,6,0.683064,38,155
532,3,24,0.907846,90,217
533,1,18,0.510207,42,156
534,12,14,0.0382,86,198
535,17,22,0.143473,136,245
536,1,19,0.0627288,86,195
537,20,23,0.107576,38,149
538,1,18,0.0871855,136,250
539,13,19,0.455759,138,250
540,1,19,0.0508764,134,243
541,13,11,0.214692,42,155
542,3,1,0.696138,42,146
543,5,4,0.18017,42,159
544,1,20,0.723772,86,192
545,13,5,0.316969,138,244
546,5,24,0.0623822,40,157
547,10,13,0.988609,40,151
548,3,2,0.835913,134,245
549,19,12,0.0390918,90,202
550,2,3,0.374494,138,249
551,23,13,0.216768,38,143
552,17,16,0.0675187,88,206
553,15,6,0.191115,40,164
554,22,6,0.290334,40,153
555,14,0,0.77719,42,159
556,13,17,0.554461,86,188
557,3,20,0.967906,38,152
558,16,9,0.231199,90,206
559,4,17,0.0061329,90,208
560,17,23,0.199764,38,149
561,22,11,0.464191,136,248
562,10,9,0.347869,38,169
563,17,20,0.304952,42,150
564,18,4,0.754636,40,159
565,3,1,0.374491,182,286
566,1,4,0.675838,184,286
567,21,22,0.022096,88,203
568,3,19,0.745105,42,149
569,23,15,0.0233377,38,145
570,14,11,0.765399,38,158
571,14,3,0.614441,134,241
572,13,23,0.449438,136,241
573,8,3,0.00113045,90,195
574,22,11,0.431158,40,152
575,19,15,0.488595,136,262
576,11,19,0.348226,88,205
577,23,10,0.184826,182,284
578,22,19,0.135806,86,203
579,21,23,0.362391,90,197
580,14,12,0.188861,86,198
581,23,6,0.591898,136,253
582,11,21,0.307716,138,253
583,19,21,0.763957,134,238
584,23,19,0.509256,38,155
585,22,13,0.709275,40,143
586,20,22,0.253256,136,245
587,0,22,0.225176,90,199
588,13,20,0.432577,186,288
589,16,19,0.67407,88,200
590,23,8,0.304815,40,154
591,17,8,0.182824,136,245
592,4,3,0.242039,138,242
593,21,3,0.328446,136,245
594,3,24,0.984173,86,213
595,8,18,0.190179,90,204
596,13,19,0.854151,86,198
597,12,11,0.178828,42,156
598,10,21,0.046844,136,251
599,9,12,0.00454545,138,256
