NODES,25
INDEX,Name,X-coordinate,Y-coordinate
0,0,-,-
1,1,-,-
2,2,-,-
3,3,-,-
4,4,-,-
5,5,-,-
6,6,-,-
7,7,-,-
8,8,-,-
9,9,-,-
10,10,-,-
11,11,-,-
12,12,-,-
13,13,-,-
14,14,-,-
15,15,-,-
16,16,-,-
17,17,-,-
18,18,-,-
19,19,-,-
20,20,-,-
21,21,-,-
22,22,-,-
23,23,-,-
24,24,-,-
ARCS,529
Index,Origin,Destination,Variable Cost,Fixed Cost,Capacity,Travel time
0,0,1,0,117.8,1,5
1,1,0,0,117.8,1,5
2,1,2,0,234.05,1,7
3,1,3,0,260.4,1,8
4,1,4,0,175.15,1,6
5,1,5,0,486.7,1,15
6,1,6,0,323.95,1,9
7,1,8,0,323.95,1,9
8,1,9,0,447.95,1,12
9,1,10,0,883.5,1,26
10,1,11,0,255.75,1,8
11,1,12,0,387.5,1,10
12,1,13,0,489.8,1,14
13,1,14,0,525.45,1,16
14,1,15,0,1002.85,1,24
15,1,16,0,252.65,1,8
16,1,17,0,545.6,1,16
17,1,18,0,680.45,1,18
18,1,19,0,503.75,1,13
19,1,20,0,358.05,1,10
20,1,21,0,409.2,1,11
21,1,22,0,266.6,1,8
22,1,23,0,699.05,1,18
23,1,24,0,903.65,1,24
24,2,1,0,234.05,1,7
25,3,1,0,260.4,1,8
26,3,4,0,230.95,1,8
27,3,8,0,311.55,1,9
28,3,12,0,144.15,1,5
29,3,13,0,661.85,1,20
30,3,14,0,418.5,1,11
31,3,16,0,151.9,1,5
32,3,19,0,396.8,1,11
33,3,21,0,469.65,1,14
34,3,22,0,429.35,1,13
35,4,1,0,175.15,1,6
36,4,3,0,230.95,1,8
37,5,1,0,486.7,1,15
38,5,13,0,367.35,1,10
39,6,1,0,323.95,1,9
40,6,13,0,430.9,1,11
41,7,1,0,103.85,1,4
42,8,1,0,323.95,1,9
43,8,3,0,311.55,1,9
44,8,13,0,415.4,1,11
45,8,16,0,161.2,1,6
46,8,21,0,158.1,1,5
47,9,1,0,447.95,1,12
48,10,1,0,891.25,1,23
49,10,23,0,192.2,1,6
50,11,1,0,255.75,1,8
51,11,13,0,592.1,1,16
52,12,1,0,387.5,1,10
53,12,3,0,144.15,1,5
54,13,1,0,489.8,1,13
55,13,3,0,669.6,1,22
56,13,5,0,367.35,1,10
57,13,6,0,430.9,1,12
58,13,10,0,483.6,1,12
59,13,11,0,596.75,1,17
60,13,15,0,553.35,1,14
61,13,17,0,176.7,1,6
62,13,18,0,248,1,7
63,13,19,0,573.5,1,16
64,13,20,0,198.4,1,6
65,13,21,0,275.9,1,8
66,13,22,0,232.5,1,7
67,13,23,0,323.95,1,9
68,13,24,0,449.5,1,11
69,14,1,0,525.45,1,16
70,14,3,0,418.5,1,11
71,14,19,0,111.6,1,4
72,14,21,0,384.4,1,10
73,15,1,0,1002.85,1,24
74,15,13,0,553.35,1,16
75,15,18,0,350.3,1,10
76,15,21,0,747.1,1,20
77,15,23,0,412.3,1,11
78,16,1,0,252.65,1,8
79,16,3,0,151.9,1,5
80,16,8,0,161.2,1,6
81,16,13,0,581.25,1,17
82,16,21,0,305.35,1,9
83,17,1,0,544.05,1,14
84,17,13,0,176.7,1,6
85,17,18,0,127.1,1,5
86,17,21,0,292.95,1,8
87,18,1,0,666.5,1,17
88,18,10,0,308.45,1,10
89,18,13,0,248,1,7
90,18,15,0,350.3,1,10
91,18,17,0,127.1,1,5
92,18,19,0,719.2,1,19
93,18,21,0,421.6,1,11
94,18,22,0,421.6,1,13
95,18,23,0,116.25,1,4
96,18,24,0,237.15,1,7
97,19,1,0,503.75,1,13
98,19,3,0,396.8,1,11
99,19,8,0,240.25,1,7
100,19,14,0,111.6,1,4
101,19,21,0,297.6,1,8
102,20,1,0,358.05,1,10
103,20,13,0,198.4,1,6
104,20,23,0,522.35,1,15
105,21,1,0,409.2,1,11
106,21,3,0,458.8,1,13
107,21,8,0,158.1,1,5
108,21,13,0,275.9,1,8
109,21,14,0,384.4,1,10
110,21,15,0,829.25,1,22
111,21,17,0,292.95,1,8
112,21,18,0,420.05,1,13
113,21,19,0,297.6,1,8
114,21,23,0,440.2,1,11
115,22,1,0,266.6,1,8
116,22,3,0,429.35,1,12
117,22,13,0,232.5,1,7
118,23,1,0,699.05,1,17
119,23,10,0,192.2,1,6
120,23,13,0,323.95,1,9
121,23,15,0,412.3,1,11
122,23,17,0,153.45,1,5
123,23,18,0,116.25,1,4
124,23,21,0,446.4,1,13
125,23,24,0,305.35,1,9
126,24,1,0,903.65,1,24
127,24,13,0,449.5,1,11
128,24,18,0,237.15,1,7
129,24,23,0,305.35,1,9
130,0,2,0,161.2,1,6
131,0,3,0,353.4,1,10
132,0,4,0,285.2,1,9
133,0,5,0,474.3,1,13
134,0,6,0,246.45,1,8
135,0,8,0,427.8,1,12
136,0,9,0,379.75,1,11
137,0,10,0,931.55,1,25
138,0,11,0,158.1,1,5
139,0,12,0,401.45,1,11
140,0,14,0,632.4,1,17
141,0,15,0,1063.3,1,28
142,0,16,0,367.35,1,11
143,0,17,0,596.75,1,16
144,0,18,0,717.65,1,19
145,0,19,0,615.35,1,17
146,0,20,0,361.15,1,10
147,0,21,0,444.85,1,13
148,0,22,0,297.6,1,9
149,0,23,0,739.35,1,20
150,0,24,0,957.9,1,25
151,1,7,0,103.85,1,4
152,2,0,0,161.2,1,6
153,2,3,0,480.5,1,13
154,2,4,0,409.2,1,12
155,2,5,0,257.3,1,8
156,2,6,0,110.05,1,4
157,2,8,0,412.3,1,12
158,2,9,0,229.4,1,7
159,2,10,0,872.65,1,23
160,2,11,0,182.9,1,6
161,2,12,0,582.8,1,16
162,2,13,0,390.6,1,11
163,2,14,0,790.5,1,21
164,2,15,0,940.85,1,25
165,2,16,0,475.85,1,13
166,2,17,0,568.85,1,16
167,2,18,0,638.6,1,17
168,2,19,0,643.25,1,17
169,2,20,0,207.7,1,7
170,2,21,0,424.7,1,12
171,2,22,0,308.45,1,9
172,2,23,0,716.1,1,19
173,2,24,0,847.85,1,23
174,3,0,0,353.4,1,10
175,3,2,0,480.5,1,13
176,3,6,0,554.9,1,15
177,3,9,0,685.1,1,18
178,3,10,0,995.1,1,26
179,3,11,0,477.4,1,13
180,3,15,0,1224.5,1,32
181,3,17,0,764.15,1,20
182,3,18,0,833.9,1,22
183,3,20,0,620,1,17
184,3,23,0,888.15,1,23
185,3,24,0,1108.25,1,29
186,4,0,0,285.2,1,9
187,4,2,0,409.2,1,12
188,4,6,0,494.45,1,14
189,4,7,0,75.95,1,3
190,4,8,0,142.6,1,5
191,4,9,0,624.65,1,17
192,4,10,0,838.55,1,22
193,4,11,0,406.1,1,12
194,4,12,0,331.7,1,9
195,4,13,0,427.8,1,12
196,4,14,0,410.75,1,12
197,4,15,0,970.3,1,26
198,4,16,0,147.25,1,5
199,4,17,0,503.75,1,14
200,4,18,0,624.65,1,17
201,4,19,0,390.6,1,11
202,4,20,0,413.85,1,12
203,4,21,0,263.5,1,8
204,4,22,0,204.6,1,7
205,4,23,0,646.35,1,18
206,4,24,0,861.8,1,23
207,5,0,0,474.3,1,13
208,5,2,0,257.3,1,8
209,5,6,0,161.2,1,5
210,5,9,0,198.4,1,6
211,5,11,0,320.85,1,9
212,5,18,0,660.3,1,16
213,5,20,0,178.25,1,6
214,5,23,0,720.75,1,19
215,6,0,0,246.45,1,8
216,6,2,0,110.05,1,4
217,6,3,0,554.9,1,15
218,6,4,0,494.45,1,14
219,6,5,0,161.2,1,5
220,6,8,0,637.05,1,17
221,6,9,0,141.05,1,5
222,6,10,0,939.3,1,25
223,6,11,0,165.85,1,5
224,6,12,0,623.1,1,17
225,6,14,0,840.1,1,22
226,6,15,0,982.7,1,26
227,6,16,0,576.6,1,16
228,6,17,0,615.35,1,17
229,6,18,0,685.1,1,18
230,6,19,0,824.6,1,22
231,6,20,0,243.35,1,7
232,6,21,0,593.65,1,16
233,6,22,0,446.4,1,13
234,6,23,0,761.05,1,20
235,6,24,0,877.3,1,23
236,7,3,0,246.45,1,8
237,7,4,0,75.95,1,3
238,8,0,0,427.8,1,12
239,8,2,0,412.3,1,12
240,8,4,0,142.6,1,5
241,8,6,0,637.05,1,17
242,8,9,0,767.25,1,21
243,8,10,0,714.55,1,19
244,8,11,0,545.6,1,15
245,8,12,0,460.35,1,13
246,8,14,0,328.6,1,10
247,8,15,0,883.5,1,23
248,8,17,0,427.8,1,12
249,8,18,0,542.5,1,15
250,8,19,0,240.25,1,7
251,8,20,0,444.85,1,13
252,8,22,0,203.05,1,7
253,8,23,0,536.3,1,15
254,8,24,0,801.35,1,21
255,9,0,0,379.75,1,11
256,9,2,0,229.4,1,7
257,9,3,0,685.1,1,18
258,9,4,0,624.65,1,17
259,9,5,0,198.4,1,6
260,9,6,0,141.05,1,5
261,9,8,0,767.25,1,21
262,9,10,0,1069.5,1,28
263,9,11,0,297.6,1,8
264,9,12,0,753.3,1,20
265,9,13,0,469.65,1,12
266,9,14,0,652.55,1,18
267,9,15,0,1112.9,1,29
268,9,16,0,706.8,1,19
269,9,17,0,646.35,1,18
270,9,18,0,711.45,1,18
271,9,19,0,954.8,1,25
272,9,20,0,279,1,8
273,9,21,0,723.85,1,19
274,9,22,0,576.6,1,16
275,9,23,0,891.25,1,24
276,9,24,0,1019.9,1,27
277,10,0,0,931.55,1,25
278,10,2,0,872.65,1,23
279,10,3,0,995.1,1,26
280,10,4,0,838.55,1,22
281,10,6,0,939.3,1,25
282,10,8,0,714.55,1,19
283,10,9,0,1069.5,1,28
284,10,11,0,1133.05,1,30
285,10,12,0,1086.55,1,28
286,10,13,0,483.6,1,12
287,10,14,0,970.3,1,26
288,10,15,0,224.75,1,7
289,10,16,0,872.65,1,23
290,10,17,0,334.8,1,9
291,10,18,0,306.9,1,9
292,10,19,0,909.85,1,24
293,10,20,0,714.55,1,19
294,10,21,0,623.1,1,16
295,10,22,0,623.1,1,17
296,10,24,0,286.75,1,8
297,11,0,0,158.1,1,5
298,11,2,0,182.9,1,6
299,11,3,0,477.4,1,13
300,11,4,0,406.1,1,12
301,11,5,0,320.85,1,9
302,11,6,0,165.85,1,5
303,11,8,0,545.6,1,15
304,11,9,0,297.6,1,9
305,11,10,0,1133.05,1,30
306,11,12,0,523.9,1,14
307,11,14,0,770.35,1,21
308,11,15,0,1112.9,1,29
309,11,16,0,488.25,1,14
310,11,17,0,798.25,1,21
311,11,18,0,832.35,1,21
312,11,19,0,748.65,1,20
313,11,20,0,406.1,1,11
314,11,21,0,649.45,1,18
315,11,22,0,499.1,1,14
316,11,23,0,852.5,1,23
317,11,24,0,1021.45,1,27
318,12,0,0,401.45,1,11
319,12,2,0,582.8,1,16
320,12,4,0,331.7,1,10
321,12,6,0,623.1,1,17
322,12,8,0,460.35,1,13
323,12,9,0,753.3,1,20
324,12,10,0,1086.55,1,28
325,12,11,0,523.9,1,14
326,12,13,0,776.55,1,20
327,12,14,0,550.25,1,15
328,12,15,0,1233.8,1,32
329,12,16,0,296.05,1,9
330,12,17,0,776.55,1,21
331,12,18,0,1038.5,1,27
332,12,19,0,523.9,1,14
333,12,20,0,637.05,1,17
334,12,21,0,554.9,1,15
335,12,22,0,556.45,1,15
336,12,23,0,919.15,1,24
337,12,24,0,1137.7,1,30
338,13,2,0,390.6,1,11
339,13,4,0,427.8,1,12
340,13,8,0,415.4,1,11
341,13,9,0,469.65,1,12
342,13,14,0,655.65,1,17
343,13,16,0,530.1,1,14
344,14,0,0,632.4,1,17
345,14,2,0,790.5,1,21
346,14,4,0,410.75,1,12
347,14,6,0,840.1,1,22
348,14,8,0,328.6,1,10
349,14,9,0,652.55,1,18
350,14,10,0,970.3,1,26
351,14,11,0,770.35,1,21
352,14,12,0,550.25,1,15
353,14,13,0,655.65,1,17
354,14,15,0,1106.7,1,28
355,14,16,0,272.8,1,8
356,14,17,0,671.15,1,18
357,14,18,0,798.25,1,20
358,14,20,0,852.5,1,23
359,14,22,0,527,1,15
360,14,23,0,818.4,1,20
361,14,24,0,995.1,1,26
362,15,0,0,1063.3,1,28
363,15,2,0,940.85,1,25
364,15,3,0,1224.5,1,32
365,15,4,0,970.3,1,26
366,15,6,0,982.7,1,26
367,15,8,0,883.5,1,23
368,15,9,0,1112.9,1,29
369,15,10,0,224.75,1,7
370,15,11,0,1112.9,1,29
371,15,12,0,1233.8,1,32
372,15,14,0,1106.7,1,28
373,15,16,0,1027.65,1,27
374,15,17,0,454.15,1,12
375,15,19,0,1023,1,27
376,15,20,0,757.95,1,19
377,15,22,0,733.15,1,19
378,15,24,0,110.05,1,4
379,16,0,0,367.35,1,11
380,16,2,0,475.85,1,13
381,16,4,0,147.25,1,5
382,16,6,0,576.6,1,16
383,16,7,0,155,1,5
384,16,9,0,706.8,1,19
385,16,10,0,872.65,1,23
386,16,11,0,488.25,1,14
387,16,12,0,296.05,1,8
388,16,14,0,272.8,1,8
389,16,15,0,1027.65,1,27
390,16,17,0,570.4,1,16
391,16,18,0,686.65,1,19
392,16,19,0,251.1,1,7
393,16,20,0,525.45,1,15
394,16,22,0,302.25,1,9
395,16,23,0,692.85,1,19
396,16,24,0,951.7,1,25
397,17,0,0,596.75,1,16
398,17,2,0,568.85,1,16
399,17,3,0,764.15,1,20
400,17,4,0,503.75,1,14
401,17,5,0,530.1,1,14
402,17,6,0,615.35,1,17
403,17,8,0,427.8,1,12
404,17,9,0,649.45,1,18
405,17,10,0,334.8,1,10
406,17,11,0,798.25,1,21
407,17,12,0,776.55,1,21
408,17,14,0,671.15,1,17
409,17,15,0,454.15,1,12
410,17,16,0,570.4,1,16
411,17,19,0,581.25,1,16
412,17,20,0,373.55,1,10
413,17,22,0,294.5,1,8
414,17,23,0,153.45,1,5
415,17,24,0,362.7,1,10
416,18,0,0,719.2,1,19
417,18,2,0,638.6,1,17
418,18,3,0,833.9,1,22
419,18,4,0,624.65,1,17
420,18,5,0,660.3,1,16
421,18,6,0,685.1,1,18
422,18,8,0,542.5,1,15
423,18,9,0,711.45,1,18
424,18,11,0,832.35,1,21
425,18,12,0,1038.5,1,27
426,18,14,0,798.25,1,21
427,18,16,0,686.65,1,19
428,18,20,0,438.65,1,12
429,19,0,0,615.35,1,17
430,19,2,0,643.25,1,17
431,19,4,0,390.6,1,11
432,19,6,0,824.6,1,22
433,19,9,0,954.8,1,25
434,19,10,0,909.85,1,24
435,19,11,0,748.65,1,20
436,19,12,0,523.9,1,14
437,19,13,0,565.75,1,14
438,19,15,0,1023,1,27
439,19,16,0,251.1,1,7
440,19,17,0,581.25,1,16
441,19,18,0,709.9,1,18
442,19,20,0,764.15,1,20
443,19,22,0,437.1,1,12
444,19,23,0,728.5,1,18
445,19,24,0,942.4,1,25
446,20,0,0,361.15,1,10
447,20,2,0,207.7,1,7
448,20,3,0,620,1,17
449,20,4,0,413.85,1,12
450,20,5,0,178.25,1,6
451,20,6,0,243.35,1,7
452,20,8,0,444.85,1,13
453,20,9,0,279,1,8
454,20,10,0,714.55,1,19
455,20,11,0,406.1,1,11
456,20,12,0,637.05,1,17
457,20,14,0,878.85,1,23
458,20,15,0,757.95,1,19
459,20,16,0,525.45,1,15
460,20,17,0,373.55,1,11
461,20,18,0,438.65,1,12
462,20,19,0,764.15,1,20
463,20,21,0,466.55,1,13
464,20,22,0,272.8,1,8
465,20,24,0,641.7,1,17
466,21,0,0,444.85,1,13
467,21,2,0,424.7,1,12
468,21,4,0,263.5,1,8
469,21,6,0,593.65,1,16
470,21,9,0,723.85,1,19
471,21,10,0,623.1,1,16
472,21,11,0,646.35,1,18
473,21,12,0,554.9,1,15
474,21,16,0,305.35,1,9
475,21,20,0,466.55,1,13
476,21,22,0,142.6,1,5
477,21,24,0,651,1,18
478,22,0,0,297.6,1,9
479,22,2,0,308.45,1,10
480,22,4,0,204.6,1,7
481,22,6,0,446.4,1,13
482,22,8,0,203.05,1,6
483,22,9,0,576.6,1,16
484,22,10,0,623.1,1,17
485,22,11,0,499.1,1,14
486,22,12,0,556.45,1,15
487,22,14,0,527,1,15
488,22,15,0,733.15,1,19
489,22,16,0,302.25,1,9
490,22,17,0,294.5,1,8
491,22,18,0,404.55,1,10
492,22,19,0,437.1,1,12
493,22,20,0,272.8,1,9
494,22,21,0,142.6,1,5
495,22,23,0,432.45,1,11
496,22,24,0,643.25,1,17
497,23,0,0,739.35,1,20
498,23,2,0,716.1,1,19
499,23,3,0,888.15,1,23
500,23,4,0,646.35,1,18
501,23,6,0,761.05,1,20
502,23,8,0,536.3,1,15
503,23,9,0,891.25,1,24
504,23,11,0,852.5,1,23
505,23,12,0,919.15,1,24
506,23,14,0,818.4,1,20
507,23,16,0,692.85,1,19
508,23,19,0,728.5,1,18
509,23,20,0,522.35,1,14
510,23,22,0,432.45,1,11
511,24,0,0,957.9,1,25
512,24,2,0,847.85,1,23
513,24,3,0,1108.25,1,29
514,24,4,0,861.8,1,23
515,24,6,0,877.3,1,23
516,24,8,0,801.35,1,21
517,24,9,0,1019.9,1,27
518,24,10,0,286.75,1,8
519,24,11,0,1021.45,1,27
520,24,12,0,1137.7,1,30
521,24,14,0,995.1,1,26
522,24,15,0,110.05,1,4
523,24,16,0,951.7,1,25
524,24,17,0,362.7,1,10
525,24,19,0,942.4,1,25
526,24,20,0,641.7,1,17
527,24,21,0,651,1,16
528,24,22,0,643.25,1,17
PATHS,600
Index,Shipment origin,Shipment destination,1st terminal on path,2nd terminal on path,.....,6th terminal on path
0,0,1,0,1
1,0,2,0,1,2
2,0,3,0,1,3
3,0,4,0,1,4
4,0,5,0,1,5
5,0,6,0,1,6
6,0,7,0,1,7
7,0,8,0,1,8
8,0,9,0,1,9
9,0,10,0,1,10
10,0,11,0,1,11
11,0,12,0,1,12
12,0,13,0,1,13
13,0,14,0,1,14
14,0,15,0,1,15
15,0,16,0,1,16
16,0,17,0,1,17
17,0,18,0,1,18
18,0,19,0,1,19
19,0,20,0,1,20
20,0,21,0,1,21
21,0,22,0,1,22
22,0,23,0,1,23
23,0,24,0,1,24
24,1,0,1,0
25,1,2,1,2
26,1,3,1,3
27,1,4,1,4
28,1,5,1,5
29,1,6,1,6
30,1,7,1,7
31,1,8,1,8
32,1,9,1,9
33,1,10,1,10
34,1,11,1,11
35,1,12,1,12
36,1,13,1,13
37,1,14,1,14
38,1,15,1,15
39,1,16,1,16
40,1,17,1,17
41,1,18,1,18
42,1,19,1,19
43,1,20,1,20
44,1,21,1,21
45,1,22,1,22
46,1,23,1,23
47,1,24,1,24
48,2,0,2,1,0
49,2,1,2,1
50,2,3,2,1,3
51,2,4,2,1,4
52,2,5,2,1,5
53,2,6,2,1,6
54,2,8,2,1,8
55,2,7,2,1,7
56,2,9,2,1,9
57,2,10,2,1,10
58,2,11,2,1,11
59,2,12,2,1,12
60,2,13,2,1,13
61,2,14,2,1,14
62,2,15,2,1,15
63,2,16,2,1,16
64,2,17,2,1,17
65,2,18,2,1,18
66,2,19,2,1,19
67,2,20,2,1,20
68,2,21,2,1,21
69,2,22,2,1,22
70,2,23,2,1,23
71,2,24,2,1,24
72,3,0,3,1,0
73,3,1,3,1
74,3,2,3,1,2
75,3,4,3,4
76,3,5,3,1,5
77,3,6,3,1,6
78,3,7,3,1,7
79,3,8,3,8
80,3,9,3,1,9
81,3,10,3,13,10
82,3,11,3,1,11
83,3,12,3,12
84,3,13,3,13
85,3,14,3,14
86,3,15,3,13,15
87,3,16,3,16
88,3,17,3,13,17
89,3,18,3,13,18
90,3,19,3,19
91,3,20,3,1,20
92,3,21,3,21
93,3,22,3,22
94,3,23,3,21,23
95,3,24,3,13,24
96,4,0,4,1,0
97,4,1,4,1
98,4,2,4,1,2
99,4,3,4,3
100,4,5,4,1,5
101,4,6,4,1,6
102,4,7,4,1,7
103,4,8,4,1,8
104,4,9,4,1,9
105,4,10,4,1,10
106,4,11,4,1,11
107,4,12,4,3,12
108,4,13,4,1,13
109,4,14,4,3,14
110,4,15,4,1,15
111,4,16,4,3,16
112,4,17,4,1,17
113,4,18,4,1,18
114,4,19,4,3,19
115,4,20,4,1,20
116,4,21,4,1,21
117,4,22,4,1,22
118,4,23,4,1,23
119,4,24,4,1,24
120,5,0,5,1,0
121,5,1,5,1
122,5,2,5,1,2
123,5,3,5,1,3
124,5,4,5,1,4
125,5,6,5,1,6
126,5,7,5,1,7
127,5,8,5,1,8
128,5,9,5,1,9
129,5,10,5,13,10
130,5,11,5,1,11
131,5,12,5,1,12
132,5,13,5,13
133,5,14,5,1,14
134,5,15,5,13,15
135,5,16,5,1,16
136,5,17,5,13,17
137,5,18,5,13,18
138,5,19,5,13,21,19
139,5,20,5,13,20
140,5,21,5,13,21
141,5,22,5,1,22
142,5,23,5,13,23
143,5,24,5,13,24
144,6,0,6,1,0
145,6,1,6,1
146,6,2,6,1,2
147,6,3,6,1,3
148,6,4,6,1,4
149,6,5,6,1,5
150,6,7,6,1,7
151,6,8,6,1,8
152,6,9,6,1,9
153,6,10,6,1,10
154,6,11,6,1,11
155,6,12,6,1,12
156,6,13,6,1,13
157,6,14,6,1,14
158,6,15,6,1,15
159,6,16,6,1,16
160,6,17,6,1,17
161,6,18,6,1,18
162,6,19,6,1,19
163,6,20,6,1,20
164,6,21,6,1,21
165,6,22,6,1,22
166,6,23,6,1,23
167,6,24,6,1,24
168,7,0,7,1,0
169,7,1,7,1
170,7,2,7,1,2
171,7,3,7,3
172,7,4,7,4
173,7,5,7,1,5
174,7,6,7,3,6
175,7,8,7,3,8
176,7,9,7,1,9
177,7,10,7,1,9
178,7,11,7,3,11
179,7,12,7,4,12
180,7,13,7,4,13
181,7,14,7,4,14
182,7,15,7,4,15
183,7,16,7,4,16
184,7,17,7,1,17
185,7,18,7,1,18
186,7,19,7,1,19
187,7,20,7,1,20
188,7,21,7,1,21
189,7,22,7,1,22
190,7,23,7,1,23
191,7,24,7,1,24
192,8,0,8,1,0
193,8,1,8,1
194,8,2,8,1,2
195,8,3,8,3
196,8,4,8,1,4
197,8,5,8,1,5
198,8,6,8,1,6
199,8,7,8,1,7
200,8,9,8,1,9
201,8,10,8,21,23,10
202,8,11,8,1,11
203,8,12,8,3,12
204,8,13,8,21,13
205,8,14,8,21,14
206,8,15,8,21,13,15
207,8,16,8,3,16
208,8,17,8,21,17
209,8,18,8,21,18
210,8,19,8,21,19
211,8,20,8,1,20
212,8,21,8,21
213,8,22,8,1,22
214,8,23,8,21,23
215,8,24,8,21,13,24
216,9,0,9,1,0
217,9,1,9,1
218,9,2,9,1,2
219,9,3,9,1,3
220,9,4,9,1,4
221,9,5,9,1,5
222,9,6,9,1,6
223,9,7,9,1,7
224,9,8,9,1,8
225,9,10,9,1,10
226,9,11,9,1,11
227,9,12,9,1,12
228,9,13,9,1,13
229,9,14,9,1,14
230,9,15,9,1,15
231,9,16,9,1,16
232,9,17,9,1,17
233,9,18,9,1,18
234,9,19,9,1,19
235,9,20,9,1,20
236,9,21,9,1,21
237,9,22,9,1,22
238,9,23,9,1,23
239,9,24,9,1,24
240,10,0,10,1,0
241,10,1,10,1
242,10,2,10,1,2
243,10,3,10,1,3
244,10,4,10,1,4
245,10,5,10,23,13,5
246,10,6,10,23,13,6
247,10,7,10,1,7
248,10,8,10,23,21,8
249,10,9,10,1,9
250,10,11,10,1,11
251,10,12,10,1,12
252,10,13,10,23,13
253,10,14,10,23,21,14
254,10,15,10,23,15
255,10,16,10,1,16
256,10,17,10,23,17
257,10,18,10,23,18
258,10,19,10,23,21,19
259,10,20,10,23,13,20
260,10,21,10,23,21
261,10,22,10,23,22
262,10,23,10,23
263,10,24,10,23,24
264,11,0,11,1,0
265,11,1,11,1
266,11,2,11,1,2
267,11,3,11,1,3
268,11,4,11,1,4
269,11,5,11,1,5
270,11,6,11,1,6
271,11,7,11,1,7
272,11,8,11,1,8
273,11,9,11,1,9
274,11,10,11,13,10
275,11,12,11,1,12
276,11,13,11,13
277,11,14,11,1,14
278,11,15,11,13,15
279,11,16,11,1,16
280,11,17,11,13,17
281,11,18,11,13,18
282,11,19,11,1,19
283,11,20,11,1,20
284,11,21,11,1,21
285,11,22,11,1,22
286,11,23,11,13,23
287,11,24,11,13,24
288,12,0,12,1,0
289,12,1,12,1
290,12,2,12,1,2
291,12,3,12,3
292,12,4,12,3,4
293,12,5,12,1,5
294,12,6,12,1,6
295,12,7,12,1,7
296,12,8,12,3,8
297,12,9,12,1,9
298,12,10,12,1,10
299,12,11,12,1,11
300,12,13,12,3,13
301,12,14,12,3,14
302,12,15,12,1,15
303,12,16,12,3,16
304,12,17,12,1,17
305,12,18,12,1,18
306,12,19,12,3,19
307,12,20,12,1,20
308,12,21,12,3,21
309,12,22,12,3,22
310,12,23,12,1,23
311,12,24,12,1,24
312,13,0,13,1,0
313,13,1,13,1
314,13,2,13,1,2
315,13,3,13,3
316,13,4,13,4
317,13,5,13,5
318,13,6,13,6
319,13,7,13,1,7
320,13,8,13,21,8
321,13,9,13,1,9
322,13,10,13,10
323,13,11,13,11
324,13,12,13,3,12
325,13,14,13,21,14
326,13,15,13,15
327,13,16,13,1,16
328,13,17,13,17
329,13,18,13,18
330,13,19,13,21,19
331,13,20,13,20
332,13,21,13,21
333,13,22,13,22
334,13,23,13,23
335,13,24,13,24
336,14,0,14,1,0
337,14,1,14,1
338,14,2,14,1,2
339,14,3,14,3
340,14,4,14,3,4
341,14,5,14,1,5
342,14,6,14,1,6
343,14,7,14,1,7
344,14,8,14,3,8
345,14,9,14,1,9
346,14,10,14,21,23,10
347,14,11,14,1,11
348,14,12,14,3,12
349,14,13,14,21,13
350,14,15,14,21,13,15
351,14,16,14,3,16
352,14,17,14,21,17
353,14,18,14,21,18
354,14,19,14,1,19
355,14,20,14,1,20
356,14,21,14,21
357,14,22,14,1,22
358,14,23,14,21,23
359,14,24,14,21,13,24
360,15,0,15,1,0
361,15,1,15,1
362,15,2,15,1,2
363,15,3,15,13,3
364,15,4,15,1,4
365,15,5,15,13,5
366,15,6,15,13,6
367,15,7,15,1,7
368,15,8,15,21,8
369,15,9,15,1,9
370,15,10,15,10
371,15,11,15,1,11
372,15,12,15,1,12
373,15,13,15,13
374,15,14,15,21,14
375,15,16,15,1,16
376,15,17,15,17
377,15,18,15,18
378,15,19,15,21,19
379,15,20,15,13,20
380,15,21,15,21
381,15,22,15,13,22
382,15,23,15,23
383,15,24,15,24
384,16,0,16,1,0
385,16,1,16,1
386,16,2,16,1,2
387,16,3,16,3
388,16,4,16,3,4
389,16,5,16,1,5
390,16,6,16,1,6
391,16,7,16,1,7
392,16,8,16,3,8
393,16,9,16,1,9
394,16,10,16,13,10
395,16,11,16,1,11
396,16,12,16,3,12
397,16,13,16,13
398,16,14,16,3,14
399,16,15,16,13,15
400,16,17,16,13,17
401,16,18,16,13,18
402,16,19,16,3,19
403,16,20,16,1,20
404,16,21,16,21
405,16,22,16,3,22
406,16,23,16,13,23
407,16,24,16,13,24
408,17,0,17,1,0
409,17,1,17,1
410,17,2,17,1,2
411,17,3,17,13,3
412,17,4,17,1,4
413,17,5,17,13,5
414,17,6,17,13,6
415,17,7,17,1,7
416,17,8,17,21,8
417,17,9,17,1,9
418,17,10,17,13,10
419,17,11,17,1,11
420,17,12,17,1,12
421,17,13,17,13
422,17,14,17,21,14
423,17,15,17,13,15
424,17,16,17,1,16
425,17,18,17,18
426,17,19,17,21,19
427,17,20,17,13,20
428,17,21,17,21
429,17,22,17,13,22
430,17,23,17,13,23
431,17,24,17,13,24
432,18,0,18,1,0
433,18,1,18,1
434,18,2,18,1,2
435,18,3,18,13,3
436,18,4,18,1,4
437,18,5,18,13,5
438,18,6,18,13,6
439,18,7,18,1,7
440,18,8,18,21,8
441,18,9,18,13,1,9
442,18,10,18,10
443,18,11,18,1,11
444,18,12,18,1,12
445,18,13,18,13
446,18,14,18,21,14
447,18,15,18,15
448,18,16,18,1,16
449,18,17,18,17
450,18,19,18,21,19
451,18,20,18,13,20
452,18,21,18,21
453,18,22,18,13,22
454,18,23,18,23
455,18,24,18,24
456,19,0,19,1,0
457,19,1,19,1
458,19,2,19,1,2
459,19,3,19,3
460,19,4,19,3,4
461,19,5,19,1,5
462,19,6,19,1,6
463,19,7,19,1,7
464,19,8,19,21,8
465,19,9,19,1,9
466,19,10,19,1,10
467,19,11,19,1,11
468,19,12,19,3,12
469,19,13,19,21,13
470,19,14,19,1,14
471,19,15,19,21,13,15
472,19,16,19,3,16
473,19,17,19,21,17
474,19,18,19,21,18
475,19,20,19,1,20
476,19,21,19,21
477,19,22,19,1,22
478,19,23,19,21,23
479,19,24,19,21,13,24
480,20,0,20,1,0
481,20,1,20,1
482,20,2,20,1,2
483,20,3,20,1,3
484,20,4,20,1,4
485,20,5,20,1,5
486,20,6,20,1,6
487,20,7,20,1,7
488,20,8,20,1,8
489,20,9,20,1,9
490,20,10,20,13,10
491,20,11,20,1,11
492,20,12,20,1,12
493,20,13,20,13
494,20,14,20,1,14
495,20,15,20,13,15
496,20,16,20,1,16
497,20,17,20,13,17
498,20,18,20,13,18
499,20,19,20,1,19
500,20,21,20,1,21
501,20,22,20,13,22
502,20,23,20,13,23
503,20,24,20,13,24
504,21,0,21,1,0
505,21,1,21,1
506,21,2,21,1,2
507,21,3,21,3
508,21,4,21,1,4
509,21,5,21,13,5
510,21,6,21,13,6
511,21,7,21,1,7
512,21,8,21,8
513,21,9,21,1,9
514,21,10,21,23,10
515,21,11,21,1,11
516,21,12,21,3,12
517,21,13,21,13
518,21,14,21,14
519,21,15,21,13,15
520,21,16,21,3,16
521,21,17,21,17
522,21,18,21,18
523,21,19,21,19
524,21,20,21,1,20
525,21,22,21,1,22
526,21,23,21,23
527,21,24,21,13,24
528,22,0,22,1,0
529,22,1,22,1
530,22,2,22,1,2
531,22,3,22,3
532,22,4,22,1,4
533,22,5,22,13,5
534,22,6,22,1,6
535,22,7,22,1,7
536,22,8,22,1,8
537,22,9,22,1,9
538,22,10,22,13,10
539,22,11,22,1,11
540,22,12,22,3,12
541,22,13,22,13
542,22,14,22,1,14
543,22,15,22,13,15
544,22,16,22,1,16
545,22,17,22,13,17
546,22,18,22,13,18
547,22,19,22,1,19
548,22,20,22,13,20
549,22,21,22,1,21
550,22,23,22,13,23
551,22,24,22,13,24
552,23,0,23,1,0
553,23,1,23,1
554,23,2,23,1,2
555,23,3,23,1,3
556,23,4,23,1,4
557,23,5,23,13,5
558,23,6,23,13,6
559,23,7,23,1,7
560,23,8,23,21,8
561,23,9,23,1,9
562,23,10,23,10
563,23,11,23,1,11
564,23,12,23,1,12
565,23,13,23,13
566,23,14,23,21,14
567,23,15,23,15
568,23,16,23,1,16
569,23,17,23,17
570,23,18,23,18
571,23,19,23,21,19
572,23,20,23,13,20
573,23,21,23,21
574,23,22,23,22
575,23,24,23,24
576,24,0,24,1,0
577,24,1,24,1
578,24,2,24,1,2
579,24,3,24,13,3
580,24,4,24,1,4
581,24,5,24,13,5
582,24,6,24,13,6
583,24,7,24,1,7
584,24,8,24,18,21,8
585,24,9,24,13,1,9
586,24,10,24,23,10
587,24,11,24,13,11
588,24,12,24,1,12
589,24,13,24,13
590,24,14,24,18,21,14
591,24,15,24,15
592,24,16,24,1,16
593,24,17,24,13,17
594,24,18,24,18
595,24,19,24,18,21,19
596,24,20,24,13,20
597,24,21,24,18,21
598,24,22,24,13,22
599,24,23,24,23
COMMODITIES,550
Index,Origin,Destination,Demand/Size,Earliest available time,Latest delivery time
0,10,24,0.779386,42,129
1,24,17,0.802158,134,223
2,20,22,0.258598,138,223
3,23,6,0.669626,38,131
4,21,20,0.00693827,40,133
5,17,24,0.632302,42,131
6,1,11,0.198665,138,218
7,4,12,0.172378,42,127
8,24,18,0.977025,136,215
9,20,15,0.4448,90,182
10,1,11,0.480005,186,266
11,21,17,0.410875,40,120
12,24,18,0.759004,186,265
13,19,16,0.118301,134,222
14,19,10,0.22146,38,149
15,13,3,0.0370433,42,136
16,6,3,0.249969,38,127
17,2,0,0.0526942,86,170
18,9,3,0.428349,88,180
19,22,0,0.196187,38,123
20,11,23,0.151268,90,187
21,19,24,0.455593,182,281
22,11,4,0.0658142,88,174
23,8,12,0.244455,38,124
24,10,15,0.424277,186,275
25,2,0,0.0522399,42,126
26,17,19,0.706331,136,224
27,1,18,0.618705,136,226
28,20,3,0.385514,88,178
29,17,22,0.140309,186,271
30,24,22,0.720028,186,276
31,14,10,0.169826,42,141
32,2,4,0.0642095,184,269
33,14,2,0.0847375,40,135
34,22,0,0.187999,86,171
35,8,17,0.456772,136,221
36,15,4,0.183601,182,284
37,14,0,0.90366,136,229
38,19,9,0.2056,38,135
39,1,23,0.72303,42,132
40,19,9,0.197877,186,283
41,23,19,0.946722,40,133
42,3,14,0.686466,42,125
43,14,15,0.153462,182,286
44,17,14,0.00683116,134,224
45,17,1,0.448925,40,126
46,12,6,0.148787,138,229
47,1,3,0.229232,40,120
48,19,15,0.524259,38,140
49,11,17,0.330077,182,276
50,23,2,0.0969778,138,234
51,18,22,0.940689,138,224
52,19,23,0.674378,138,229
53,3,0,0.433976,138,223
54,9,1,0.0854677,134,218
55,3,0,0.543274,88,173
56,19,15,0.510295,90,192
57,12,6,0.15585,42,133
58,15,22,0.667689,134,229
59,8,17,0.493103,38,123
60,11,8,0.432231,88,177
61,12,18,0.135605,90,190
62,9,12,0.00454545,38,132
63,15,14,0.400861,186,288
64,20,22,0.25665,90,175
65,12,17,0.00576826,90,188
66,1,11,0.71003,40,120
67,17,11,0.118776,86,180
68,20,15,0.421495,86,178
69,14,0,0.581947,86,179
70,23,24,0.823651,134,215
71,21,5,0.00454545,42,132
72,9,1,0.545882,40,124
73,15,18,0.814224,42,124
74,23,2,0.0972343,42,138
75,12,21,0.320917,38,129
76,5,4,0.195316,134,227
77,18,11,0.0477308,38,135
78,19,24,0.426019,138,237
79,20,0,0.0698295,182,269
80,15,18,0.160005,134,216
81,14,0,0.854766,138,231
82,8,18,0.172537,90,180
83,22,19,0.118914,86,179
84,3,0,0.549401,90,175
85,18,4,0.712919,182,277
86,17,16,0.0706909,136,230
87,3,1,0.0963773,38,118
88,9,16,0.997545,90,182
89,13,21,0.207666,42,122
90,8,13,0.317207,186,271
91,4,24,0.299884,42,144
92,18,14,0.140509,42,135
93,17,14,0.00729514,88,178
94,12,1,0.526285,88,170
95,20,14,0.318366,186,284
96,22,2,0.588919,90,177
97,16,21,0.640146,86,167
98,4,14,0.4548,90,181
99,18,12,0.451314,136,235
100,0,23,0.916169,40,135
101,19,15,0.496674,88,190
102,17,8,0.20119,134,219
103,15,1,0.993699,138,234
104,14,1,0.647371,136,224
105,18,2,0.402693,184,280
106,13,5,0.309495,184,266
107,10,11,0.0412352,90,193
108,16,3,0.183448,40,117
109,8,3,0.0861472,38,119
110,10,9,0.345313,138,245
111,19,9,0.215434,184,281
112,19,8,0.422713,90,175
113,13,17,0.560394,86,164
114,11,24,0.11493,184,283
115,8,2,0.0343861,40,128
116,21,12,0.0135572,182,272
117,0,11,0.91194,40,125
118,0,3,0.332114,38,123
119,14,13,0.810851,38,128
120,8,18,0.177323,182,272
121,15,24,0.809846,86,162
122,2,21,0.00495452,136,226
123,13,10,0.620781,184,268
124,8,3,0.117993,90,171
125,2,0,0.0502566,134,218
126,19,21,0.639066,182,262
127,14,8,0.397503,182,274
128,0,21,0.424114,40,128
129,12,10,0.739927,88,196
130,24,1,0.952686,182,278
131,24,20,0.131037,86,175
132,2,4,0.0543499,186,271
133,17,5,0.212927,90,178
134,24,0,0.0460025,136,237
135,4,19,0.00775039,184,275
136,1,24,0.0193374,138,234
137,8,23,0.249413,134,222
138,3,18,0.465081,184,283
139,4,21,0.0125516,186,275
140,19,20,0.319687,184,279
141,0,15,0.461975,38,139
142,19,2,0.0219447,86,178
143,8,18,0.173391,134,224
144,17,0,0.00869622,138,229
145,17,11,0.110331,90,184
146,16,21,0.692346,138,219
147,3,19,0.478421,186,269
148,21,17,0.426952,86,166
149,15,0,0.404084,90,191
150,14,12,0.174713,182,270
151,18,2,0.401816,86,182
152,8,24,0.0287511,136,232
153,22,10,0.0652759,38,129
154,15,18,0.942953,186,268
155,0,19,0.278952,40,130
156,24,10,0.122841,182,269
157,12,10,0.769176,138,246
158,24,10,0.0120283,186,273
159,24,8,0.0536183,186,281
160,20,3,0.406246,38,128
161,0,6,0.109734,136,222
162,8,12,0.241728,134,220
163,16,3,0.670492,138,215
164,13,20,0.466582,90,168
165,0,14,0.315403,186,279
166,3,12,0.0589401,184,261
167,20,15,0.468349,182,274
168,4,12,0.177433,40,125
169,12,19,0.0456657,86,174
170,1,16,0.63408,138,218
171,19,24,0.454737,42,141
172,5,23,0.804846,184,275
173,14,0,0.87452,134,227
174,14,3,0.395811,134,217
175,10,11,0.0485479,40,143
176,16,19,0.640212,86,174
177,21,19,0.365373,184,264
178,0,11,0.911229,42,127
179,11,24,0.0775533,42,141
180,22,4,0.0344304,86,172
181,14,16,0.09263,88,176
182,16,5,0.169825,42,137
183,16,23,0.0800293,40,138
184,13,18,0.953696,42,121
185,4,12,0.167218,88,173
186,23,10,0.629157,138,216
187,18,13,0.386231,134,213
188,20,16,0.0135284,182,272
189,4,24,0.289662,184,286
190,19,15,0.551707,134,236
191,2,0,0.0451784,38,122
192,1,11,0.161997,88,168
193,9,1,0.302939,138,222
194,14,17,0.0835627,90,180
195,6,16,0.378258,42,131
196,18,5,0.964955,42,131
197,18,23,0.223093,90,166
198,11,0,0.842401,134,219
199,19,9,0.219471,136,233
200,21,24,0.282443,86,177
201,10,23,0.155718,184,262
202,21,15,0.0791324,86,180
203,3,14,0.882081,134,217
204,12,21,0.358254,42,133
205,8,3,0.763616,86,167
206,21,19,0.423425,86,166
207,13,10,0.029689,186,270
208,16,1,0.498651,38,118
209,6,3,0.264777,182,271
210,18,12,0.402339,184,283
211,14,23,0.377688,86,179
212,6,18,0.0352908,90,189
213,4,11,0.246833,90,176
214,21,22,0.0218897,40,131
215,21,22,0.0222127,38,129
216,18,5,0.0474162,134,223
217,13,11,0.933589,186,275
218,1,20,0.326443,40,122
219,23,2,0.0873951,90,186
220,15,10,0.839586,42,121
221,17,16,0.0708424,184,278
222,14,0,0.849793,90,183
223,11,22,0.868921,182,270
224,16,8,0.0588061,88,174
225,6,3,0.251885,90,179
226,23,2,0.0888662,134,230
227,20,15,0.436453,88,180
228,6,16,0.374011,184,273
229,19,11,0.666819,134,227
230,22,15,0.120138,86,179
231,23,13,0.708953,90,171
232,4,12,0.162105,38,123
233,23,13,0.354212,136,217
234,16,3,0.692961,42,119
235,12,18,0.129773,38,138
236,5,13,0.417144,138,220
237,8,23,0.260901,184,272
238,5,16,0.406909,40,135
239,0,19,0.238865,186,276
240,10,17,0.191731,138,221
241,16,1,0.499021,186,266
242,11,22,0.913366,38,126
243,10,3,0.0517087,42,145
244,2,14,0.664324,134,229
245,16,9,0.253699,40,132
246,24,13,0.827044,40,123
247,10,23,0.667884,88,166
248,14,1,0.933963,40,128
249,11,19,0.311166,134,227
250,13,1,0.117956,88,173
251,19,20,0.313382,86,181
252,2,13,0.116715,186,279
253,3,9,0.530882,136,228
254,11,13,0.351809,136,224
255,21,19,0.407141,182,262
256,9,3,0.58436,136,228
257,23,13,0.352342,38,119
258,23,6,0.613399,182,275
259,24,22,0.777221,138,228
260,17,10,0.533962,138,228
261,3,24,0.877776,134,237
262,2,20,0.883396,134,223
263,4,14,0.435036,40,131
264,0,11,0.0556744,86,171
265,15,12,0.823729,182,288
266,22,1,0.365313,90,170
267,14,8,0.385711,134,226
268,0,6,0.116389,138,224
269,16,14,0.0521237,182,270
270,23,11,0.460404,134,231
271,0,9,0.1392,90,179
272,14,21,0.838633,38,120
273,13,2,0.301118,42,134
274,24,14,0.154097,90,190
275,18,23,0.535163,86,162
276,21,0,0.0849425,138,226
277,15,12,0.845185,88,194
278,1,23,0.0923731,134,224
279,15,2,0.0115161,86,189
280,10,13,0.774918,40,127
281,4,11,0.228691,38,124
282,17,9,0.322168,134,232
283,3,21,0.513912,134,220
284,12,9,0.228106,136,230
285,11,4,0.0250208,134,220
286,20,16,0.013985,42,132
287,12,11,0.203923,134,224
288,3,21,0.000749609,136,222
289,15,19,0.901593,184,284
290,1,16,0.00246488,40,120
291,23,1,0.952837,186,275
292,12,11,0.192234,90,180
293,19,23,0.612296,90,181
294,14,18,0.455248,134,229
295,17,16,0.0706219,42,136
296,18,2,0.460552,138,234
297,12,1,0.634514,136,218
298,12,16,0.625135,138,220
299,11,24,0.17891,134,233
300,13,22,0.125165,186,265
301,17,1,0.0730691,182,268
302,14,2,0.089496,136,231
303,23,10,0.893131,90,168
304,8,24,0.0262698,40,136
305,11,10,0.316149,138,238
306,0,24,0.587292,40,141
307,14,22,0.734134,40,136
308,16,23,0.0740839,134,232
309,1,17,0.19884,184,272
310,17,24,0.688008,134,223
311,16,3,0.519557,184,261
312,24,5,0.0373006,90,183
313,8,15,0.045901,38,137
314,18,23,0.927252,138,214
315,22,5,0.402655,138,227
316,15,2,0.0130387,182,285
317,4,0,0.138166,134,217
318,24,15,0.214294,184,260
319,20,22,0.269931,186,271
320,12,20,0.652564,136,228
321,0,2,0.0956931,186,270
322,16,5,0.174619,40,135
323,14,24,0.0361749,88,189
324,12,2,0.0817049,90,179
325,14,18,0.690258,186,281
326,10,11,0.0449028,182,285
327,16,4,0.873713,182,267
328,16,15,0.547636,182,285
329,23,10,0.781113,38,116
330,19,5,0.444571,186,286
331,14,16,0.144985,184,272
332,23,3,0.637749,42,139
333,18,11,0.132407,186,283
334,5,13,0.32361,134,216
335,15,5,0.435618,186,284
336,1,0,0.494241,86,163
337,4,13,0.323923,186,278
338,23,11,0.419873,136,233
339,3,12,0.946939,86,163
340,3,18,0.462208,42,141
341,4,6,0.0695227,134,221
342,2,19,0.319677,86,178
343,23,6,0.597134,86,179
344,23,15,0.19162,90,173
345,22,20,0.52776,186,271
346,14,10,0.174319,134,233
347,23,20,0.0510888,88,175
348,16,5,0.173549,88,183
349,1,5,0.692613,182,269
350,23,16,0.226192,136,233
351,22,12,0.497091,86,175
352,9,16,0.97572,38,130
353,16,0,0.783437,86,171
354,3,17,0.130591,184,282
355,6,16,0.420407,186,275
356,18,16,0.534438,42,139
357,0,21,0.425952,38,126
358,21,18,0.193013,134,219
359,24,3,0.0155699,38,143
360,1,19,0.246751,88,173
361,0,1,0.511717,138,215
362,17,24,0.700301,90,179
363,13,23,0.857706,184,265
364,11,13,0.642069,88,176
365,21,19,0.404765,186,266
366,9,12,0.00454545,40,134
367,20,16,0.0141621,86,176
368,18,16,0.44826,186,283
369,21,19,0.366161,38,118
370,19,24,0.458276,186,285
371,17,11,0.114163,42,136
372,17,23,0.43102,186,273
373,3,18,0.526052,182,281
374,2,15,0.472176,40,143
375,15,14,0.325058,138,240
376,19,5,0.475103,88,188
377,20,4,0.00785693,86,174
378,1,21,0.603907,42,125
379,17,11,0.109503,134,228
380,13,8,0.767291,134,219
381,6,16,0.410817,182,271
382,22,15,0.126616,182,275
383,4,13,0.337826,138,230
384,21,8,0.512628,134,211
385,14,21,0.787373,90,172
386,12,22,0.22508,42,132
387,4,19,0.0091234,134,225
388,18,2,0.446389,42,138
389,0,2,0.09955,182,266
390,24,8,0.0551703,136,231
391,23,15,0.476207,182,265
392,23,9,0.555582,136,237
393,23,12,0.361231,184,283
394,24,1,0.132934,186,282
395,22,10,0.0653237,136,227
396,23,17,0.930988,90,167
397,3,22,0.86178,90,175
398,18,20,0.147974,86,171
399,0,6,0.118509,184,270
400,14,1,0.950268,184,272
401,3,20,0.0144207,134,224
402,16,4,0.873226,136,221
403,0,16,0.69538,40,125
404,17,16,0.0745703,134,228
405,14,18,0.484017,182,277
406,8,24,0.029382,184,280
407,0,11,0.0319606,184,269
408,24,2,0.360129,38,141
409,12,1,0.507191,86,168
410,18,0,0.21746,90,184
411,0,8,0.38713,184,270
412,22,19,0.128648,184,277
413,21,5,0.00454545,186,276
414,3,21,0.570454,186,272
415,1,13,0.698983,136,222
416,17,18,0.375138,186,263
417,11,13,0.0509302,42,130
418,14,15,0.888186,40,144
419,24,3,0.0148541,136,241
420,15,1,0.912727,38,134
421,1,10,0.73988,138,236
422,1,22,0.556868,182,262
423,21,18,0.233342,184,269
424,22,5,0.416364,182,271
425,8,23,0.269964,88,176
426,14,18,0.522664,38,133
427,23,21,0.657823,38,123
428,20,1,0.662379,134,216
429,5,24,0.0628409,88,181
430,1,24,0.591377,38,134
431,15,16,0.410086,182,286
432,22,8,0.312936,86,175
433,21,9,0.227392,138,233
434,2,15,0.373958,136,239
435,3,24,0.980735,86,189
436,12,1,0.189768,134,216
437,14,6,0.156046,40,137
438,18,13,0.0205342,38,117
439,15,1,0.475267,90,186
440,16,19,0.659959,42,130
441,14,15,0.845905,38,142
442,23,16,0.187659,134,231
443,12,9,0.240677,42,136
444,12,22,0.202931,88,178
445,5,23,0.767062,134,225
446,15,24,0.0818382,134,210
447,18,16,0.520232,86,183
448,18,21,0.929313,90,173
449,19,20,0.311664,186,281
450,14,3,0.71502,136,219
451,15,12,0.861742,90,196
452,8,5,0.0375111,182,278
453,14,18,0.927206,184,279
454,11,12,0.447136,88,178
455,19,2,0.0215627,136,228
456,0,1,0.789259,38,115
457,22,20,0.5534,86,171
458,20,15,0.470613,186,278
459,13,14,0.161761,134,224
460,16,9,0.246264,90,182
461,8,15,0.0399549,90,189
462,19,5,0.440938,90,190
463,3,5,0.805483,184,279
464,16,20,0.205439,186,276
465,16,9,0.257203,136,228
466,13,10,0.0324956,88,172
467,17,15,0.316761,90,182
468,14,21,0.899167,134,216
469,16,12,0.184706,88,170
470,23,9,0.469882,90,191
471,2,21,0.0052507,186,276
472,20,3,0.399612,186,276
473,21,0,0.0972524,136,224
474,4,11,0.233737,186,272
475,3,4,0.267122,86,166
476,2,4,0.900148,38,123
477,23,4,0.397813,182,277
478,11,8,0.420417,42,131
479,12,14,0.0388118,38,126
480,18,23,0.00495667,136,212
481,23,1,0.575091,134,223
482,13,16,0.0895051,182,275
483,12,9,0.235165,88,182
484,0,23,0.066853,86,181
485,9,1,0.0766854,38,122
486,13,22,0.0261163,182,261
487,12,9,0.228142,182,276
488,11,0,0.923713,182,267
489,14,24,0.0385029,90,191
490,16,19,0.564667,38,126
491,10,17,0.188897,184,267
492,15,18,0.128923,138,220
493,24,14,0.170429,186,286
494,16,3,0.189458,86,163
495,13,14,0.0790117,186,276
496,3,9,0.796528,40,132
497,24,0,0.0512961,86,187
498,1,19,0.459698,38,123
499,16,11,0.755044,88,176
500,17,14,0.00820244,136,226
501,15,4,0.221563,136,238
502,16,5,0.15138,136,231
503,18,20,0.935385,38,123
504,22,0,0.172831,134,219
505,15,23,0.255695,42,125
506,12,14,0.0386388,90,178
507,15,0,0.393723,88,189
508,23,5,0.93412,138,229
509,6,4,0.0189678,138,225
510,15,20,0.0902974,184,278
511,13,18,0.417485,134,213
512,13,3,0.443063,90,184
513,6,22,0.028799,184,273
514,22,4,0.034304,40,126
515,8,24,0.0293304,90,186
516,1,8,0.43414,136,217
517,12,1,0.280939,38,120
518,2,14,0.750208,42,137
519,15,12,0.890899,42,148
520,22,24,0.457192,186,276
521,2,13,0.121093,38,131
522,21,11,0.0554542,138,229
523,17,11,0.110033,184,278
524,5,24,0.0629021,86,179
525,0,19,0.279234,86,176
526,0,13,0.363691,184,275
527,19,16,0.103262,40,128
528,18,5,0.090897,184,273
529,12,1,0.212397,184,266
530,19,5,0.45158,42,142
531,24,10,0.0797552,136,223
532,8,12,0.240783,86,172
533,4,17,0.00610683,184,278
534,9,1,0.545558,186,270
535,21,8,0.485697,138,215
536,1,14,0.994745,138,226
537,19,13,0.492235,186,274
538,3,13,0.417856,40,132
539,0,6,0.122872,38,124
540,18,19,0.116929,138,229
541,20,13,0.925975,38,116
542,22,16,0.11339,40,128
543,15,4,0.211473,40,142
544,21,11,0.0545525,184,275
545,21,5,0.00454545,138,228
546,8,17,0.375788,182,267
547,20,17,0.415021,40,124
548,21,8,0.534107,86,163
549,0,13,0.347208,40,131
