NODES,25
INDEX,Name,X-coordinate,Y-coordinate
0,0,-,-
1,1,-,-
2,2,-,-
3,3,-,-
4,4,-,-
5,5,-,-
6,6,-,-
7,7,-,-
8,8,-,-
9,9,-,-
10,10,-,-
11,11,-,-
12,12,-,-
13,13,-,-
14,14,-,-
15,15,-,-
16,16,-,-
17,17,-,-
18,18,-,-
19,19,-,-
20,20,-,-
21,21,-,-
22,22,-,-
23,23,-,-
24,24,-,-
ARCS,529
Index,Origin,Destination,Variable Cost,Fixed Cost,Capacity,Travel time
0,0,1,0,117.8,1,5
1,1,0,0,117.8,1,5
2,1,2,0,234.05,1,7
3,1,3,0,260.4,1,8
4,1,4,0,175.15,1,6
5,1,5,0,486.7,1,15
6,1,6,0,323.95,1,9
7,1,8,0,323.95,1,9
8,1,9,0,447.95,1,12
9,1,10,0,883.5,1,26
10,1,11,0,255.75,1,8
11,1,12,0,387.5,1,10
12,1,13,0,489.8,1,14
13,1,14,0,525.45,1,16
14,1,15,0,1002.85,1,24
15,1,16,0,252.65,1,8
16,1,17,0,545.6,1,16
17,1,18,0,680.45,1,18
18,1,19,0,503.75,1,13
19,1,20,0,358.05,1,10
20,1,21,0,409.2,1,11
21,1,22,0,266.6,1,8
22,1,23,0,699.05,1,18
23,1,24,0,903.65,1,24
24,2,1,0,234.05,1,7
25,3,1,0,260.4,1,8
26,3,4,0,230.95,1,8
27,3,8,0,311.55,1,9
28,3,12,0,144.15,1,5
29,3,13,0,661.85,1,20
30,3,14,0,418.5,1,11
31,3,16,0,151.9,1,5
32,3,19,0,396.8,1,11
33,3,21,0,469.65,1,14
34,3,22,0,429.35,1,13
35,4,1,0,175.15,1,6
36,4,3,0,230.95,1,8
37,5,1,0,486.7,1,15
38,5,13,0,367.35,1,10
39,6,1,0,323.95,1,9
40,6,13,0,430.9,1,11
41,7,1,0,103.85,1,4
42,8,1,0,323.95,1,9
43,8,3,0,311.55,1,9
44,8,13,0,415.4,1,11
45,8,16,0,161.2,1,6
46,8,21,0,158.1,1,5
47,9,1,0,447.95,1,12
48,10,1,0,891.25,1,23
49,10,23,0,192.2,1,6
50,11,1,0,255.75,1,8
51,11,13,0,592.1,1,16
52,12,1,0,387.5,1,10
53,12,3,0,144.15,1,5
54,13,1,0,489.8,1,13
55,13,3,0,669.6,1,22
56,13,5,0,367.35,1,10
57,13,6,0,430.9,1,12
58,13,10,0,483.6,1,12
59,13,11,0,596.75,1,17
60,13,15,0,553.35,1,14
61,13,17,0,176.7,1,6
62,13,18,0,248,1,7
63,13,19,0,573.5,1,16
64,13,20,0,198.4,1,6
65,13,21,0,275.9,1,8
66,13,22,0,232.5,1,7
67,13,23,0,323.95,1,9
68,13,24,0,449.5,1,11
69,14,1,0,525.45,1,16
70,14,3,0,418.5,1,11
71,14,19,0,111.6,1,4
72,14,21,0,384.4,1,10
73,15,1,0,1002.85,1,24
74,15,13,0,553.35,1,16
75,15,18,0,350.3,1,10
76,15,21,0,747.1,1,20
77,15,23,0,412.3,1,11
78,16,1,0,252.65,1,8
79,16,3,0,151.9,1,5
80,16,8,0,161.2,1,6
81,16,13,0,581.25,1,17
82,16,21,0,305.35,1,9
83,17,1,0,544.05,1,14
84,17,13,0,176.7,1,6
85,17,18,0,127.1,1,5
86,17,21,0,292.95,1,8
87,18,1,0,666.5,1,17
88,18,10,0,308.45,1,10
89,18,13,0,248,1,7
90,18,15,0,350.3,1,10
91,18,17,0,127.1,1,5
92,18,19,0,719.2,1,19
93,18,21,0,421.6,1,11
94,18,22,0,421.6,1,13
95,18,23,0,116.25,1,4
96,18,24,0,237.15,1,7
97,19,1,0,503.75,1,13
98,19,3,0,396.8,1,11
99,19,8,0,240.25,1,7
100,19,14,0,111.6,1,4
101,19,21,0,297.6,1,8
102,20,1,0,358.05,1,10
103,20,13,0,198.4,1,6
104,20,23,0,522.35,1,15
105,21,1,0,409.2,1,11
106,21,3,0,458.8,1,13
107,21,8,0,158.1,1,5
108,21,13,0,275.9,1,8
109,21,14,0,384.4,1,10
110,21,15,0,829.25,1,22
111,21,17,0,292.95,1,8
112,21,18,0,420.05,1,13
113,21,19,0,297.6,1,8
114,21,23,0,440.2,1,11
115,22,1,0,266.6,1,8
116,22,3,0,429.35,1,12
117,22,13,0,232.5,1,7
118,23,1,0,699.05,1,17
119,23,10,0,192.2,1,6
120,23,13,0,323.95,1,9
121,23,15,0,412.3,1,11
122,23,17,0,153.45,1,5
123,23,18,0,116.25,1,4
124,23,21,0,446.4,1,13
125,23,24,0,305.35,1,9
126,24,1,0,903.65,1,24
127,24,13,0,449.5,1,11
128,24,18,0,237.15,1,7
129,24,23,0,305.35,1,9
130,0,2,0,161.2,1,6
131,0,3,0,353.4,1,10
132,0,4,0,285.2,1,9
133,0,5,0,474.3,1,13
134,0,6,0,246.45,1,8
135,0,8,0,427.8,1,12
136,0,9,0,379.75,1,11
137,0,10,0,931.55,1,25
138,0,11,0,158.1,1,5
139,0,12,0,401.45,1,11
140,0,14,0,632.4,1,17
141,0,15,0,1063.3,1,28
142,0,16,0,367.35,1,11
143,0,17,0,596.75,1,16
144,0,18,0,717.65,1,19
145,0,19,0,615.35,1,17
146,0,20,0,361.15,1,10
147,0,21,0,444.85,1,13
148,0,22,0,297.6,1,9
149,0,23,0,739.35,1,20
150,0,24,0,957.9,1,25
151,1,7,0,103.85,1,4
152,2,0,0,161.2,1,6
153,2,3,0,480.5,1,13
154,2,4,0,409.2,1,12
155,2,5,0,257.3,1,8
156,2,6,0,110.05,1,4
157,2,8,0,412.3,1,12
158,2,9,0,229.4,1,7
159,2,10,0,872.65,1,23
160,2,11,0,182.9,1,6
161,2,12,0,582.8,1,16
162,2,13,0,390.6,1,11
163,2,14,0,790.5,1,21
164,2,15,0,940.85,1,25
165,2,16,0,475.85,1,13
166,2,17,0,568.85,1,16
167,2,18,0,638.6,1,17
168,2,19,0,643.25,1,17
169,2,20,0,207.7,1,7
170,2,21,0,424.7,1,12
171,2,22,0,308.45,1,9
172,2,23,0,716.1,1,19
173,2,24,0,847.85,1,23
174,3,0,0,353.4,1,10
175,3,2,0,480.5,1,13
176,3,6,0,554.9,1,15
177,3,9,0,685.1,1,18
178,3,10,0,995.1,1,26
179,3,11,0,477.4,1,13
180,3,15,0,1224.5,1,32
181,3,17,0,764.15,1,20
182,3,18,0,833.9,1,22
183,3,20,0,620,1,17
184,3,23,0,888.15,1,23
185,3,24,0,1108.25,1,29
186,4,0,0,285.2,1,9
187,4,2,0,409.2,1,12
188,4,6,0,494.45,1,14
189,4,7,0,75.95,1,3
190,4,8,0,142.6,1,5
191,4,9,0,624.65,1,17
192,4,10,0,838.55,1,22
193,4,11,0,406.1,1,12
194,4,12,0,331.7,1,9
195,4,13,0,427.8,1,12
196,4,14,0,410.75,1,12
197,4,15,0,970.3,1,26
198,4,16,0,147.25,1,5
199,4,17,0,503.75,1,14
200,4,18,0,624.65,1,17
201,4,19,0,390.6,1,11
202,4,20,0,413.85,1,12
203,4,21,0,263.5,1,8
204,4,22,0,204.6,1,7
205,4,23,0,646.35,1,18
206,4,24,0,861.8,1,23
207,5,0,0,474.3,1,13
208,5,2,0,257.3,1,8
209,5,6,0,161.2,1,5
210,5,9,0,198.4,1,6
211,5,11,0,320.85,1,9
212,5,18,0,660.3,1,16
213,5,20,0,178.25,1,6
214,5,23,0,720.75,1,19
215,6,0,0,246.45,1,8
216,6,2,0,110.05,1,4
217,6,3,0,554.9,1,15
218,6,4,0,494.45,1,14
219,6,5,0,161.2,1,5
220,6,8,0,637.05,1,17
221,6,9,0,141.05,1,5
222,6,10,0,939.3,1,25
223,6,11,0,165.85,1,5
224,6,12,0,623.1,1,17
225,6,14,0,840.1,1,22
226,6,15,0,982.7,1,26
227,6,16,0,576.6,1,16
228,6,17,0,615.35,1,17
229,6,18,0,685.1,1,18
230,6,19,0,824.6,1,22
231,6,20,0,243.35,1,7
232,6,21,0,593.65,1,16
233,6,22,0,446.4,1,13
234,6,23,0,761.05,1,20
235,6,24,0,877.3,1,23
236,7,3,0,246.45,1,8
237,7,4,0,75.95,1,3
238,8,0,0,427.8,1,12
239,8,2,0,412.3,1,12
240,8,4,0,142.6,1,5
241,8,6,0,637.05,1,17
242,8,9,0,767.25,1,21
243,8,10,0,714.55,1,19
244,8,11,0,545.6,1,15
245,8,12,0,460.35,1,13
246,8,14,0,328.6,1,10
247,8,15,0,883.5,1,23
248,8,17,0,427.8,1,12
249,8,18,0,542.5,1,15
250,8,19,0,240.25,1,7
251,8,20,0,444.85,1,13
252,8,22,0,203.05,1,7
253,8,23,0,536.3,1,15
254,8,24,0,801.35,1,21
255,9,0,0,379.75,1,11
256,9,2,0,229.4,1,7
257,9,3,0,685.1,1,18
258,9,4,0,624.65,1,17
259,9,5,0,198.4,1,6
260,9,6,0,141.05,1,5
261,9,8,0,767.25,1,21
262,9,10,0,1069.5,1,28
263,9,11,0,297.6,1,8
264,9,12,0,753.3,1,20
265,9,13,0,469.65,1,12
266,9,14,0,652.55,1,18
267,9,15,0,1112.9,1,29
268,9,16,0,706.8,1,19
269,9,17,0,646.35,1,18
270,9,18,0,711.45,1,18
271,9,19,0,954.8,1,25
272,9,20,0,279,1,8
273,9,21,0,723.85,1,19
274,9,22,0,576.6,1,16
275,9,23,0,891.25,1,24
276,9,24,0,1019.9,1,27
277,10,0,0,931.55,1,25
278,10,2,0,872.65,1,23
279,10,3,0,995.1,1,26
280,10,4,0,838.55,1,22
281,10,6,0,939.3,1,25
282,10,8,0,714.55,1,19
283,10,9,0,1069.5,1,28
284,10,11,0,1133.05,1,30
285,10,12,0,1086.55,1,28
286,10,13,0,483.6,1,12
287,10,14,0,970.3,1,26
288,10,15,0,224.75,1,7
289,10,16,0,872.65,1,23
290,10,17,0,334.8,1,9
291,10,18,0,306.9,1,9
292,10,19,0,909.85,1,24
293,10,20,0,714.55,1,19
294,10,21,0,623.1,1,16
295,10,22,0,623.1,1,17
296,10,24,0,286.75,1,8
297,11,0,0,158.1,1,5
298,11,2,0,182.9,1,6
299,11,3,0,477.4,1,13
300,11,4,0,406.1,1,12
301,11,5,0,320.85,1,9
302,11,6,0,165.85,1,5
303,11,8,0,545.6,1,15
304,11,9,0,297.6,1,9
305,11,10,0,1133.05,1,30
306,11,12,0,523.9,1,14
307,11,14,0,770.35,1,21
308,11,15,0,1112.9,1,29
309,11,16,0,488.25,1,14
310,11,17,0,798.25,1,21
311,11,18,0,832.35,1,21
312,11,19,0,748.65,1,20
313,11,20,0,406.1,1,11
314,11,21,0,649.45,1,18
315,11,22,0,499.1,1,14
316,11,23,0,852.5,1,23
317,11,24,0,1021.45,1,27
318,12,0,0,401.45,1,11
319,12,2,0,582.8,1,16
320,12,4,0,331.7,1,10
321,12,6,0,623.1,1,17
322,12,8,0,460.35,1,13
323,12,9,0,753.3,1,20
324,12,10,0,1086.55,1,28
325,12,11,0,523.9,1,14
326,12,13,0,776.55,1,20
327,12,14,0,550.25,1,15
328,12,15,0,1233.8,1,32
329,12,16,0,296.05,1,9
330,12,17,0,776.55,1,21
331,12,18,0,1038.5,1,27
332,12,19,0,523.9,1,14
333,12,20,0,637.05,1,17
334,12,21,0,554.9,1,15
335,12,22,0,556.45,1,15
336,12,23,0,919.15,1,24
337,12,24,0,1137.7,1,30
338,13,2,0,390.6,1,11
339,13,4,0,427.8,1,12
340,13,8,0,415.4,1,11
341,13,9,0,469.65,1,12
342,13,14,0,655.65,1,17
343,13,16,0,530.1,1,14
344,14,0,0,632.4,1,17
345,14,2,0,790.5,1,21
346,14,4,0,410.75,1,12
347,14,6,0,840.1,1,22
348,14,8,0,328.6,1,10
349,14,9,0,652.55,1,18
350,14,10,0,970.3,1,26
351,14,11,0,770.35,1,21
352,14,12,0,550.25,1,15
353,14,13,0,655.65,1,17
354,14,15,0,1106.7,1,28
355,14,16,0,272.8,1,8
356,14,17,0,671.15,1,18
357,14,18,0,798.25,1,20
358,14,20,0,852.5,1,23
359,14,22,0,527,1,15
360,14,23,0,818.4,1,20
361,14,24,0,995.1,1,26
362,15,0,0,1063.3,1,28
363,15,2,0,940.85,1,25
364,15,3,0,1224.5,1,32
365,15,4,0,970.3,1,26
366,15,6,0,982.7,1,26
367,15,8,0,883.5,1,23
368,15,9,0,1112.9,1,29
369,15,10,0,224.75,1,7
370,15,11,0,1112.9,1,29
371,15,12,0,1233.8,1,32
372,15,14,0,1106.7,1,28
373,15,16,0,1027.65,1,27
374,15,17,0,454.15,1,12
375,15,19,0,1023,1,27
376,15,20,0,757.95,1,19
377,15,22,0,733.15,1,19
378,15,24,0,110.05,1,4
379,16,0,0,367.35,1,11
380,16,2,0,475.85,1,13
381,16,4,0,147.25,1,5
382,16,6,0,576.6,1,16
383,16,7,0,155,1,5
384,16,9,0,706.8,1,19
385,16,10,0,872.65,1,23
386,16,11,0,488.25,1,14
387,16,12,0,296.05,1,8
388,16,14,0,272.8,1,8
389,16,15,0,1027.65,1,27
390,16,17,0,570.4,1,16
391,16,18,0,686.65,1,19
392,16,19,0,251.1,1,7
393,16,20,0,525.45,1,15
394,16,22,0,302.25,1,9
395,16,23,0,692.85,1,19
396,16,24,0,951.7,1,25
397,17,0,0,596.75,1,16
398,17,2,0,568.85,1,16
399,17,3,0,764.15,1,20
400,17,4,0,503.75,1,14
401,17,5,0,530.1,1,14
402,17,6,0,615.35,1,17
403,17,8,0,427.8,1,12
404,17,9,0,649.45,1,18
405,17,10,0,334.8,1,10
406,17,11,0,798.25,1,21
407,17,12,0,776.55,1,21
408,17,14,0,671.15,1,17
409,17,15,0,454.15,1,12
410,17,16,0,570.4,1,16
411,17,19,0,581.25,1,16
412,17,20,0,373.55,1,10
413,17,22,0,294.5,1,8
414,17,23,0,153.45,1,5
415,17,24,0,362.7,1,10
416,18,0,0,719.2,1,19
417,18,2,0,638.6,1,17
418,18,3,0,833.9,1,22
419,18,4,0,624.65,1,17
420,18,5,0,660.3,1,16
421,18,6,0,685.1,1,18
422,18,8,0,542.5,1,15
423,18,9,0,711.45,1,18
424,18,11,0,832.35,1,21
425,18,12,0,1038.5,1,27
426,18,14,0,798.25,1,21
427,18,16,0,686.65,1,19
428,18,20,0,438.65,1,12
429,19,0,0,615.35,1,17
430,19,2,0,643.25,1,17
431,19,4,0,390.6,1,11
432,19,6,0,824.6,1,22
433,19,9,0,954.8,1,25
434,19,10,0,909.85,1,24
435,19,11,0,748.65,1,20
436,19,12,0,523.9,1,14
437,19,13,0,565.75,1,14
438,19,15,0,1023,1,27
439,19,16,0,251.1,1,7
440,19,17,0,581.25,1,16
441,19,18,0,709.9,1,18
442,19,20,0,764.15,1,20
443,19,22,0,437.1,1,12
444,19,23,0,728.5,1,18
445,19,24,0,942.4,1,25
446,20,0,0,361.15,1,10
447,20,2,0,207.7,1,7
448,20,3,0,620,1,17
449,20,4,0,413.85,1,12
450,20,5,0,178.25,1,6
451,20,6,0,243.35,1,7
452,20,8,0,444.85,1,13
453,20,9,0,279,1,8
454,20,10,0,714.55,1,19
455,20,11,0,406.1,1,11
456,20,12,0,637.05,1,17
457,20,14,0,878.85,1,23
458,20,15,0,757.95,1,19
459,20,16,0,525.45,1,15
460,20,17,0,373.55,1,11
461,20,18,0,438.65,1,12
462,20,19,0,764.15,1,20
463,20,21,0,466.55,1,13
464,20,22,0,272.8,1,8
465,20,24,0,641.7,1,17
466,21,0,0,444.85,1,13
467,21,2,0,424.7,1,12
468,21,4,0,263.5,1,8
469,21,6,0,593.65,1,16
470,21,9,0,723.85,1,19
471,21,10,0,623.1,1,16
472,21,11,0,646.35,1,18
473,21,12,0,554.9,1,15
474,21,16,0,305.35,1,9
475,21,20,0,466.55,1,13
476,21,22,0,142.6,1,5
477,21,24,0,651,1,18
478,22,0,0,297.6,1,9
479,22,2,0,308.45,1,10
480,22,4,0,204.6,1,7
481,22,6,0,446.4,1,13
482,22,8,0,203.05,1,6
483,22,9,0,576.6,1,16
484,22,10,0,623.1,1,17
485,22,11,0,499.1,1,14
486,22,12,0,556.45,1,15
487,22,14,0,527,1,15
488,22,15,0,733.15,1,19
489,22,16,0,302.25,1,9
490,22,17,0,294.5,1,8
491,22,18,0,404.55,1,10
492,22,19,0,437.1,1,12
493,22,20,0,272.8,1,9
494,22,21,0,142.6,1,5
495,22,23,0,432.45,1,11
496,22,24,0,643.25,1,17
497,23,0,0,739.35,1,20
498,23,2,0,716.1,1,19
499,23,3,0,888.15,1,23
500,23,4,0,646.35,1,18
501,23,6,0,761.05,1,20
502,23,8,0,536.3,1,15
503,23,9,0,891.25,1,24
504,23,11,0,852.5,1,23
505,23,12,0,919.15,1,24
506,23,14,0,818.4,1,20
507,23,16,0,692.85,1,19
508,23,19,0,728.5,1,18
509,23,20,0,522.35,1,14
510,23,22,0,432.45,1,11
511,24,0,0,957.9,1,25
512,24,2,0,847.85,1,23
513,24,3,0,1108.25,1,29
514,24,4,0,861.8,1,23
515,24,6,0,877.3,1,23
516,24,8,0,801.35,1,21
517,24,9,0,1019.9,1,27
518,24,10,0,286.75,1,8
519,24,11,0,1021.45,1,27
520,24,12,0,1137.7,1,30
521,24,14,0,995.1,1,26
522,24,15,0,110.05,1,4
523,24,16,0,951.7,1,25
524,24,17,0,362.7,1,10
525,24,19,0,942.4,1,25
526,24,20,0,641.7,1,17
527,24,21,0,651,1,16
528,24,22,0,643.25,1,17
PATHS,600
Index,Shipment origin,Shipment destination,1st terminal on path,2nd terminal on path,.....,6th terminal on path
0,0,1,0,1
1,0,2,0,1,2
2,0,3,0,1,3
3,0,4,0,1,4
4,0,5,0,1,5
5,0,6,0,1,6
6,0,7,0,1,7
7,0,8,0,1,8
8,0,9,0,1,9
9,0,10,0,1,10
10,0,11,0,1,11
11,0,12,0,1,12
12,0,13,0,1,13
13,0,14,0,1,14
14,0,15,0,1,15
15,0,16,0,1,16
16,0,17,0,1,17
17,0,18,0,1,18
18,0,19,0,1,19
19,0,20,0,1,20
20,0,21,0,1,21
21,0,22,0,1,22
22,0,23,0,1,23
23,0,24,0,1,24
24,1,0,1,0
25,1,2,1,2
26,1,3,1,3
27,1,4,1,4
28,1,5,1,5
29,1,6,1,6
30,1,7,1,7
31,1,8,1,8
32,1,9,1,9
33,1,10,1,10
34,1,11,1,11
35,1,12,1,12
36,1,13,1,13
37,1,14,1,14
38,1,15,1,15
39,1,16,1,16
40,1,17,1,17
41,1,18,1,18
42,1,19,1,19
43,1,20,1,20
44,1,21,1,21
45,1,22,1,22
46,1,23,1,23
47,1,24,1,24
48,2,0,2,1,0
49,2,1,2,1
50,2,3,2,1,3
51,2,4,2,1,4
52,2,5,2,1,5
53,2,6,2,1,6
54,2,8,2,1,8
55,2,7,2,1,7
56,2,9,2,1,9
57,2,10,2,1,10
58,2,11,2,1,11
59,2,12,2,1,12
60,2,13,2,1,13
61,2,14,2,1,14
62,2,15,2,1,15
63,2,16,2,1,16
64,2,17,2,1,17
65,2,18,2,1,18
66,2,19,2,1,19
67,2,20,2,1,20
68,2,21,2,1,21
69,2,22,2,1,22
70,2,23,2,1,23
71,2,24,2,1,24
72,3,0,3,1,0
73,3,1,3,1
74,3,2,3,1,2
75,3,4,3,4
76,3,5,3,1,5
77,3,6,3,1,6
78,3,7,3,1,7
79,3,8,3,8
80,3,9,3,1,9
81,3,10,3,13,10
82,3,11,3,1,11
83,3,12,3,12
84,3,13,3,13
85,3,14,3,14
86,3,15,3,13,15
87,3,16,3,16
88,3,17,3,13,17
89,3,18,3,13,18
90,3,19,3,19
91,3,20,3,1,20
92,3,21,3,21
93,3,22,3,22
94,3,23,3,21,23
95,3,24,3,13,24
96,4,0,4,1,0
97,4,1,4,1
98,4,2,4,1,2
99,4,3,4,3
100,4,5,4,1,5
101,4,6,4,1,6
102,4,7,4,1,7
103,4,8,4,1,8
104,4,9,4,1,9
105,4,10,4,1,10
106,4,11,4,1,11
107,4,12,4,3,12
108,4,13,4,1,13
109,4,14,4,3,14
110,4,15,4,1,15
111,4,16,4,3,16
112,4,17,4,1,17
113,4,18,4,1,18
114,4,19,4,3,19
115,4,20,4,1,20
116,4,21,4,1,21
117,4,22,4,1,22
118,4,23,4,1,23
119,4,24,4,1,24
120,5,0,5,1,0
121,5,1,5,1
122,5,2,5,1,2
123,5,3,5,1,3
124,5,4,5,1,4
125,5,6,5,1,6
126,5,7,5,1,7
127,5,8,5,1,8
128,5,9,5,1,9
129,5,10,5,13,10
130,5,11,5,1,11
131,5,12,5,1,12
132,5,13,5,13
133,5,14,5,1,14
134,5,15,5,13,15
135,5,16,5,1,16
136,5,17,5,13,17
137,5,18,5,13,18
138,5,19,5,13,21,19
139,5,20,5,13,20
140,5,21,5,13,21
141,5,22,5,1,22
142,5,23,5,13,23
143,5,24,5,13,24
144,6,0,6,1,0
145,6,1,6,1
146,6,2,6,1,2
147,6,3,6,1,3
148,6,4,6,1,4
149,6,5,6,1,5
150,6,7,6,1,7
151,6,8,6,1,8
152,6,9,6,1,9
153,6,10,6,1,10
154,6,11,6,1,11
155,6,12,6,1,12
156,6,13,6,1,13
157,6,14,6,1,14
158,6,15,6,1,15
159,6,16,6,1,16
160,6,17,6,1,17
161,6,18,6,1,18
162,6,19,6,1,19
163,6,20,6,1,20
164,6,21,6,1,21
165,6,22,6,1,22
166,6,23,6,1,23
167,6,24,6,1,24
168,7,0,7,1,0
169,7,1,7,1
170,7,2,7,1,2
171,7,3,7,3
172,7,4,7,4
173,7,5,7,1,5
174,7,6,7,3,6
175,7,8,7,3,8
176,7,9,7,1,9
177,7,10,7,1,9
178,7,11,7,3,11
179,7,12,7,4,12
180,7,13,7,4,13
181,7,14,7,4,14
182,7,15,7,4,15
183,7,16,7,4,16
184,7,17,7,1,17
185,7,18,7,1,18
186,7,19,7,1,19
187,7,20,7,1,20
188,7,21,7,1,21
189,7,22,7,1,22
190,7,23,7,1,23
191,7,24,7,1,24
192,8,0,8,1,0
193,8,1,8,1
194,8,2,8,1,2
195,8,3,8,3
196,8,4,8,1,4
197,8,5,8,1,5
198,8,6,8,1,6
199,8,7,8,1,7
200,8,9,8,1,9
201,8,10,8,21,23,10
202,8,11,8,1,11
203,8,12,8,3,12
204,8,13,8,21,13
205,8,14,8,21,14
206,8,15,8,21,13,15
207,8,16,8,3,16
208,8,17,8,21,17
209,8,18,8,21,18
210,8,19,8,21,19
211,8,20,8,1,20
212,8,21,8,21
213,8,22,8,1,22
214,8,23,8,21,23
215,8,24,8,21,13,24
216,9,0,9,1,0
217,9,1,9,1
218,9,2,9,1,2
219,9,3,9,1,3
220,9,4,9,1,4
221,9,5,9,1,5
222,9,6,9,1,6
223,9,7,9,1,7
224,9,8,9,1,8
225,9,10,9,1,10
226,9,11,9,1,11
227,9,12,9,1,12
228,9,13,9,1,13
229,9,14,9,1,14
230,9,15,9,1,15
231,9,16,9,1,16
232,9,17,9,1,17
233,9,18,9,1,18
234,9,19,9,1,19
235,9,20,9,1,20
236,9,21,9,1,21
237,9,22,9,1,22
238,9,23,9,1,23
239,9,24,9,1,24
240,10,0,10,1,0
241,10,1,10,1
242,10,2,10,1,2
243,10,3,10,1,3
244,10,4,10,1,4
245,10,5,10,23,13,5
246,10,6,10,23,13,6
247,10,7,10,1,7
248,10,8,10,23,21,8
249,10,9,10,1,9
250,10,11,10,1,11
251,10,12,10,1,12
252,10,13,10,23,13
253,10,14,10,23,21,14
254,10,15,10,23,15
255,10,16,10,1,16
256,10,17,10,23,17
257,10,18,10,23,18
258,10,19,10,23,21,19
259,10,20,10,23,13,20
260,10,21,10,23,21
261,10,22,10,23,22
262,10,23,10,23
263,10,24,10,23,24
264,11,0,11,1,0
265,11,1,11,1
266,11,2,11,1,2
267,11,3,11,1,3
268,11,4,11,1,4
269,11,5,11,1,5
270,11,6,11,1,6
271,11,7,11,1,7
272,11,8,11,1,8
273,11,9,11,1,9
274,11,10,11,13,10
275,11,12,11,1,12
276,11,13,11,13
277,11,14,11,1,14
278,11,15,11,13,15
279,11,16,11,1,16
280,11,17,11,13,17
281,11,18,11,13,18
282,11,19,11,1,19
283,11,20,11,1,20
284,11,21,11,1,21
285,11,22,11,1,22
286,11,23,11,13,23
287,11,24,11,13,24
288,12,0,12,1,0
289,12,1,12,1
290,12,2,12,1,2
291,12,3,12,3
292,12,4,12,3,4
293,12,5,12,1,5
294,12,6,12,1,6
295,12,7,12,1,7
296,12,8,12,3,8
297,12,9,12,1,9
298,12,10,12,1,10
299,12,11,12,1,11
300,12,13,12,3,13
301,12,14,12,3,14
302,12,15,12,1,15
303,12,16,12,3,16
304,12,17,12,1,17
305,12,18,12,1,18
306,12,19,12,3,19
307,12,20,12,1,20
308,12,21,12,3,21
309,12,22,12,3,22
310,12,23,12,1,23
311,12,24,12,1,24
312,13,0,13,1,0
313,13,1,13,1
314,13,2,13,1,2
315,13,3,13,3
316,13,4,13,4
317,13,5,13,5
318,13,6,13,6
319,13,7,13,1,7
320,13,8,13,21,8
321,13,9,13,1,9
322,13,10,13,10
323,13,11,13,11
324,13,12,13,3,12
325,13,14,13,21,14
326,13,15,13,15
327,13,16,13,1,16
328,13,17,13,17
329,13,18,13,18
330,13,19,13,21,19
331,13,20,13,20
332,13,21,13,21
333,13,22,13,22
334,13,23,13,23
335,13,24,13,24
336,14,0,14,1,0
337,14,1,14,1
338,14,2,14,1,2
339,14,3,14,3
340,14,4,14,3,4
341,14,5,14,1,5
342,14,6,14,1,6
343,14,7,14,1,7
344,14,8,14,3,8
345,14,9,14,1,9
346,14,10,14,21,23,10
347,14,11,14,1,11
348,14,12,14,3,12
349,14,13,14,21,13
350,14,15,14,21,13,15
351,14,16,14,3,16
352,14,17,14,21,17
353,14,18,14,21,18
354,14,19,14,1,19
355,14,20,14,1,20
356,14,21,14,21
357,14,22,14,1,22
358,14,23,14,21,23
359,14,24,14,21,13,24
360,15,0,15,1,0
361,15,1,15,1
362,15,2,15,1,2
363,15,3,15,13,3
364,15,4,15,1,4
365,15,5,15,13,5
366,15,6,15,13,6
367,15,7,15,1,7
368,15,8,15,21,8
369,15,9,15,1,9
370,15,10,15,10
371,15,11,15,1,11
372,15,12,15,1,12
373,15,13,15,13
374,15,14,15,21,14
375,15,16,15,1,16
376,15,17,15,17
377,15,18,15,18
378,15,19,15,21,19
379,15,20,15,13,20
380,15,21,15,21
381,15,22,15,13,22
382,15,23,15,23
383,15,24,15,24
384,16,0,16,1,0
385,16,1,16,1
386,16,2,16,1,2
387,16,3,16,3
388,16,4,16,3,4
389,16,5,16,1,5
390,16,6,16,1,6
391,16,7,16,1,7
392,16,8,16,3,8
393,16,9,16,1,9
394,16,10,16,13,10
395,16,11,16,1,11
396,16,12,16,3,12
397,16,13,16,13
398,16,14,16,3,14
399,16,15,16,13,15
400,16,17,16,13,17
401,16,18,16,13,18
402,16,19,16,3,19
403,16,20,16,1,20
404,16,21,16,21
405,16,22,16,3,22
406,16,23,16,13,23
407,16,24,16,13,24
408,17,0,17,1,0
409,17,1,17,1
410,17,2,17,1,2
411,17,3,17,13,3
412,17,4,17,1,4
413,17,5,17,13,5
414,17,6,17,13,6
415,17,7,17,1,7
416,17,8,17,21,8
417,17,9,17,1,9
418,17,10,17,13,10
419,17,11,17,1,11
420,17,12,17,1,12
421,17,13,17,13
422,17,14,17,21,14
423,17,15,17,13,15
424,17,16,17,1,16
425,17,18,17,18
426,17,19,17,21,19
427,17,20,17,13,20
428,17,21,17,21
429,17,22,17,13,22
430,17,23,17,13,23
431,17,24,17,13,24
432,18,0,18,1,0
433,18,1,18,1
434,18,2,18,1,2
435,18,3,18,13,3
436,18,4,18,1,4
437,18,5,18,13,5
438,18,6,18,13,6
439,18,7,18,1,7
440,18,8,18,21,8
441,18,9,18,13,1,9
442,18,10,18,10
443,18,11,18,1,11
444,18,12,18,1,12
445,18,13,18,13
446,18,14,18,21,14
447,18,15,18,15
448,18,16,18,1,16
449,18,17,18,17
450,18,19,18,21,19
451,18,20,18,13,20
452,18,21,18,21
453,18,22,18,13,22
454,18,23,18,23
455,18,24,18,24
456,19,0,19,1,0
457,19,1,19,1
458,19,2,19,1,2
459,19,3,19,3
460,19,4,19,3,4
461,19,5,19,1,5
462,19,6,19,1,6
463,19,7,19,1,7
464,19,8,19,21,8
465,19,9,19,1,9
466,19,10,19,1,10
467,19,11,19,1,11
468,19,12,19,3,12
469,19,13,19,21,13
470,19,14,19,1,14
471,19,15,19,21,13,15
472,19,16,19,3,16
473,19,17,19,21,17
474,19,18,19,21,18
475,19,20,19,1,20
476,19,21,19,21
477,19,22,19,1,22
478,19,23,19,21,23
479,19,24,19,21,13,24
480,20,0,20,1,0
481,20,1,20,1
482,20,2,20,1,2
483,20,3,20,1,3
484,20,4,20,1,4
485,20,5,20,1,5
486,20,6,20,1,6
487,20,7,20,1,7
488,20,8,20,1,8
489,20,9,20,1,9
490,20,10,20,13,10
491,20,11,20,1,11
492,20,12,20,1,12
493,20,13,20,13
494,20,14,20,1,14
495,20,15,20,13,15
496,20,16,20,1,16
497,20,17,20,13,17
498,20,18,20,13,18
499,20,19,20,1,19
500,20,21,20,1,21
501,20,22,20,13,22
502,20,23,20,13,23
503,20,24,20,13,24
504,21,0,21,1,0
505,21,1,21,1
506,21,2,21,1,2
507,21,3,21,3
508,21,4,21,1,4
509,21,5,21,13,5
510,21,6,21,13,6
511,21,7,21,1,7
512,21,8,21,8
513,21,9,21,1,9
514,21,10,21,23,10
515,21,11,21,1,11
516,21,12,21,3,12
517,21,13,21,13
518,21,14,21,14
519,21,15,21,13,15
520,21,16,21,3,16
521,21,17,21,17
522,21,18,21,18
523,21,19,21,19
524,21,20,21,1,20
525,21,22,21,1,22
526,21,23,21,23
527,21,24,21,13,24
528,22,0,22,1,0
529,22,1,22,1
530,22,2,22,1,2
531,22,3,22,3
532,22,4,22,1,4
533,22,5,22,13,5
534,22,6,22,1,6
535,22,7,22,1,7
536,22,8,22,1,8
537,22,9,22,1,9
538,22,10,22,13,10
539,22,11,22,1,11
540,22,12,22,3,12
541,22,13,22,13
542,22,14,22,1,14
543,22,15,22,13,15
544,22,16,22,1,16
545,22,17,22,13,17
546,22,18,22,13,18
547,22,19,22,1,19
548,22,20,22,13,20
549,22,21,22,1,21
550,22,23,22,13,23
551,22,24,22,13,24
552,23,0,23,1,0
553,23,1,23,1
554,23,2,23,1,2
555,23,3,23,1,3
556,23,4,23,1,4
557,23,5,23,13,5
558,23,6,23,13,6
559,23,7,23,1,7
560,23,8,23,21,8
561,23,9,23,1,9
562,23,10,23,10
563,23,11,23,1,11
564,23,12,23,1,12
565,23,13,23,13
566,23,14,23,21,14
567,23,15,23,15
568,23,16,23,1,16
569,23,17,23,17
570,23,18,23,18
571,23,19,23,21,19
572,23,20,23,13,20
573,23,21,23,21
574,23,22,23,22
575,23,24,23,24
576,24,0,24,1,0
577,24,1,24,1
578,24,2,24,1,2
579,24,3,24,13,3
580,24,4,24,1,4
581,24,5,24,13,5
582,24,6,24,13,6
583,24,7,24,1,7
584,24,8,24,18,21,8
585,24,9,24,13,1,9
586,24,10,24,23,10
587,24,11,24,13,11
588,24,12,24,1,12
589,24,13,24,13
590,24,14,24,18,21,14
591,24,15,24,15
592,24,16,24,1,16
593,24,17,24,13,17
594,24,18,24,18
595,24,19,24,18,21,19
596,24,20,24,13,20
597,24,21,24,18,21
598,24,22,24,13,22
599,24,23,24,23
COMMODITIES,550
Index,Origin,Destination,Demand/Size,Earliest available time,Latest delivery time
0,6,3,0.255128,182,283
1,11,12,0.508516,40,142
2,2,23,0.100428,88,197
3,10,6,0.0991302,134,245
4,19,11,0.66756,38,143
5,22,2,0.703374,136,235
6,5,17,0.385634,182,282
7,18,20,0.998727,90,187
8,15,8,0.177365,138,247
9,5,1,0.223864,134,233
10,0,11,0.0377318,182,279
11,23,0,0.659291,86,192
12,16,23,0.0801559,86,196
13,9,12,0.00454545,42,148
14,24,1,0.816442,88,196
15,10,4,0.0141382,88,201
16,1,24,0.29548,40,148
17,14,3,0.420248,138,233
18,3,17,0.138863,136,246
19,11,22,0.79025,42,142
20,20,23,0.102647,182,281
21,15,12,0.862387,88,206
22,18,22,0.94607,90,188
23,1,21,0.81375,138,233
24,13,2,0.315164,90,194
25,16,9,0.229743,40,144
26,16,10,0.0328037,38,151
27,17,5,0.238265,40,140
28,23,2,0.0862861,38,146
29,22,1,0.857548,86,178
30,6,3,0.25241,136,237
31,24,2,0.373003,38,153
32,13,21,0.26358,186,278
33,19,18,0.135886,86,191
34,23,13,0.399174,42,135
35,15,20,0.172751,88,194
36,12,21,0.373789,86,189
37,16,6,0.10007,186,287
38,16,2,0.317661,182,281
39,10,4,0.0153876,90,203
40,1,17,0.205572,90,190
41,16,6,0.104168,184,285
42,11,24,0.0415228,90,201
43,10,4,0.0166336,134,247
44,16,10,0.0291712,138,251
45,23,8,0.229083,182,284
46,23,4,0.373812,136,243
47,17,24,0.679995,134,235
48,11,0,0.881071,138,235
49,13,8,0.90054,184,281
50,0,23,0.0738304,90,197
51,0,19,0.26558,86,188
52,22,24,0.383176,86,188
53,8,4,0.00906942,88,187
54,24,23,0.752935,134,227
55,19,11,0.693312,134,239
56,24,22,0.776212,42,144
57,15,23,0.440001,186,281
58,2,14,0.728396,42,149
59,24,5,0.0405607,88,193
60,2,19,0.301658,138,242
61,1,17,0.265702,138,238
62,14,15,0.0708142,90,206
63,3,21,0.646381,138,236
64,24,19,0.748536,88,198
65,17,24,0.667883,88,189
66,6,22,0.0251916,184,285
67,17,22,0.13765,38,135
68,16,0,0.80555,40,137
69,0,2,0.110146,88,184
70,18,15,0.88469,40,134
71,19,5,0.518226,40,152
72,10,1,0.94303,136,243
73,21,8,0.515361,38,127
74,15,20,0.055962,42,148
75,0,12,0.265602,88,187
76,24,22,0.58952,40,142
77,10,23,0.576364,186,276
78,4,19,0.00914561,138,241
79,0,14,0.283719,138,243
80,2,15,0.377013,88,203
81,10,17,0.192441,86,181
82,2,20,0.991163,38,139
83,11,23,0.65151,88,197
84,4,15,0.224457,86,200
85,17,0,0.00852049,88,191
86,21,18,0.203358,38,135
87,21,15,0.0808639,42,148
88,15,17,0.00328917,136,232
89,14,21,0.887719,134,228
90,13,15,0.574342,86,184
91,6,1,0.947469,88,181
92,18,10,0.807972,90,184
93,24,14,0.168236,38,150
94,18,3,0.125253,40,153
95,17,0,0.0098493,136,239
96,22,3,0.224663,184,280
97,17,0,0.00884119,86,189
98,10,5,0.0239653,38,147
99,1,4,0.105377,86,176
100,3,13,0.351191,40,144
101,21,20,0.00797316,86,191
102,11,0,0.817783,184,281
103,12,18,0.133403,90,202
104,14,12,0.191258,134,234
105,15,20,0.0370342,38,144
106,13,5,0.342707,138,232
107,20,3,0.36602,138,240
108,17,11,0.124149,42,148
109,14,5,0.386205,134,249
110,20,18,0.311404,138,235
111,16,1,0.532817,88,180
112,2,0,0.0505129,38,134
113,17,23,0.559907,90,189
114,3,10,0.0997247,38,154
115,12,19,0.0445742,88,188
116,12,6,0.160918,40,143
117,13,14,0.234334,186,288
118,0,23,0.00153482,88,195
119,9,12,0.00454545,90,196
120,18,17,0.83667,38,127
121,11,1,0.128329,182,274
122,23,17,0.22154,182,271
123,21,23,0.373518,136,231
124,24,2,0.399856,134,249
125,21,22,0.0211384,38,141
126,24,15,0.134688,186,274
127,18,12,0.446056,42,153
128,1,11,0.140172,42,134
129,19,23,0.709108,40,143
130,16,23,0.0815017,38,148
131,19,11,0.640679,42,147
132,5,23,0.874767,136,239
133,3,0,0.350603,86,183
134,23,20,0.947717,40,139
135,3,8,0.00966787,182,275
136,1,20,0.896685,40,134
137,17,5,0.250972,182,282
138,13,5,0.336019,134,228
139,13,1,0.0385205,88,185
140,21,1,0.0764216,136,231
141,6,17,0.0590669,138,247
142,13,10,0.168249,40,136
143,17,16,0.0645184,134,240
144,22,3,0.228874,182,278
145,23,6,0.71539,134,239
146,14,20,0.085626,40,150
147,4,16,0.483203,38,135
148,16,22,0.395205,38,140
149,3,2,0.814713,134,233
150,0,1,0.16876,90,179
151,8,16,0.0110165,42,140
152,24,12,0.0417504,134,252
153,12,21,0.354371,184,287
154,0,22,0.253714,138,235
155,19,22,0.426604,42,147
156,23,1,0.49606,182,283
157,1,9,0.945723,90,186
158,16,6,0.119132,138,239
159,18,22,0.946709,136,234
160,6,14,0.0179143,38,147
161,23,13,0.323158,90,183
162,1,10,0.313775,138,248
163,5,22,0.344541,86,193
164,14,13,0.0230849,138,240
165,13,6,0.917366,86,182
166,10,2,0.019829,42,156
167,3,0,0.386959,182,279
168,12,23,0.0757796,134,246
169,3,13,0.244934,134,238
170,17,20,0.287789,88,184
171,10,12,0.0756794,38,155
172,15,0,0.40772,86,199
173,3,14,0.185104,138,233
174,17,16,0.0673752,88,194
175,18,4,0.709398,38,145
176,23,10,0.379736,86,176
177,2,17,0.126749,138,245
178,15,14,0.468961,138,252
179,21,23,0.353573,184,279
180,24,23,0.295145,182,275
181,0,19,0.239123,38,140
182,19,4,0.0720703,184,287
183,23,14,0.516825,136,243
184,16,6,0.118613,134,235
185,15,1,0.627955,38,146
186,5,22,0.319818,138,245
187,18,22,0.0992311,182,280
188,11,10,0.295173,42,154
189,13,11,0.20969,38,139
190,11,4,0.174477,134,232
191,15,21,0.248363,134,238
192,19,21,0.695432,86,178
193,23,1,0.372276,186,287
194,6,14,0.0158753,136,245
195,18,16,0.523742,40,149
196,22,12,0.490486,136,237
197,16,23,0.075377,88,198
198,3,1,0.0342535,186,278
199,23,16,0.222623,136,245
200,1,4,0.934936,40,130
201,24,12,0.0373698,138,256
202,23,4,0.398485,134,241
203,24,15,0.335611,88,176
204,18,10,0.357343,186,280
205,22,4,0.0324386,184,282
206,10,17,0.191327,90,185
207,15,3,0.455029,86,208
208,1,20,0.914354,38,132
209,10,15,0.429272,184,285
210,24,10,0.0070516,138,237
211,17,20,0.296483,186,282
212,14,21,0.770111,138,232
213,24,13,0.594405,38,133
214,23,14,0.54803,138,245
215,0,22,0.241322,40,137
216,21,15,0.080074,136,242
217,15,0,0.413018,134,247
218,21,23,0.316576,88,183
219,13,22,0.187899,90,181
220,19,1,0.352378,42,139
221,11,12,0.459297,184,286
222,22,3,0.237813,134,230
223,17,8,0.178701,88,185
224,24,14,0.167248,134,246
225,10,1,0.357806,90,197
226,5,19,0.116887,138,248
227,21,24,0.274704,40,143
228,14,10,0.179179,86,197
229,21,17,0.416649,138,230
230,14,5,0.379373,136,251
231,21,24,0.272222,88,191
232,24,11,0.632908,86,198
233,10,15,0.38009,134,235
234,14,12,0.179952,182,282
235,5,4,0.204613,86,191
236,24,2,0.385086,88,203
237,16,10,0.0308124,42,155
238,1,16,0.58055,184,276
239,1,2,0.124617,186,277
240,12,16,0.678963,38,132
241,23,20,0.97372,136,235
242,24,15,0.288831,86,174
243,13,15,0.454328,40,138
244,1,2,0.335943,42,133
245,1,6,0.333625,88,181
246,4,3,0.944262,38,130
247,19,12,0.0381802,138,238
248,4,3,0.556052,184,276
249,18,10,0.346656,136,230
250,3,10,0.0909913,86,202
251,20,19,0.408675,40,147
252,18,16,0.449142,38,147
253,0,2,0.0975948,86,182
254,15,21,0.101055,184,288
255,18,1,0.399742,90,191
256,13,24,0.413685,42,137
257,18,4,0.827372,86,193
258,8,13,0.322341,138,235
259,19,17,0.277737,38,138
260,16,6,0.118351,136,237
261,12,23,0.0665623,138,250
262,19,1,0.407789,86,183
263,23,5,0.974097,90,193
264,5,23,0.810923,134,237
265,9,16,0.823789,136,240
266,5,24,0.0628905,138,243
267,17,9,0.334984,134,244
268,18,10,0.487646,42,136
269,17,14,0.00715103,136,238
270,2,19,0.274027,40,144
271,0,21,0.460968,42,142
272,21,15,0.0832589,40,146
273,2,3,0.331557,88,187
274,8,12,0.248075,134,232
275,2,22,0.194621,138,237
276,4,6,0.0689768,88,187
277,10,14,0.104623,38,151
278,1,3,0.958034,88,180
279,10,4,0.0145112,136,249
280,17,23,0.558132,134,233
281,24,8,0.062324,90,197
282,23,6,0.61947,182,287
283,3,15,0.272567,134,252
284,19,23,0.782478,90,193
285,22,10,0.0689952,88,191
286,5,4,0.201288,38,143
287,11,21,0.339334,40,143
288,16,15,0.550209,134,249
289,8,19,0.0908595,186,283
290,18,23,0.135056,182,270
291,23,4,0.353297,90,197
292,19,22,0.501825,138,243
293,13,18,0.763825,40,131
294,19,13,0.493932,134,234
295,22,16,0.124012,136,236
296,12,22,0.214448,138,240
297,17,8,0.177187,86,183
298,19,5,0.452057,136,248
299,8,4,0.00806908,86,185
300,15,4,0.201875,90,204
301,12,10,0.730767,42,162
302,22,14,0.262592,138,246
303,17,21,0.307229,38,130
304,19,16,0.105181,182,282
305,1,3,0.878043,42,134
306,22,1,0.426806,42,134
307,24,12,0.0379144,42,160
308,17,22,0.158945,90,187
309,17,11,0.10919,86,192
310,2,15,0.351757,138,253
311,21,15,0.0787788,90,196
312,12,19,0.0437744,186,286
313,2,22,0.2037,182,281
314,24,2,0.370772,86,201
315,23,13,0.659382,186,279
316,20,2,0.211331,182,283
317,0,12,0.262709,42,141
318,22,0,0.201878,182,279
319,23,8,0.746921,186,288
320,20,16,0.0130415,88,190
321,2,20,0.885624,184,285
322,1,21,0.106281,184,279
323,18,20,0.824997,38,135
324,24,17,0.771186,138,239
325,14,23,0.44753,38,143
326,24,5,0.0386813,134,239
327,23,16,0.219256,86,195
328,8,23,0.276599,186,286
329,3,8,0.969601,86,179
330,3,20,0.136734,184,286
331,4,19,0.00793803,40,143
332,11,15,0.232955,90,204
333,12,23,0.0733425,40,152
334,12,21,0.368504,136,239
335,2,21,0.00548056,136,238
336,6,4,0.017326,184,283
337,3,15,0.327681,86,204
338,6,16,0.349491,38,139
339,13,16,0.0759379,38,143
340,16,22,0.228287,88,190
341,12,21,0.323437,134,237
342,24,8,0.0584758,138,245
343,11,0,0.906304,136,233
344,19,15,0.549773,136,250
345,11,10,0.298601,90,202
346,24,15,0.136518,38,126
347,8,16,0.010375,184,282
348,10,1,0.296799,134,241
349,22,17,0.286764,40,137
350,13,16,0.0831255,138,243
351,18,14,0.11561,88,193
352,5,20,0.307426,136,236
353,14,10,0.177168,134,245
354,3,19,0.841439,136,231
355,19,10,0.251673,88,211
356,14,11,0.774036,38,146
357,2,21,0.00556618,38,140
358,24,8,0.0604549,38,145
359,21,8,0.508696,138,227
360,10,18,0.501847,134,228
361,0,5,0.190927,134,238
362,6,3,0.2799,86,187
363,4,11,0.271301,40,138
364,10,2,0.0194736,138,252
365,12,18,0.136064,138,250
366,15,24,0.453382,138,226
367,19,21,0.630109,88,180
368,8,2,0.0359664,86,186
369,16,23,0.0757547,42,152
370,13,6,0.817115,184,280
371,14,21,0.844423,90,184
372,19,2,0.0189657,40,144
373,5,19,0.117178,134,244
374,16,2,0.297666,38,137
375,23,20,0.0887413,38,137
376,13,15,0.527727,136,234
377,13,15,0.0857429,182,280
378,10,18,0.622195,88,182
379,3,20,0.0922815,186,288
380,13,15,0.795083,90,188
381,18,16,0.451976,90,199
382,19,2,0.0221059,136,240
383,8,5,0.0373336,88,196
384,8,16,0.0111828,134,232
385,23,21,0.553211,182,279
386,22,2,0.602567,182,281
387,2,18,0.0352805,40,149
388,23,17,0.522852,134,223
389,1,2,0.666026,182,273
390,16,3,0.0845554,138,227
391,13,18,0.609736,88,179
392,20,8,0.238063,40,143
393,15,24,0.912643,136,224
394,21,23,0.32106,86,181
395,21,19,0.371369,186,278
396,16,6,0.101239,40,141
397,3,16,0.593906,42,131
398,1,2,0.195554,38,129
399,17,14,0.00721483,184,286
400,13,21,0.137548,138,230
401,20,22,0.247989,42,139
402,10,24,0.757026,88,187
403,1,6,0.385329,86,179
404,22,1,0.766259,40,132
405,18,20,0.953339,88,185
406,8,23,0.282765,184,284
407,20,22,0.248932,136,233
408,3,1,0.111503,136,228
409,21,17,0.407535,88,180
410,4,10,0.0593589,38,154
411,10,12,0.0710049,42,159
412,4,0,0.132632,134,229
413,9,12,0.00454545,86,192
414,21,0,0.0997497,138,238
415,22,10,0.0734966,182,285
416,23,15,0.108876,186,281
417,1,17,0.721092,184,284
418,1,11,0.696741,182,274
419,15,19,0.802523,40,152
420,19,2,0.0203895,88,192
421,19,12,0.0379476,90,190
422,15,8,0.986115,86,195
423,24,17,0.771279,136,237
424,22,13,0.779161,90,181
425,8,5,0.0396045,40,148
426,15,19,0.811746,86,198
427,11,16,0.371977,136,236
428,18,1,0.889576,136,237
429,4,1,0.467087,86,176
430,21,18,0.204055,134,231
431,1,16,0.446564,138,230
432,16,10,0.0272399,136,249
433,24,11,0.732908,90,202
434,1,15,0.541592,88,196
435,5,23,0.851926,38,141
436,13,5,0.317241,184,278
437,22,13,0.755978,138,229
438,5,4,0.204159,136,241
439,22,15,0.13324,134,239
440,24,8,0.0627259,134,241
441,15,23,0.136317,90,185
442,1,4,0.750742,136,226
443,16,18,0.178372,138,246
444,3,4,0.310925,40,132
445,21,24,0.296048,38,141
446,21,11,0.0572079,88,191
447,14,21,0.802385,42,136
448,20,23,0.0957024,134,233
449,15,14,0.544711,136,250
450,3,20,0.139159,88,190
451,18,13,0.98966,38,129
452,16,11,0.677388,182,282
453,3,14,0.992433,88,183
454,8,2,0.033353,184,284
455,16,22,0.428657,186,288
456,15,13,0.596409,182,282
457,5,24,0.0666711,38,143
458,3,18,0.459484,40,151
459,5,3,0.575884,40,147
460,8,2,0.032483,138,238
461,16,23,0.0793697,40,150
462,3,18,0.488905,138,249
463,14,24,0.0344893,40,153
464,19,2,0.0192192,38,142
465,16,18,0.182016,136,244
466,21,11,0.049884,90,193
467,2,12,0.0511802,88,189
468,22,23,0.529442,90,190
469,8,24,0.0249712,86,194
470,8,14,0.0157428,88,187
471,20,16,0.0137445,38,140
472,18,2,0.401117,40,148
473,13,5,0.300477,88,182
474,21,20,0.00798013,136,241
475,3,12,0.18663,90,179
476,22,21,0.497014,138,241
477,3,12,0.598254,40,129
478,3,22,0.916589,42,139
479,1,11,0.123911,40,132
480,19,17,0.302453,88,188
481,8,12,0.234187,42,140
482,11,18,0.820511,134,241
483,20,19,0.429139,134,241
484,0,11,0.0705383,86,183
485,3,20,0.0947577,136,238
486,0,14,0.305218,136,241
487,18,23,0.552053,40,128
488,12,21,0.320293,90,193
489,1,17,0.377666,136,236
490,16,20,0.235372,42,144
491,22,12,0.443145,40,141
492,13,6,0.940859,182,278
493,21,15,0.0797655,86,192
494,8,23,0.277061,42,142
495,20,15,0.483771,138,242
496,15,0,0.453551,42,155
497,2,15,0.382297,134,249
498,6,14,0.0180726,40,149
499,18,22,0.952549,186,284
500,24,1,0.671746,40,148
501,11,21,0.317186,42,145
502,19,12,0.0375542,186,286
503,23,6,0.613011,138,243
504,16,2,0.321501,186,285
505,0,5,0.199117,38,142
506,14,11,0.780298,138,246
507,13,14,0.145081,136,238
508,1,21,0.184548,86,181
509,5,23,0.888954,42,145
510,10,22,0.0662584,138,239
511,1,16,0.657451,182,274
512,16,4,0.765448,136,233
513,3,4,0.202855,86,178
514,3,23,0.505094,42,151
515,2,22,0.209359,38,137
516,0,15,0.434657,86,199
517,15,2,0.0116277,134,249
518,4,16,0.459636,186,283
519,15,0,0.421931,90,203
520,21,0,0.0955387,186,286
521,2,19,0.326636,182,286
522,0,8,0.369554,134,232
523,10,20,0.092871,136,241
524,21,24,0.279939,42,145
525,6,3,0.262173,90,191
526,8,5,0.0422981,134,242
527,21,8,0.445891,40,129
528,11,22,0.807061,86,186
529,11,17,0.327401,88,194
530,10,23,0.589391,38,128
531,14,24,0.0324167,88,201
532,20,16,0.0143578,42,144
533,17,23,0.2253,40,139
534,15,18,0.564033,88,182
535,18,14,0.285799,138,243
536,5,24,0.0667761,42,147
537,6,4,0.0174336,88,187
538,4,21,0.0127129,40,141
539,18,8,0.703557,184,284
540,24,10,0.964101,184,283
541,20,17,0.471881,134,230
542,9,1,0.939643,182,278
543,2,14,0.62796,86,193
544,17,10,0.503073,136,238
545,11,14,0.456964,136,244
546,14,3,0.158825,182,277
547,20,8,0.250577,38,141
548,15,8,0.0416676,134,243
549,19,16,0.10777,134,234
