NODES,25
INDEX,Name,X-coordinate,Y-coordinate
0,0,-,-
1,1,-,-
2,2,-,-
3,3,-,-
4,4,-,-
5,5,-,-
6,6,-,-
7,7,-,-
8,8,-,-
9,9,-,-
10,10,-,-
11,11,-,-
12,12,-,-
13,13,-,-
14,14,-,-
15,15,-,-
16,16,-,-
17,17,-,-
18,18,-,-
19,19,-,-
20,20,-,-
21,21,-,-
22,22,-,-
23,23,-,-
24,24,-,-
ARCS,529
Index,Origin,Destination,Variable Cost,Fixed Cost,Capacity,Travel time
0,0,1,0,117.8,1,5
1,1,0,0,117.8,1,5
2,1,2,0,234.05,1,7
3,1,3,0,260.4,1,8
4,1,4,0,175.15,1,6
5,1,5,0,486.7,1,15
6,1,6,0,323.95,1,9
7,1,8,0,323.95,1,9
8,1,9,0,447.95,1,12
9,1,10,0,883.5,1,26
10,1,11,0,255.75,1,8
11,1,12,0,387.5,1,10
12,1,13,0,489.8,1,14
13,1,14,0,525.45,1,16
14,1,15,0,1002.85,1,24
15,1,16,0,252.65,1,8
16,1,17,0,545.6,1,16
17,1,18,0,680.45,1,18
18,1,19,0,503.75,1,13
19,1,20,0,358.05,1,10
20,1,21,0,409.2,1,11
21,1,22,0,266.6,1,8
22,1,23,0,699.05,1,18
23,1,24,0,903.65,1,24
24,2,1,0,234.05,1,7
25,3,1,0,260.4,1,8
26,3,4,0,230.95,1,8
27,3,8,0,311.55,1,9
28,3,12,0,144.15,1,5
29,3,13,0,661.85,1,20
30,3,14,0,418.5,1,11
31,3,16,0,151.9,1,5
32,3,19,0,396.8,1,11
33,3,21,0,469.65,1,14
34,3,22,0,429.35,1,13
35,4,1,0,175.15,1,6
36,4,3,0,230.95,1,8
37,5,1,0,486.7,1,15
38,5,13,0,367.35,1,10
39,6,1,0,323.95,1,9
40,6,13,0,430.9,1,11
41,7,1,0,103.85,1,4
42,8,1,0,323.95,1,9
43,8,3,0,311.55,1,9
44,8,13,0,415.4,1,11
45,8,16,0,161.2,1,6
46,8,21,0,158.1,1,5
47,9,1,0,447.95,1,12
48,10,1,0,891.25,1,23
49,10,23,0,192.2,1,6
50,11,1,0,255.75,1,8
51,11,13,0,592.1,1,16
52,12,1,0,387.5,1,10
53,12,3,0,144.15,1,5
54,13,1,0,489.8,1,13
55,13,3,0,669.6,1,22
56,13,5,0,367.35,1,10
57,13,6,0,430.9,1,12
58,13,10,0,483.6,1,12
59,13,11,0,596.75,1,17
60,13,15,0,553.35,1,14
61,13,17,0,176.7,1,6
62,13,18,0,248,1,7
63,13,19,0,573.5,1,16
64,13,20,0,198.4,1,6
65,13,21,0,275.9,1,8
66,13,22,0,232.5,1,7
67,13,23,0,323.95,1,9
68,13,24,0,449.5,1,11
69,14,1,0,525.45,1,16
70,14,3,0,418.5,1,11
71,14,19,0,111.6,1,4
72,14,21,0,384.4,1,10
73,15,1,0,1002.85,1,24
74,15,13,0,553.35,1,16
75,15,18,0,350.3,1,10
76,15,21,0,747.1,1,20
77,15,23,0,412.3,1,11
78,16,1,0,252.65,1,8
79,16,3,0,151.9,1,5
80,16,8,0,161.2,1,6
81,16,13,0,581.25,1,17
82,16,21,0,305.35,1,9
83,17,1,0,544.05,1,14
84,17,13,0,176.7,1,6
85,17,18,0,127.1,1,5
86,17,21,0,292.95,1,8
87,18,1,0,666.5,1,17
88,18,10,0,308.45,1,10
89,18,13,0,248,1,7
90,18,15,0,350.3,1,10
91,18,17,0,127.1,1,5
92,18,19,0,719.2,1,19
93,18,21,0,421.6,1,11
94,18,22,0,421.6,1,13
95,18,23,0,116.25,1,4
96,18,24,0,237.15,1,7
97,19,1,0,503.75,1,13
98,19,3,0,396.8,1,11
99,19,8,0,240.25,1,7
100,19,14,0,111.6,1,4
101,19,21,0,297.6,1,8
102,20,1,0,358.05,1,10
103,20,13,0,198.4,1,6
104,20,23,0,522.35,1,15
105,21,1,0,409.2,1,11
106,21,3,0,458.8,1,13
107,21,8,0,158.1,1,5
108,21,13,0,275.9,1,8
109,21,14,0,384.4,1,10
110,21,15,0,829.25,1,22
111,21,17,0,292.95,1,8
112,21,18,0,420.05,1,13
113,21,19,0,297.6,1,8
114,21,23,0,440.2,1,11
115,22,1,0,266.6,1,8
116,22,3,0,429.35,1,12
117,22,13,0,232.5,1,7
118,23,1,0,699.05,1,17
119,23,10,0,192.2,1,6
120,23,13,0,323.95,1,9
121,23,15,0,412.3,1,11
122,23,17,0,153.45,1,5
123,23,18,0,116.25,1,4
124,23,21,0,446.4,1,13
125,23,24,0,305.35,1,9
126,24,1,0,903.65,1,24
127,24,13,0,449.5,1,11
128,24,18,0,237.15,1,7
129,24,23,0,305.35,1,9
130,0,2,0,161.2,1,6
131,0,3,0,353.4,1,10
132,0,4,0,285.2,1,9
133,0,5,0,474.3,1,13
134,0,6,0,246.45,1,8
135,0,8,0,427.8,1,12
136,0,9,0,379.75,1,11
137,0,10,0,931.55,1,25
138,0,11,0,158.1,1,5
139,0,12,0,401.45,1,11
140,0,14,0,632.4,1,17
141,0,15,0,1063.3,1,28
142,0,16,0,367.35,1,11
143,0,17,0,596.75,1,16
144,0,18,0,717.65,1,19
145,0,19,0,615.35,1,17
146,0,20,0,361.15,1,10
147,0,21,0,444.85,1,13
148,0,22,0,297.6,1,9
149,0,23,0,739.35,1,20
150,0,24,0,957.9,1,25
151,1,7,0,103.85,1,4
152,2,0,0,161.2,1,6
153,2,3,0,480.5,1,13
154,2,4,0,409.2,1,12
155,2,5,0,257.3,1,8
156,2,6,0,110.05,1,4
157,2,8,0,412.3,1,12
158,2,9,0,229.4,1,7
159,2,10,0,872.65,1,23
160,2,11,0,182.9,1,6
161,2,12,0,582.8,1,16
162,2,13,0,390.6,1,11
163,2,14,0,790.5,1,21
164,2,15,0,940.85,1,25
165,2,16,0,475.85,1,13
166,2,17,0,568.85,1,16
167,2,18,0,638.6,1,17
168,2,19,0,643.25,1,17
169,2,20,0,207.7,1,7
170,2,21,0,424.7,1,12
171,2,22,0,308.45,1,9
172,2,23,0,716.1,1,19
173,2,24,0,847.85,1,23
174,3,0,0,353.4,1,10
175,3,2,0,480.5,1,13
176,3,6,0,554.9,1,15
177,3,9,0,685.1,1,18
178,3,10,0,995.1,1,26
179,3,11,0,477.4,1,13
180,3,15,0,1224.5,1,32
181,3,17,0,764.15,1,20
182,3,18,0,833.9,1,22
183,3,20,0,620,1,17
184,3,23,0,888.15,1,23
185,3,24,0,1108.25,1,29
186,4,0,0,285.2,1,9
187,4,2,0,409.2,1,12
188,4,6,0,494.45,1,14
189,4,7,0,75.95,1,3
190,4,8,0,142.6,1,5
191,4,9,0,624.65,1,17
192,4,10,0,838.55,1,22
193,4,11,0,406.1,1,12
194,4,12,0,331.7,1,9
195,4,13,0,427.8,1,12
196,4,14,0,410.75,1,12
197,4,15,0,970.3,1,26
198,4,16,0,147.25,1,5
199,4,17,0,503.75,1,14
200,4,18,0,624.65,1,17
201,4,19,0,390.6,1,11
202,4,20,0,413.85,1,12
203,4,21,0,263.5,1,8
204,4,22,0,204.6,1,7
205,4,23,0,646.35,1,18
206,4,24,0,861.8,1,23
207,5,0,0,474.3,1,13
208,5,2,0,257.3,1,8
209,5,6,0,161.2,1,5
210,5,9,0,198.4,1,6
211,5,11,0,320.85,1,9
212,5,18,0,660.3,1,16
213,5,20,0,178.25,1,6
214,5,23,0,720.75,1,19
215,6,0,0,246.45,1,8
216,6,2,0,110.05,1,4
217,6,3,0,554.9,1,15
218,6,4,0,494.45,1,14
219,6,5,0,161.2,1,5
220,6,8,0,637.05,1,17
221,6,9,0,141.05,1,5
222,6,10,0,939.3,1,25
223,6,11,0,165.85,1,5
224,6,12,0,623.1,1,17
225,6,14,0,840.1,1,22
226,6,15,0,982.7,1,26
227,6,16,0,576.6,1,16
228,6,17,0,615.35,1,17
229,6,18,0,685.1,1,18
230,6,19,0,824.6,1,22
231,6,20,0,243.35,1,7
232,6,21,0,593.65,1,16
233,6,22,0,446.4,1,13
234,6,23,0,761.05,1,20
235,6,24,0,877.3,1,23
236,7,3,0,246.45,1,8
237,7,4,0,75.95,1,3
238,8,0,0,427.8,1,12
239,8,2,0,412.3,1,12
240,8,4,0,142.6,1,5
241,8,6,0,637.05,1,17
242,8,9,0,767.25,1,21
243,8,10,0,714.55,1,19
244,8,11,0,545.6,1,15
245,8,12,0,460.35,1,13
246,8,14,0,328.6,1,10
247,8,15,0,883.5,1,23
248,8,17,0,427.8,1,12
249,8,18,0,542.5,1,15
250,8,19,0,240.25,1,7
251,8,20,0,444.85,1,13
252,8,22,0,203.05,1,7
253,8,23,0,536.3,1,15
254,8,24,0,801.35,1,21
255,9,0,0,379.75,1,11
256,9,2,0,229.4,1,7
257,9,3,0,685.1,1,18
258,9,4,0,624.65,1,17
259,9,5,0,198.4,1,6
260,9,6,0,141.05,1,5
261,9,8,0,767.25,1,21
262,9,10,0,1069.5,1,28
263,9,11,0,297.6,1,8
264,9,12,0,753.3,1,20
265,9,13,0,469.65,1,12
266,9,14,0,652.55,1,18
267,9,15,0,1112.9,1,29
268,9,16,0,706.8,1,19
269,9,17,0,646.35,1,18
270,9,18,0,711.45,1,18
271,9,19,0,954.8,1,25
272,9,20,0,279,1,8
273,9,21,0,723.85,1,19
274,9,22,0,576.6,1,16
275,9,23,0,891.25,1,24
276,9,24,0,1019.9,1,27
277,10,0,0,931.55,1,25
278,10,2,0,872.65,1,23
279,10,3,0,995.1,1,26
280,10,4,0,838.55,1,22
281,10,6,0,939.3,1,25
282,10,8,0,714.55,1,19
283,10,9,0,1069.5,1,28
284,10,11,0,1133.05,1,30
285,10,12,0,1086.55,1,28
286,10,13,0,483.6,1,12
287,10,14,0,970.3,1,26
288,10,15,0,224.75,1,7
289,10,16,0,872.65,1,23
290,10,17,0,334.8,1,9
291,10,18,0,306.9,1,9
292,10,19,0,909.85,1,24
293,10,20,0,714.55,1,19
294,10,21,0,623.1,1,16
295,10,22,0,623.1,1,17
296,10,24,0,286.75,1,8
297,11,0,0,158.1,1,5
298,11,2,0,182.9,1,6
299,11,3,0,477.4,1,13
300,11,4,0,406.1,1,12
301,11,5,0,320.85,1,9
302,11,6,0,165.85,1,5
303,11,8,0,545.6,1,15
304,11,9,0,297.6,1,9
305,11,10,0,1133.05,1,30
306,11,12,0,523.9,1,14
307,11,14,0,770.35,1,21
308,11,15,0,1112.9,1,29
309,11,16,0,488.25,1,14
310,11,17,0,798.25,1,21
311,11,18,0,832.35,1,21
312,11,19,0,748.65,1,20
313,11,20,0,406.1,1,11
314,11,21,0,649.45,1,18
315,11,22,0,499.1,1,14
316,11,23,0,852.5,1,23
317,11,24,0,1021.45,1,27
318,12,0,0,401.45,1,11
319,12,2,0,582.8,1,16
320,12,4,0,331.7,1,10
321,12,6,0,623.1,1,17
322,12,8,0,460.35,1,13
323,12,9,0,753.3,1,20
324,12,10,0,1086.55,1,28
325,12,11,0,523.9,1,14
326,12,13,0,776.55,1,20
327,12,14,0,550.25,1,15
328,12,15,0,1233.8,1,32
329,12,16,0,296.05,1,9
330,12,17,0,776.55,1,21
331,12,18,0,1038.5,1,27
332,12,19,0,523.9,1,14
333,12,20,0,637.05,1,17
334,12,21,0,554.9,1,15
335,12,22,0,556.45,1,15
336,12,23,0,919.15,1,24
337,12,24,0,1137.7,1,30
338,13,2,0,390.6,1,11
339,13,4,0,427.8,1,12
340,13,8,0,415.4,1,11
341,13,9,0,469.65,1,12
342,13,14,0,655.65,1,17
343,13,16,0,530.1,1,14
344,14,0,0,632.4,1,17
345,14,2,0,790.5,1,21
346,14,4,0,410.75,1,12
347,14,6,0,840.1,1,22
348,14,8,0,328.6,1,10
349,14,9,0,652.55,1,18
350,14,10,0,970.3,1,26
351,14,11,0,770.35,1,21
352,14,12,0,550.25,1,15
353,14,13,0,655.65,1,17
354,14,15,0,1106.7,1,28
355,14,16,0,272.8,1,8
356,14,17,0,671.15,1,18
357,14,18,0,798.25,1,20
358,14,20,0,852.5,1,23
359,14,22,0,527,1,15
360,14,23,0,818.4,1,20
361,14,24,0,995.1,1,26
362,15,0,0,1063.3,1,28
363,15,2,0,940.85,1,25
364,15,3,0,1224.5,1,32
365,15,4,0,970.3,1,26
366,15,6,0,982.7,1,26
367,15,8,0,883.5,1,23
368,15,9,0,1112.9,1,29
369,15,10,0,224.75,1,7
370,15,11,0,1112.9,1,29
371,15,12,0,1233.8,1,32
372,15,14,0,1106.7,1,28
373,15,16,0,1027.65,1,27
374,15,17,0,454.15,1,12
375,15,19,0,1023,1,27
376,15,20,0,757.95,1,19
377,15,22,0,733.15,1,19
378,15,24,0,110.05,1,4
379,16,0,0,367.35,1,11
380,16,2,0,475.85,1,13
381,16,4,0,147.25,1,5
382,16,6,0,576.6,1,16
383,16,7,0,155,1,5
384,16,9,0,706.8,1,19
385,16,10,0,872.65,1,23
386,16,11,0,488.25,1,14
387,16,12,0,296.05,1,8
388,16,14,0,272.8,1,8
389,16,15,0,1027.65,1,27
390,16,17,0,570.4,1,16
391,16,18,0,686.65,1,19
392,16,19,0,251.1,1,7
393,16,20,0,525.45,1,15
394,16,22,0,302.25,1,9
395,16,23,0,692.85,1,19
396,16,24,0,951.7,1,25
397,17,0,0,596.75,1,16
398,17,2,0,568.85,1,16
399,17,3,0,764.15,1,20
400,17,4,0,503.75,1,14
401,17,5,0,530.1,1,14
402,17,6,0,615.35,1,17
403,17,8,0,427.8,1,12
404,17,9,0,649.45,1,18
405,17,10,0,334.8,1,10
406,17,11,0,798.25,1,21
407,17,12,0,776.55,1,21
408,17,14,0,671.15,1,17
409,17,15,0,454.15,1,12
410,17,16,0,570.4,1,16
411,17,19,0,581.25,1,16
412,17,20,0,373.55,1,10
413,17,22,0,294.5,1,8
414,17,23,0,153.45,1,5
415,17,24,0,362.7,1,10
416,18,0,0,719.2,1,19
417,18,2,0,638.6,1,17
418,18,3,0,833.9,1,22
419,18,4,0,624.65,1,17
420,18,5,0,660.3,1,16
421,18,6,0,685.1,1,18
422,18,8,0,542.5,1,15
423,18,9,0,711.45,1,18
424,18,11,0,832.35,1,21
425,18,12,0,1038.5,1,27
426,18,14,0,798.25,1,21
427,18,16,0,686.65,1,19
428,18,20,0,438.65,1,12
429,19,0,0,615.35,1,17
430,19,2,0,643.25,1,17
431,19,4,0,390.6,1,11
432,19,6,0,824.6,1,22
433,19,9,0,954.8,1,25
434,19,10,0,909.85,1,24
435,19,11,0,748.65,1,20
436,19,12,0,523.9,1,14
437,19,13,0,565.75,1,14
438,19,15,0,1023,1,27
439,19,16,0,251.1,1,7
440,19,17,0,581.25,1,16
441,19,18,0,709.9,1,18
442,19,20,0,764.15,1,20
443,19,22,0,437.1,1,12
444,19,23,0,728.5,1,18
445,19,24,0,942.4,1,25
446,20,0,0,361.15,1,10
447,20,2,0,207.7,1,7
448,20,3,0,620,1,17
449,20,4,0,413.85,1,12
450,20,5,0,178.25,1,6
451,20,6,0,243.35,1,7
452,20,8,0,444.85,1,13
453,20,9,0,279,1,8
454,20,10,0,714.55,1,19
455,20,11,0,406.1,1,11
456,20,12,0,637.05,1,17
457,20,14,0,878.85,1,23
458,20,15,0,757.95,1,19
459,20,16,0,525.45,1,15
460,20,17,0,373.55,1,11
461,20,18,0,438.65,1,12
462,20,19,0,764.15,1,20
463,20,21,0,466.55,1,13
464,20,22,0,272.8,1,8
465,20,24,0,641.7,1,17
466,21,0,0,444.85,1,13
467,21,2,0,424.7,1,12
468,21,4,0,263.5,1,8
469,21,6,0,593.65,1,16
470,21,9,0,723.85,1,19
471,21,10,0,623.1,1,16
472,21,11,0,646.35,1,18
473,21,12,0,554.9,1,15
474,21,16,0,305.35,1,9
475,21,20,0,466.55,1,13
476,21,22,0,142.6,1,5
477,21,24,0,651,1,18
478,22,0,0,297.6,1,9
479,22,2,0,308.45,1,10
480,22,4,0,204.6,1,7
481,22,6,0,446.4,1,13
482,22,8,0,203.05,1,6
483,22,9,0,576.6,1,16
484,22,10,0,623.1,1,17
485,22,11,0,499.1,1,14
486,22,12,0,556.45,1,15
487,22,14,0,527,1,15
488,22,15,0,733.15,1,19
489,22,16,0,302.25,1,9
490,22,17,0,294.5,1,8
491,22,18,0,404.55,1,10
492,22,19,0,437.1,1,12
493,22,20,0,272.8,1,9
494,22,21,0,142.6,1,5
495,22,23,0,432.45,1,11
496,22,24,0,643.25,1,17
497,23,0,0,739.35,1,20
498,23,2,0,716.1,1,19
499,23,3,0,888.15,1,23
500,23,4,0,646.35,1,18
501,23,6,0,761.05,1,20
502,23,8,0,536.3,1,15
503,23,9,0,891.25,1,24
504,23,11,0,852.5,1,23
505,23,12,0,919.15,1,24
506,23,14,0,818.4,1,20
507,23,16,0,692.85,1,19
508,23,19,0,728.5,1,18
509,23,20,0,522.35,1,14
510,23,22,0,432.45,1,11
511,24,0,0,957.9,1,25
512,24,2,0,847.85,1,23
513,24,3,0,1108.25,1,29
514,24,4,0,861.8,1,23
515,24,6,0,877.3,1,23
516,24,8,0,801.35,1,21
517,24,9,0,1019.9,1,27
518,24,10,0,286.75,1,8
519,24,11,0,1021.45,1,27
520,24,12,0,1137.7,1,30
521,24,14,0,995.1,1,26
522,24,15,0,110.05,1,4
523,24,16,0,951.7,1,25
524,24,17,0,362.7,1,10
525,24,19,0,942.4,1,25
526,24,20,0,641.7,1,17
527,24,21,0,651,1,16
528,24,22,0,643.25,1,17
PATHS,600
Index,Shipment origin,Shipment destination,1st terminal on path,2nd terminal on path,.....,6th terminal on path
0,0,1,0,1
1,0,2,0,1,2
2,0,3,0,1,3
3,0,4,0,1,4
4,0,5,0,1,5
5,0,6,0,1,6
6,0,7,0,1,7
7,0,8,0,1,8
8,0,9,0,1,9
9,0,10,0,1,10
10,0,11,0,1,11
11,0,12,0,1,12
12,0,13,0,1,13
13,0,14,0,1,14
14,0,15,0,1,15
15,0,16,0,1,16
16,0,17,0,1,17
17,0,18,0,1,18
18,0,19,0,1,19
19,0,20,0,1,20
20,0,21,0,1,21
21,0,22,0,1,22
22,0,23,0,1,23
23,0,24,0,1,24
24,1,0,1,0
25,1,2,1,2
26,1,3,1,3
27,1,4,1,4
28,1,5,1,5
29,1,6,1,6
30,1,7,1,7
31,1,8,1,8
32,1,9,1,9
33,1,10,1,10
34,1,11,1,11
35,1,12,1,12
36,1,13,1,13
37,1,14,1,14
38,1,15,1,15
39,1,16,1,16
40,1,17,1,17
41,1,18,1,18
42,1,19,1,19
43,1,20,1,20
44,1,21,1,21
45,1,22,1,22
46,1,23,1,23
47,1,24,1,24
48,2,0,2,1,0
49,2,1,2,1
50,2,3,2,1,3
51,2,4,2,1,4
52,2,5,2,1,5
53,2,6,2,1,6
54,2,8,2,1,8
55,2,7,2,1,7
56,2,9,2,1,9
57,2,10,2,1,10
58,2,11,2,1,11
59,2,12,2,1,12
60,2,13,2,1,13
61,2,14,2,1,14
62,2,15,2,1,15
63,2,16,2,1,16
64,2,17,2,1,17
65,2,18,2,1,18
66,2,19,2,1,19
67,2,20,2,1,20
68,2,21,2,1,21
69,2,22,2,1,22
70,2,23,2,1,23
71,2,24,2,1,24
72,3,0,3,1,0
73,3,1,3,1
74,3,2,3,1,2
75,3,4,3,4
76,3,5,3,1,5
77,3,6,3,1,6
78,3,7,3,1,7
79,3,8,3,8
80,3,9,3,1,9
81,3,10,3,13,10
82,3,11,3,1,11
83,3,12,3,12
84,3,13,3,13
85,3,14,3,14
86,3,15,3,13,15
87,3,16,3,16
88,3,17,3,13,17
89,3,18,3,13,18
90,3,19,3,19
91,3,20,3,1,20
92,3,21,3,21
93,3,22,3,22
94,3,23,3,21,23
95,3,24,3,13,24
96,4,0,4,1,0
97,4,1,4,1
98,4,2,4,1,2
99,4,3,4,3
100,4,5,4,1,5
101,4,6,4,1,6
102,4,7,4,1,7
103,4,8,4,1,8
104,4,9,4,1,9
105,4,10,4,1,10
106,4,11,4,1,11
107,4,12,4,3,12
108,4,13,4,1,13
109,4,14,4,3,14
110,4,15,4,1,15
111,4,16,4,3,16
112,4,17,4,1,17
113,4,18,4,1,18
114,4,19,4,3,19
115,4,20,4,1,20
116,4,21,4,1,21
117,4,22,4,1,22
118,4,23,4,1,23
119,4,24,4,1,24
120,5,0,5,1,0
121,5,1,5,1
122,5,2,5,1,2
123,5,3,5,1,3
124,5,4,5,1,4
125,5,6,5,1,6
126,5,7,5,1,7
127,5,8,5,1,8
128,5,9,5,1,9
129,5,10,5,13,10
130,5,11,5,1,11
131,5,12,5,1,12
132,5,13,5,13
133,5,14,5,1,14
134,5,15,5,13,15
135,5,16,5,1,16
136,5,17,5,13,17
137,5,18,5,13,18
138,5,19,5,13,21,19
139,5,20,5,13,20
140,5,21,5,13,21
141,5,22,5,1,22
142,5,23,5,13,23
143,5,24,5,13,24
144,6,0,6,1,0
145,6,1,6,1
146,6,2,6,1,2
147,6,3,6,1,3
148,6,4,6,1,4
149,6,5,6,1,5
150,6,7,6,1,7
151,6,8,6,1,8
152,6,9,6,1,9
153,6,10,6,1,10
154,6,11,6,1,11
155,6,12,6,1,12
156,6,13,6,1,13
157,6,14,6,1,14
158,6,15,6,1,15
159,6,16,6,1,16
160,6,17,6,1,17
161,6,18,6,1,18
162,6,19,6,1,19
163,6,20,6,1,20
164,6,21,6,1,21
165,6,22,6,1,22
166,6,23,6,1,23
167,6,24,6,1,24
168,7,0,7,1,0
169,7,1,7,1
170,7,2,7,1,2
171,7,3,7,3
172,7,4,7,4
173,7,5,7,1,5
174,7,6,7,3,6
175,7,8,7,3,8
176,7,9,7,1,9
177,7,10,7,1,9
178,7,11,7,3,11
179,7,12,7,4,12
180,7,13,7,4,13
181,7,14,7,4,14
182,7,15,7,4,15
183,7,16,7,4,16
184,7,17,7,1,17
185,7,18,7,1,18
186,7,19,7,1,19
187,7,20,7,1,20
188,7,21,7,1,21
189,7,22,7,1,22
190,7,23,7,1,23
191,7,24,7,1,24
192,8,0,8,1,0
193,8,1,8,1
194,8,2,8,1,2
195,8,3,8,3
196,8,4,8,1,4
197,8,5,8,1,5
198,8,6,8,1,6
199,8,7,8,1,7
200,8,9,8,1,9
201,8,10,8,21,23,10
202,8,11,8,1,11
203,8,12,8,3,12
204,8,13,8,21,13
205,8,14,8,21,14
206,8,15,8,21,13,15
207,8,16,8,3,16
208,8,17,8,21,17
209,8,18,8,21,18
210,8,19,8,21,19
211,8,20,8,1,20
212,8,21,8,21
213,8,22,8,1,22
214,8,23,8,21,23
215,8,24,8,21,13,24
216,9,0,9,1,0
217,9,1,9,1
218,9,2,9,1,2
219,9,3,9,1,3
220,9,4,9,1,4
221,9,5,9,1,5
222,9,6,9,1,6
223,9,7,9,1,7
224,9,8,9,1,8
225,9,10,9,1,10
226,9,11,9,1,11
227,9,12,9,1,12
228,9,13,9,1,13
229,9,14,9,1,14
230,9,15,9,1,15
231,9,16,9,1,16
232,9,17,9,1,17
233,9,18,9,1,18
234,9,19,9,1,19
235,9,20,9,1,20
236,9,21,9,1,21
237,9,22,9,1,22
238,9,23,9,1,23
239,9,24,9,1,24
240,10,0,10,1,0
241,10,1,10,1
242,10,2,10,1,2
243,10,3,10,1,3
244,10,4,10,1,4
245,10,5,10,23,13,5
246,10,6,10,23,13,6
247,10,7,10,1,7
248,10,8,10,23,21,8
249,10,9,10,1,9
250,10,11,10,1,11
251,10,12,10,1,12
252,10,13,10,23,13
253,10,14,10,23,21,14
254,10,15,10,23,15
255,10,16,10,1,16
256,10,17,10,23,17
257,10,18,10,23,18
258,10,19,10,23,21,19
259,10,20,10,23,13,20
260,10,21,10,23,21
261,10,22,10,23,22
262,10,23,10,23
263,10,24,10,23,24
264,11,0,11,1,0
265,11,1,11,1
266,11,2,11,1,2
267,11,3,11,1,3
268,11,4,11,1,4
269,11,5,11,1,5
270,11,6,11,1,6
271,11,7,11,1,7
272,11,8,11,1,8
273,11,9,11,1,9
274,11,10,11,13,10
275,11,12,11,1,12
276,11,13,11,13
277,11,14,11,1,14
278,11,15,11,13,15
279,11,16,11,1,16
280,11,17,11,13,17
281,11,18,11,13,18
282,11,19,11,1,19
283,11,20,11,1,20
284,11,21,11,1,21
285,11,22,11,1,22
286,11,23,11,13,23
287,11,24,11,13,24
288,12,0,12,1,0
289,12,1,12,1
290,12,2,12,1,2
291,12,3,12,3
292,12,4,12,3,4
293,12,5,12,1,5
294,12,6,12,1,6
295,12,7,12,1,7
296,12,8,12,3,8
297,12,9,12,1,9
298,12,10,12,1,10
299,12,11,12,1,11
300,12,13,12,3,13
301,12,14,12,3,14
302,12,15,12,1,15
303,12,16,12,3,16
304,12,17,12,1,17
305,12,18,12,1,18
306,12,19,12,3,19
307,12,20,12,1,20
308,12,21,12,3,21
309,12,22,12,3,22
310,12,23,12,1,23
311,12,24,12,1,24
312,13,0,13,1,0
313,13,1,13,1
314,13,2,13,1,2
315,13,3,13,3
316,13,4,13,4
317,13,5,13,5
318,13,6,13,6
319,13,7,13,1,7
320,13,8,13,21,8
321,13,9,13,1,9
322,13,10,13,10
323,13,11,13,11
324,13,12,13,3,12
325,13,14,13,21,14
326,13,15,13,15
327,13,16,13,1,16
328,13,17,13,17
329,13,18,13,18
330,13,19,13,21,19
331,13,20,13,20
332,13,21,13,21
333,13,22,13,22
334,13,23,13,23
335,13,24,13,24
336,14,0,14,1,0
337,14,1,14,1
338,14,2,14,1,2
339,14,3,14,3
340,14,4,14,3,4
341,14,5,14,1,5
342,14,6,14,1,6
343,14,7,14,1,7
344,14,8,14,3,8
345,14,9,14,1,9
346,14,10,14,21,23,10
347,14,11,14,1,11
348,14,12,14,3,12
349,14,13,14,21,13
350,14,15,14,21,13,15
351,14,16,14,3,16
352,14,17,14,21,17
353,14,18,14,21,18
354,14,19,14,1,19
355,14,20,14,1,20
356,14,21,14,21
357,14,22,14,1,22
358,14,23,14,21,23
359,14,24,14,21,13,24
360,15,0,15,1,0
361,15,1,15,1
362,15,2,15,1,2
363,15,3,15,13,3
364,15,4,15,1,4
365,15,5,15,13,5
366,15,6,15,13,6
367,15,7,15,1,7
368,15,8,15,21,8
369,15,9,15,1,9
370,15,10,15,10
371,15,11,15,1,11
372,15,12,15,1,12
373,15,13,15,13
374,15,14,15,21,14
375,15,16,15,1,16
376,15,17,15,17
377,15,18,15,18
378,15,19,15,21,19
379,15,20,15,13,20
380,15,21,15,21
381,15,22,15,13,22
382,15,23,15,23
383,15,24,15,24
384,16,0,16,1,0
385,16,1,16,1
386,16,2,16,1,2
387,16,3,16,3
388,16,4,16,3,4
389,16,5,16,1,5
390,16,6,16,1,6
391,16,7,16,1,7
392,16,8,16,3,8
393,16,9,16,1,9
394,16,10,16,13,10
395,16,11,16,1,11
396,16,12,16,3,12
397,16,13,16,13
398,16,14,16,3,14
399,16,15,16,13,15
400,16,17,16,13,17
401,16,18,16,13,18
402,16,19,16,3,19
403,16,20,16,1,20
404,16,21,16,21
405,16,22,16,3,22
406,16,23,16,13,23
407,16,24,16,13,24
408,17,0,17,1,0
409,17,1,17,1
410,17,2,17,1,2
411,17,3,17,13,3
412,17,4,17,1,4
413,17,5,17,13,5
414,17,6,17,13,6
415,17,7,17,1,7
416,17,8,17,21,8
417,17,9,17,1,9
418,17,10,17,13,10
419,17,11,17,1,11
420,17,12,17,1,12
421,17,13,17,13
422,17,14,17,21,14
423,17,15,17,13,15
424,17,16,17,1,16
425,17,18,17,18
426,17,19,17,21,19
427,17,20,17,13,20
428,17,21,17,21
429,17,22,17,13,22
430,17,23,17,13,23
431,17,24,17,13,24
432,18,0,18,1,0
433,18,1,18,1
434,18,2,18,1,2
435,18,3,18,13,3
436,18,4,18,1,4
437,18,5,18,13,5
438,18,6,18,13,6
439,18,7,18,1,7
440,18,8,18,21,8
441,18,9,18,13,1,9
442,18,10,18,10
443,18,11,18,1,11
444,18,12,18,1,12
445,18,13,18,13
446,18,14,18,21,14
447,18,15,18,15
448,18,16,18,1,16
449,18,17,18,17
450,18,19,18,21,19
451,18,20,18,13,20
452,18,21,18,21
453,18,22,18,13,22
454,18,23,18,23
455,18,24,18,24
456,19,0,19,1,0
457,19,1,19,1
458,19,2,19,1,2
459,19,3,19,3
460,19,4,19,3,4
461,19,5,19,1,5
462,19,6,19,1,6
463,19,7,19,1,7
464,19,8,19,21,8
465,19,9,19,1,9
466,19,10,19,1,10
467,19,11,19,1,11
468,19,12,19,3,12
469,19,13,19,21,13
470,19,14,19,1,14
471,19,15,19,21,13,15
472,19,16,19,3,16
473,19,17,19,21,17
474,19,18,19,21,18
475,19,20,19,1,20
476,19,21,19,21
477,19,22,19,1,22
478,19,23,19,21,23
479,19,24,19,21,13,24
480,20,0,20,1,0
481,20,1,20,1
482,20,2,20,1,2
483,20,3,20,1,3
484,20,4,20,1,4
485,20,5,20,1,5
486,20,6,20,1,6
487,20,7,20,1,7
488,20,8,20,1,8
489,20,9,20,1,9
490,20,10,20,13,10
491,20,11,20,1,11
492,20,12,20,1,12
493,20,13,20,13
494,20,14,20,1,14
495,20,15,20,13,15
496,20,16,20,1,16
497,20,17,20,13,17
498,20,18,20,13,18
499,20,19,20,1,19
500,20,21,20,1,21
501,20,22,20,13,22
502,20,23,20,13,23
503,20,24,20,13,24
504,21,0,21,1,0
505,21,1,21,1
506,21,2,21,1,2
507,21,3,21,3
508,21,4,21,1,4
509,21,5,21,13,5
510,21,6,21,13,6
511,21,7,21,1,7
512,21,8,21,8
513,21,9,21,1,9
514,21,10,21,23,10
515,21,11,21,1,11
516,21,12,21,3,12
517,21,13,21,13
518,21,14,21,14
519,21,15,21,13,15
520,21,16,21,3,16
521,21,17,21,17
522,21,18,21,18
523,21,19,21,19
524,21,20,21,1,20
525,21,22,21,1,22
526,21,23,21,23
527,21,24,21,13,24
528,22,0,22,1,0
529,22,1,22,1
530,22,2,22,1,2
531,22,3,22,3
532,22,4,22,1,4
533,22,5,22,13,5
534,22,6,22,1,6
535,22,7,22,1,7
536,22,8,22,1,8
537,22,9,22,1,9
538,22,10,22,13,10
539,22,11,22,1,11
540,22,12,22,3,12
541,22,13,22,13
542,22,14,22,1,14
543,22,15,22,13,15
544,22,16,22,1,16
545,22,17,22,13,17
546,22,18,22,13,18
547,22,19,22,1,19
548,22,20,22,13,20
549,22,21,22,1,21
550,22,23,22,13,23
551,22,24,22,13,24
552,23,0,23,1,0
553,23,1,23,1
554,23,2,23,1,2
555,23,3,23,1,3
556,23,4,23,1,4
557,23,5,23,13,5
558,23,6,23,13,6
559,23,7,23,1,7
560,23,8,23,21,8
561,23,9,23,1,9
562,23,10,23,10
563,23,11,23,1,11
564,23,12,23,1,12
565,23,13,23,13
566,23,14,23,21,14
567,23,15,23,15
568,23,16,23,1,16
569,23,17,23,17
570,23,18,23,18
571,23,19,23,21,19
572,23,20,23,13,20
573,23,21,23,21
574,23,22,23,22
575,23,24,23,24
576,24,0,24,1,0
577,24,1,24,1
578,24,2,24,1,2
579,24,3,24,13,3
580,24,4,24,1,4
581,24,5,24,13,5
582,24,6,24,13,6
583,24,7,24,1,7
584,24,8,24,18,21,8
585,24,9,24,13,1,9
586,24,10,24,23,10
587,24,11,24,13,11
588,24,12,24,1,12
589,24,13,24,13
590,24,14,24,18,21,14
591,24,15,24,15
592,24,16,24,1,16
593,24,17,24,13,17
594,24,18,24,18
595,24,19,24,18,21,19
596,24,20,24,13,20
597,24,21,24,18,21
598,24,22,24,13,22
599,24,23,24,23
COMMODITIES,550
Index,Origin,Destination,Demand/Size,Earliest available time,Latest delivery time
0,22,6,0.28027,134,247
1,16,2,0.315459,42,153
2,4,13,0.341186,90,206
3,6,4,0.0167355,42,153
4,24,18,0.773727,182,285
5,14,3,0.820632,40,147
6,18,23,0.589896,134,234
7,23,17,0.592316,90,191
8,14,16,0.0180523,136,248
9,18,23,0.440546,186,286
10,18,23,0.137617,90,190
11,15,1,0.130333,134,254
12,16,15,0.604646,138,265
13,3,1,0.370016,40,144
14,16,18,0.173194,90,210
15,14,20,0.0860843,38,160
16,15,19,0.899444,86,210
17,17,5,0.233008,38,150
18,15,18,0.13162,182,288
19,0,12,0.282744,40,151
20,17,5,0.240435,88,200
21,20,22,0.270727,134,243
22,3,8,0.573652,38,143
23,21,12,0.0142614,86,200
24,19,12,0.0360122,136,248
25,24,14,0.149018,42,166
26,15,1,0.908895,138,258
27,1,0,0.273104,134,235
28,19,22,0.35986,90,207
29,24,2,0.39831,38,165
30,16,22,0.318707,42,156
31,20,19,0.436375,90,209
32,2,22,0.186094,88,199
33,4,14,0.474196,88,203
34,13,21,0.328081,90,194
35,13,12,0.141823,88,211
36,3,23,0.476044,86,207
37,10,23,0.631725,134,236
38,0,19,0.257328,42,156
39,10,19,0.426071,42,165
40,16,22,0.301203,86,200
41,0,16,0.760328,42,151
42,20,13,0.141184,88,190
43,5,24,0.0660605,38,155
44,22,2,0.687859,134,245
45,3,24,0.927061,86,213
46,21,20,0.006796,38,155
47,11,15,0.472998,134,260
48,16,14,0.115602,42,154
49,3,6,0.305221,90,203
50,22,3,0.216351,134,242
51,22,12,0.468485,40,153
52,23,14,0.579031,88,207
53,17,22,0.159617,40,149
54,0,16,0.798475,90,199
55,13,17,0.784337,38,140
56,13,20,0.67958,90,192
57,17,5,0.228058,86,198
58,5,8,0.0478575,134,254
59,23,6,0.700741,88,205
60,18,23,0.530622,88,188
61,17,15,0.154119,136,252
62,18,1,0.159447,134,247
63,23,24,0.871689,90,195
64,1,9,0.227508,88,196
65,5,16,0.386226,134,253
66,17,2,0.04067,138,255
67,0,17,0.248579,38,155
68,1,18,0.564568,90,204
69,24,21,0.116526,38,152
70,22,5,0.38003,42,155
71,1,0,0.270158,38,139
72,11,15,0.898744,38,164
73,3,23,0.380553,138,259
74,19,18,0.916391,38,155
75,23,2,0.0920696,136,256
76,15,22,0.595331,138,257
77,8,24,0.0286993,90,210
78,23,16,0.216929,136,257
79,20,16,0.0152747,138,252
80,16,3,0.568372,134,235
81,2,17,0.124396,90,209
82,4,21,0.0120702,86,199
83,20,22,0.225543,40,149
84,8,23,0.259411,42,154
85,13,16,0.082202,136,253
86,0,10,0.497774,136,263
87,22,24,0.396423,90,204
88,11,24,0.09463,40,163
89,2,4,0.892654,38,147
90,21,9,0.207598,42,161
91,13,1,0.537765,38,147
92,5,19,0.118685,138,260
93,4,6,0.0743376,136,247
94,17,18,0.444266,38,139
95,13,21,0.510043,88,192
96,10,23,0.711897,184,286
97,1,5,0.0603462,90,201
98,5,23,0.752913,136,251
99,23,0,0.725459,90,208
100,12,15,0.39351,90,220
101,13,1,0.112474,136,245
102,16,11,0.678117,136,248
103,1,23,0.705157,134,248
104,2,19,0.274122,90,206
105,4,10,0.0540516,138,266
106,8,23,0.270541,134,246
107,24,14,0.17086,40,164
108,17,24,0.583962,136,249
109,0,16,0.791613,88,197
110,1,20,0.188615,138,244
111,15,21,0.0802199,40,156
112,16,9,0.225974,90,206
113,21,22,0.0212612,38,153
114,16,2,0.282819,90,201
115,22,18,0.829975,136,246
116,4,15,0.258857,38,164
117,2,23,0.0975282,38,159
118,4,21,0.0122586,138,251
119,13,20,0.573686,86,188
120,19,15,0.509982,86,212
121,1,13,0.261328,88,198
122,23,10,0.51466,38,140
123,24,6,0.382444,134,253
124,19,22,0.460426,138,255
125,1,12,0.160551,182,288
126,22,15,0.114708,38,155
127,2,19,0.279814,40,156
128,21,1,0.303126,134,241
129,4,16,0.494106,38,147
130,0,21,0.473073,90,202
131,14,11,0.765474,134,254
132,13,11,0.293657,40,153
133,8,5,0.0385296,134,254
134,24,13,0.0770105,40,147
135,1,8,0.787005,182,287
136,21,13,0.829753,42,146
137,10,6,0.091816,90,213
138,15,18,0.0696765,42,148
139,18,17,0.612761,38,139
140,12,13,0.18071,88,209
141,0,20,0.723795,40,151
142,0,8,0.385476,38,148
143,16,0,0.71758,88,197
144,19,9,0.206291,134,255
145,8,5,0.0385377,88,208
146,12,20,0.754238,38,154
147,3,2,0.844145,136,247
148,24,11,0.742436,138,262
149,3,22,0.924431,42,151
150,16,15,0.619926,38,165
151,23,20,0.0367803,136,247
152,14,11,0.719347,138,258
153,8,16,0.0120845,136,246
154,8,9,0.262359,86,203
155,23,3,0.779173,138,259
156,13,4,0.086456,136,244
157,11,17,0.362076,88,206
158,21,23,0.365997,42,149
159,24,8,0.0618687,88,207
160,13,12,0.13648,138,261
161,22,16,0.122336,138,250
162,18,3,0.767482,40,165
163,4,3,0.145751,138,242
164,16,11,0.770256,38,150
165,2,12,0.0568327,138,251
166,12,2,0.239429,42,155
167,1,3,0.0596944,136,240
168,0,15,0.47443,90,215
169,3,18,0.476568,38,161
170,1,21,0.966877,40,147
171,16,19,0.639095,136,248
172,19,11,0.657903,138,255
173,19,22,0.267117,38,155
174,4,23,0.0904681,42,162
175,21,9,0.219588,40,159
176,24,22,0.588297,88,202
177,10,21,0.0459419,88,203
178,19,16,0.100715,88,200
179,10,20,0.0898159,138,255
180,14,4,0.248308,38,153
181,18,12,0.397177,138,261
182,3,16,0.806241,182,283
183,17,19,0.683615,138,250
184,10,23,0.451643,40,142
185,3,21,0.14566,138,248
186,22,15,0.110692,42,159
187,17,18,0.19251,134,235
188,13,6,0.952338,40,148
189,16,3,0.260223,38,139
190,17,21,0.280779,134,238
191,10,13,0.776568,136,247
192,8,14,0.0184729,134,245
193,3,8,0.0350474,40,145
194,23,2,0.099757,88,208
195,17,13,0.073211,182,284
196,23,11,0.186162,88,209
197,18,15,0.0348695,88,194
198,14,12,0.161937,136,248
199,18,17,0.0982853,138,239
200,12,1,0.684807,38,144
201,13,16,0.0754664,86,203
202,1,19,0.300146,90,199
203,2,21,0.00541091,88,202
204,4,15,0.236384,90,216
205,5,1,0.736922,86,197
206,12,21,0.361033,88,203
207,15,8,0.994835,136,257
208,10,11,0.0488162,42,169
209,13,24,0.7987,38,145
210,19,8,0.44723,134,243
211,11,3,0.902615,136,248
212,24,18,0.0780466,42,145
213,1,24,0.956795,134,254
214,17,5,0.244304,40,152
215,18,21,0.588253,40,147
216,0,9,0.155054,86,199
217,11,14,0.471749,136,256
218,13,15,0.516012,88,198
219,24,22,0.797513,86,200
220,3,17,0.128305,88,210
221,0,15,0.430069,86,211
222,10,4,0.0154633,40,165
223,10,6,0.0971155,40,163
224,14,12,0.17851,88,200
225,3,22,0.459316,90,199
226,17,16,0.0639434,42,160
227,10,18,0.372768,136,242
228,13,22,0.0240191,136,239
229,5,19,0.124334,42,164
230,16,22,0.363342,88,202
231,18,15,0.925034,182,288
232,16,2,0.286036,38,149
233,20,0,0.0615474,88,199
234,3,22,0.874401,136,245
235,0,18,0.901407,86,205
236,2,1,0.423187,38,141
237,19,1,0.172588,134,243
238,0,8,0.407662,86,196
239,20,0,0.0647617,42,153
240,16,23,0.0748634,134,256
241,18,21,0.611061,88,195
242,12,1,0.529539,90,196
243,1,5,0.679163,42,153
244,13,12,0.117537,42,165
245,6,17,0.0540917,40,161
246,5,22,0.321156,134,253
247,12,17,0.00606174,138,260
248,19,12,0.0372182,90,202
249,18,17,0.745676,184,285
250,19,3,0.755204,38,145
251,13,16,0.0797238,138,255
252,8,1,0.901491,88,193
253,8,16,0.0120753,42,152
254,18,2,0.434466,136,256
255,17,0,0.00812925,86,201
256,22,11,0.436125,86,198
257,18,4,0.803317,134,253
258,24,20,0.1543,38,151
259,1,11,0.898203,86,190
260,14,17,0.0876098,134,248
261,20,4,0.00779319,134,246
262,15,13,0.342588,138,250
263,3,13,0.384553,88,204
264,19,1,0.868177,40,149
265,18,20,0.884852,38,147
266,18,8,0.338379,136,248
267,24,3,0.0150646,136,265
268,23,20,0.0783032,88,199
269,11,18,0.830421,42,161
270,14,4,0.216302,40,155
271,18,2,0.400308,88,208
272,2,4,0.0608225,90,199
273,22,10,0.0688171,134,249
274,12,10,0.836455,42,174
275,12,2,0.059472,86,199
276,11,24,0.108012,42,165
277,6,16,0.414094,42,155
278,11,24,0.0161464,138,261
279,22,23,0.563722,134,246
280,13,1,0.375189,86,195
281,19,10,0.252917,86,221
282,8,13,0.306272,134,243
283,15,20,0.177152,40,158
284,11,24,0.99798,88,211
285,13,11,0.222849,88,201
286,23,8,0.0899041,90,204
287,24,15,0.149652,88,188
288,6,17,0.0488331,134,255
289,13,19,0.432199,42,154
290,20,10,0.468055,134,248
291,23,0,0.605995,134,252
292,23,17,0.528042,136,237
293,16,2,0.331242,40,151
294,16,12,0.179433,182,288
295,21,9,0.193692,38,157
296,21,20,0.00766988,136,253
297,24,23,0.859593,136,241
298,18,13,0.934226,184,287
299,21,24,0.272238,136,251
300,14,3,0.613853,38,145
301,2,8,0.515587,88,200
302,22,24,0.428944,42,156
303,2,19,0.280087,88,204
304,12,1,0.838126,134,240
305,12,1,0.198793,138,244
306,1,16,0.974185,182,286
307,15,3,0.39441,40,174
308,23,9,0.674931,136,261
309,24,0,0.0468192,40,165
310,0,19,0.280709,86,200
311,15,10,0.0137267,138,241
312,18,4,0.842683,88,207
313,8,12,0.232386,88,198
314,18,24,0.473508,138,241
315,5,3,0.603298,138,257
316,12,21,0.358057,40,155
317,15,19,0.650577,138,262
318,23,16,0.213567,40,161
319,6,1,0.754418,42,147
320,23,3,0.922404,38,159
321,22,17,0.305856,136,245
322,4,13,0.34674,40,156
323,22,3,0.197178,90,198
324,14,17,0.0862384,38,152
325,12,2,0.0754386,88,201
326,21,24,0.262191,86,201
327,1,8,0.236739,88,193
328,14,5,0.371977,90,217
329,4,6,0.0685596,134,245
330,14,24,0.0357932,136,261
331,1,24,0.793371,90,210
332,3,24,0.0122525,136,263
333,13,12,0.123108,134,257
334,23,12,0.360538,86,209
335,23,3,0.813539,40,161
336,24,17,0.772416,136,249
337,15,3,0.439469,134,268
338,14,8,0.496158,40,156
339,11,15,0.886478,90,216
340,11,10,0.312227,134,258
341,8,3,0.197162,90,195
342,11,15,0.281206,86,212
343,5,18,0.60531,40,153
344,14,11,0.814347,40,160
345,3,1,0.0933613,138,242
346,20,14,0.32243,134,256
347,1,24,0.195056,138,258
348,19,5,0.515733,90,214
349,21,1,0.413718,86,193
350,16,10,0.0295375,136,261
351,24,0,0.0513778,38,163
352,21,20,0.00751758,134,251
353,10,17,0.182317,42,149
354,15,22,0.647152,134,253
355,22,5,0.444343,134,247
356,16,8,0.87351,134,244
357,1,23,0.613167,40,154
358,22,11,0.39067,136,248
359,13,1,0.624016,134,243
360,3,8,0.490233,90,195
361,13,20,0.639644,40,142
362,6,14,0.0192102,134,255
363,23,5,0.895413,136,251
364,24,22,0.651325,136,250
365,4,21,0.012458,90,203
366,10,12,0.0742054,134,263
367,23,1,0.638743,86,199
368,8,16,0.0120512,88,198
369,8,12,0.21638,138,248
370,23,24,0.317067,38,143
371,23,14,0.557983,86,205
372,13,20,0.539193,136,238
373,21,15,0.0770164,90,208
374,18,0,0.226906,42,160
375,17,22,0.139896,134,243
376,17,19,0.697607,136,248
377,13,8,0.884035,42,151
378,17,16,0.0638997,88,206
379,1,8,0.177136,136,241
380,17,8,0.187838,138,247
381,12,6,0.155257,86,201
382,19,18,0.00123674,40,157
383,8,13,0.328546,88,197
384,21,20,0.00759207,88,205
385,11,12,0.289029,90,204
386,18,2,0.471468,134,254
387,15,3,0.436308,88,222
388,22,16,0.136065,42,154
389,23,16,0.212205,86,207
390,17,2,0.0382316,40,157
391,19,18,0.152618,90,207
392,24,23,0.655365,182,287
393,17,19,0.668234,38,150
394,10,4,0.0142661,138,263
395,2,4,0.0448615,138,247
396,5,19,0.116116,88,210
397,22,17,0.308476,86,195
398,17,16,0.0719799,138,256
399,2,23,0.0939279,138,259
400,20,14,0.378047,90,212
401,24,6,0.432621,138,257
402,23,3,0.719629,86,207
403,1,3,0.498109,86,190
404,21,8,0.497267,40,141
405,21,14,0.00890727,138,244
406,1,19,0.442759,88,197
407,19,17,0.297036,40,152
408,1,22,0.457047,138,242
409,3,9,0.604397,38,154
410,20,18,0.275523,86,195
411,21,3,0.247973,138,247
412,4,6,0.0665411,138,249
413,20,3,0.39535,90,204
414,23,10,0.171031,182,284
415,0,18,0.825769,42,161
416,20,19,0.478566,40,159
417,21,15,0.0838652,88,206
418,18,17,0.746829,42,143
419,3,18,0.538397,136,259
420,15,4,0.198886,90,216
421,2,1,0.369703,138,241
422,0,16,0.794041,86,195
423,14,2,0.0990787,136,255
424,22,13,0.729741,90,193
425,15,6,0.203766,88,212
426,18,24,0.525782,90,193
427,5,13,0.343478,86,192
428,19,16,0.110408,90,202
429,11,1,0.958049,88,192
430,2,1,0.20213,134,237
431,1,15,0.00175197,86,206
432,19,11,0.720348,38,155
433,24,6,0.401114,136,255
434,5,20,0.299156,134,246
435,16,12,0.187596,42,148
436,18,0,0.211902,134,252
437,17,10,0.493671,86,200
438,17,20,0.309797,88,196
439,6,17,0.0559128,42,163
440,20,13,0.12105,136,238
441,8,13,0.279848,38,147
442,5,24,0.0685241,42,159
443,19,11,0.683093,42,159
444,12,16,0.619105,138,244
445,18,2,0.414494,90,210
446,3,8,0.856521,88,193
447,5,16,0.408066,138,257
448,2,12,0.048052,136,249
449,21,1,0.451556,88,195
450,20,22,0.22711,90,199
451,0,8,0.396141,138,248
452,5,19,0.129281,90,212
453,1,3,0.840718,184,288
454,24,3,0.0143426,40,169
455,4,0,0.149851,90,197
456,22,16,0.128781,88,200
457,13,19,0.918426,134,246
458,1,6,0.961457,90,195
459,19,23,0.589275,134,249
460,18,14,0.309057,38,155
461,0,15,0.451542,42,167
462,24,23,0.377745,138,243
463,18,0,0.251928,40,158
464,22,18,0.869257,86,196
465,17,16,0.0774737,134,252
466,17,20,0.282354,138,246
467,13,8,0.012918,86,195
468,5,16,0.413828,42,161
469,15,10,0.782887,134,237
470,24,6,0.361673,40,159
471,14,1,0.96895,136,248
472,14,2,0.0907057,42,161
473,22,6,0.317576,138,251
474,3,11,0.428555,42,154
475,4,17,0.00607182,134,252
476,5,1,0.974456,42,153
477,14,17,0.092021,40,154
478,1,10,0.845065,42,164
479,1,24,0.12047,38,158
480,4,13,0.348574,86,202
481,16,1,0.681632,182,286
482,6,17,0.0497844,88,209
483,8,1,0.637891,42,147
484,20,10,0.427761,42,156
485,0,21,0.415218,136,248
486,24,15,0.146922,138,238
487,18,21,0.875182,134,241
488,5,24,0.0593423,90,207
489,21,8,0.484895,90,191
490,8,13,0.308775,138,247
491,16,11,0.648991,90,202
492,4,0,0.147417,88,195
493,13,20,0.38572,134,236
494,8,17,0.580191,88,197
495,19,20,0.30311,90,209
496,19,8,0.459113,88,197
497,19,2,0.019157,38,154
498,23,0,0.64421,86,204
499,8,15,0.045886,136,259
500,0,19,0.244557,134,248
501,20,15,0.464979,136,252
502,3,14,0.734664,38,145
503,10,5,0.0248628,90,211
504,8,18,0.188283,134,248
505,0,6,0.111764,134,244
506,0,21,0.420751,86,198
507,16,2,0.314481,88,199
508,4,23,0.12141,40,160
509,2,23,0.105671,86,207
510,19,8,0.415175,138,247
511,3,1,0.330847,182,286
512,16,19,0.580495,88,200
513,23,18,0.654236,182,282
514,12,10,0.829489,86,218
515,0,10,0.472844,40,167
516,5,22,0.28903,86,205
517,6,1,0.194593,38,143
518,23,10,0.837943,134,236
519,23,24,0.432237,86,191
520,12,3,0.470463,40,141
521,19,21,0.696587,90,194
522,5,8,0.0438325,90,210
523,12,21,0.379978,134,249
524,21,22,0.0214372,42,157
525,23,20,0.99402,134,245
526,5,18,0.540261,136,249
527,8,14,0.0190597,38,149
528,23,8,0.800766,138,252
529,19,22,0.281367,42,159
530,13,19,0.677105,38,150
531,18,5,0.0143564,40,153
532,19,11,0.678127,90,207
533,10,14,0.114585,136,261
534,20,14,0.356517,88,210
535,12,3,0.55549,86,187
536,3,4,0.885205,88,192
537,10,24,0.792524,42,153
538,10,23,0.314101,86,188
539,14,10,0.199733,38,161
540,9,3,0.672132,38,154
541,15,3,0.4325,138,272
542,21,24,0.30902,88,203
543,13,1,0.505064,138,247
544,19,24,0.487493,88,211
545,19,21,0.74149,88,192
546,1,8,0.609765,138,243
547,2,22,0.206249,40,151
548,13,4,0.0843118,38,146
549,20,15,0.431809,134,250
