NODES,25
INDEX,Name,X-coordinate,Y-coordinate
0,0,-,-
1,1,-,-
2,2,-,-
3,3,-,-
4,4,-,-
5,5,-,-
6,6,-,-
7,7,-,-
8,8,-,-
9,9,-,-
10,10,-,-
11,11,-,-
12,12,-,-
13,13,-,-
14,14,-,-
15,15,-,-
16,16,-,-
17,17,-,-
18,18,-,-
19,19,-,-
20,20,-,-
21,21,-,-
22,22,-,-
23,23,-,-
24,24,-,-
ARCS,529
Index,Origin,Destination,Variable Cost,Fixed Cost,Capacity,Travel time
0,0,1,0,117.8,1,5
1,1,0,0,117.8,1,5
2,1,2,0,234.05,1,7
3,1,3,0,260.4,1,8
4,1,4,0,175.15,1,6
5,1,5,0,486.7,1,15
6,1,6,0,323.95,1,9
7,1,8,0,323.95,1,9
8,1,9,0,447.95,1,12
9,1,10,0,883.5,1,26
10,1,11,0,255.75,1,8
11,1,12,0,387.5,1,10
12,1,13,0,489.8,1,14
13,1,14,0,525.45,1,16
14,1,15,0,1002.85,1,24
15,1,16,0,252.65,1,8
16,1,17,0,545.6,1,16
17,1,18,0,680.45,1,18
18,1,19,0,503.75,1,13
19,1,20,0,358.05,1,10
20,1,21,0,409.2,1,11
21,1,22,0,266.6,1,8
22,1,23,0,699.05,1,18
23,1,24,0,903.65,1,24
24,2,1,0,234.05,1,7
25,3,1,0,260.4,1,8
26,3,4,0,230.95,1,8
27,3,8,0,311.55,1,9
28,3,12,0,144.15,1,5
29,3,13,0,661.85,1,20
30,3,14,0,418.5,1,11
31,3,16,0,151.9,1,5
32,3,19,0,396.8,1,11
33,3,21,0,469.65,1,14
34,3,22,0,429.35,1,13
35,4,1,0,175.15,1,6
36,4,3,0,230.95,1,8
37,5,1,0,486.7,1,15
38,5,13,0,367.35,1,10
39,6,1,0,323.95,1,9
40,6,13,0,430.9,1,11
41,7,1,0,103.85,1,4
42,8,1,0,323.95,1,9
43,8,3,0,311.55,1,9
44,8,13,0,415.4,1,11
45,8,16,0,161.2,1,6
46,8,21,0,158.1,1,5
47,9,1,0,447.95,1,12
48,10,1,0,891.25,1,23
49,10,23,0,192.2,1,6
50,11,1,0,255.75,1,8
51,11,13,0,592.1,1,16
52,12,1,0,387.5,1,10
53,12,3,0,144.15,1,5
54,13,1,0,489.8,1,13
55,13,3,0,669.6,1,22
56,13,5,0,367.35,1,10
57,13,6,0,430.9,1,12
58,13,10,0,483.6,1,12
59,13,11,0,596.75,1,17
60,13,15,0,553.35,1,14
61,13,17,0,176.7,1,6
62,13,18,0,248,1,7
63,13,19,0,573.5,1,16
64,13,20,0,198.4,1,6
65,13,21,0,275.9,1,8
66,13,22,0,232.5,1,7
67,13,23,0,323.95,1,9
68,13,24,0,449.5,1,11
69,14,1,0,525.45,1,16
70,14,3,0,418.5,1,11
71,14,19,0,111.6,1,4
72,14,21,0,384.4,1,10
73,15,1,0,1002.85,1,24
74,15,13,0,553.35,1,16
75,15,18,0,350.3,1,10
76,15,21,0,747.1,1,20
77,15,23,0,412.3,1,11
78,16,1,0,252.65,1,8
79,16,3,0,151.9,1,5
80,16,8,0,161.2,1,6
81,16,13,0,581.25,1,17
82,16,21,0,305.35,1,9
83,17,1,0,544.05,1,14
84,17,13,0,176.7,1,6
85,17,18,0,127.1,1,5
86,17,21,0,292.95,1,8
87,18,1,0,666.5,1,17
88,18,10,0,308.45,1,10
89,18,13,0,248,1,7
90,18,15,0,350.3,1,10
91,18,17,0,127.1,1,5
92,18,19,0,719.2,1,19
93,18,21,0,421.6,1,11
94,18,22,0,421.6,1,13
95,18,23,0,116.25,1,4
96,18,24,0,237.15,1,7
97,19,1,0,503.75,1,13
98,19,3,0,396.8,1,11
99,19,8,0,240.25,1,7
100,19,14,0,111.6,1,4
101,19,21,0,297.6,1,8
102,20,1,0,358.05,1,10
103,20,13,0,198.4,1,6
104,20,23,0,522.35,1,15
105,21,1,0,409.2,1,11
106,21,3,0,458.8,1,13
107,21,8,0,158.1,1,5
108,21,13,0,275.9,1,8
109,21,14,0,384.4,1,10
110,21,15,0,829.25,1,22
111,21,17,0,292.95,1,8
112,21,18,0,420.05,1,13
113,21,19,0,297.6,1,8
114,21,23,0,440.2,1,11
115,22,1,0,266.6,1,8
116,22,3,0,429.35,1,12
117,22,13,0,232.5,1,7
118,23,1,0,699.05,1,17
119,23,10,0,192.2,1,6
120,23,13,0,323.95,1,9
121,23,15,0,412.3,1,11
122,23,17,0,153.45,1,5
123,23,18,0,116.25,1,4
124,23,21,0,446.4,1,13
125,23,24,0,305.35,1,9
126,24,1,0,903.65,1,24
127,24,13,0,449.5,1,11
128,24,18,0,237.15,1,7
129,24,23,0,305.35,1,9
130,0,2,0,161.2,1,6
131,0,3,0,353.4,1,10
132,0,4,0,285.2,1,9
133,0,5,0,474.3,1,13
134,0,6,0,246.45,1,8
135,0,8,0,427.8,1,12
136,0,9,0,379.75,1,11
137,0,10,0,931.55,1,25
138,0,11,0,158.1,1,5
139,0,12,0,401.45,1,11
140,0,14,0,632.4,1,17
141,0,15,0,1063.3,1,28
142,0,16,0,367.35,1,11
143,0,17,0,596.75,1,16
144,0,18,0,717.65,1,19
145,0,19,0,615.35,1,17
146,0,20,0,361.15,1,10
147,0,21,0,444.85,1,13
148,0,22,0,297.6,1,9
149,0,23,0,739.35,1,20
150,0,24,0,957.9,1,25
151,1,7,0,103.85,1,4
152,2,0,0,161.2,1,6
153,2,3,0,480.5,1,13
154,2,4,0,409.2,1,12
155,2,5,0,257.3,1,8
156,2,6,0,110.05,1,4
157,2,8,0,412.3,1,12
158,2,9,0,229.4,1,7
159,2,10,0,872.65,1,23
160,2,11,0,182.9,1,6
161,2,12,0,582.8,1,16
162,2,13,0,390.6,1,11
163,2,14,0,790.5,1,21
164,2,15,0,940.85,1,25
165,2,16,0,475.85,1,13
166,2,17,0,568.85,1,16
167,2,18,0,638.6,1,17
168,2,19,0,643.25,1,17
169,2,20,0,207.7,1,7
170,2,21,0,424.7,1,12
171,2,22,0,308.45,1,9
172,2,23,0,716.1,1,19
173,2,24,0,847.85,1,23
174,3,0,0,353.4,1,10
175,3,2,0,480.5,1,13
176,3,6,0,554.9,1,15
177,3,9,0,685.1,1,18
178,3,10,0,995.1,1,26
179,3,11,0,477.4,1,13
180,3,15,0,1224.5,1,32
181,3,17,0,764.15,1,20
182,3,18,0,833.9,1,22
183,3,20,0,620,1,17
184,3,23,0,888.15,1,23
185,3,24,0,1108.25,1,29
186,4,0,0,285.2,1,9
187,4,2,0,409.2,1,12
188,4,6,0,494.45,1,14
189,4,7,0,75.95,1,3
190,4,8,0,142.6,1,5
191,4,9,0,624.65,1,17
192,4,10,0,838.55,1,22
193,4,11,0,406.1,1,12
194,4,12,0,331.7,1,9
195,4,13,0,427.8,1,12
196,4,14,0,410.75,1,12
197,4,15,0,970.3,1,26
198,4,16,0,147.25,1,5
199,4,17,0,503.75,1,14
200,4,18,0,624.65,1,17
201,4,19,0,390.6,1,11
202,4,20,0,413.85,1,12
203,4,21,0,263.5,1,8
204,4,22,0,204.6,1,7
205,4,23,0,646.35,1,18
206,4,24,0,861.8,1,23
207,5,0,0,474.3,1,13
208,5,2,0,257.3,1,8
209,5,6,0,161.2,1,5
210,5,9,0,198.4,1,6
211,5,11,0,320.85,1,9
212,5,18,0,660.3,1,16
213,5,20,0,178.25,1,6
214,5,23,0,720.75,1,19
215,6,0,0,246.45,1,8
216,6,2,0,110.05,1,4
217,6,3,0,554.9,1,15
218,6,4,0,494.45,1,14
219,6,5,0,161.2,1,5
220,6,8,0,637.05,1,17
221,6,9,0,141.05,1,5
222,6,10,0,939.3,1,25
223,6,11,0,165.85,1,5
224,6,12,0,623.1,1,17
225,6,14,0,840.1,1,22
226,6,15,0,982.7,1,26
227,6,16,0,576.6,1,16
228,6,17,0,615.35,1,17
229,6,18,0,685.1,1,18
230,6,19,0,824.6,1,22
231,6,20,0,243.35,1,7
232,6,21,0,593.65,1,16
233,6,22,0,446.4,1,13
234,6,23,0,761.05,1,20
235,6,24,0,877.3,1,23
236,7,3,0,246.45,1,8
237,7,4,0,75.95,1,3
238,8,0,0,427.8,1,12
239,8,2,0,412.3,1,12
240,8,4,0,142.6,1,5
241,8,6,0,637.05,1,17
242,8,9,0,767.25,1,21
243,8,10,0,714.55,1,19
244,8,11,0,545.6,1,15
245,8,12,0,460.35,1,13
246,8,14,0,328.6,1,10
247,8,15,0,883.5,1,23
248,8,17,0,427.8,1,12
249,8,18,0,542.5,1,15
250,8,19,0,240.25,1,7
251,8,20,0,444.85,1,13
252,8,22,0,203.05,1,7
253,8,23,0,536.3,1,15
254,8,24,0,801.35,1,21
255,9,0,0,379.75,1,11
256,9,2,0,229.4,1,7
257,9,3,0,685.1,1,18
258,9,4,0,624.65,1,17
259,9,5,0,198.4,1,6
260,9,6,0,141.05,1,5
261,9,8,0,767.25,1,21
262,9,10,0,1069.5,1,28
263,9,11,0,297.6,1,8
264,9,12,0,753.3,1,20
265,9,13,0,469.65,1,12
266,9,14,0,652.55,1,18
267,9,15,0,1112.9,1,29
268,9,16,0,706.8,1,19
269,9,17,0,646.35,1,18
270,9,18,0,711.45,1,18
271,9,19,0,954.8,1,25
272,9,20,0,279,1,8
273,9,21,0,723.85,1,19
274,9,22,0,576.6,1,16
275,9,23,0,891.25,1,24
276,9,24,0,1019.9,1,27
277,10,0,0,931.55,1,25
278,10,2,0,872.65,1,23
279,10,3,0,995.1,1,26
280,10,4,0,838.55,1,22
281,10,6,0,939.3,1,25
282,10,8,0,714.55,1,19
283,10,9,0,1069.5,1,28
284,10,11,0,1133.05,1,30
285,10,12,0,1086.55,1,28
286,10,13,0,483.6,1,12
287,10,14,0,970.3,1,26
288,10,15,0,224.75,1,7
289,10,16,0,872.65,1,23
290,10,17,0,334.8,1,9
291,10,18,0,306.9,1,9
292,10,19,0,909.85,1,24
293,10,20,0,714.55,1,19
294,10,21,0,623.1,1,16
295,10,22,0,623.1,1,17
296,10,24,0,286.75,1,8
297,11,0,0,158.1,1,5
298,11,2,0,182.9,1,6
299,11,3,0,477.4,1,13
300,11,4,0,406.1,1,12
301,11,5,0,320.85,1,9
302,11,6,0,165.85,1,5
303,11,8,0,545.6,1,15
304,11,9,0,297.6,1,9
305,11,10,0,1133.05,1,30
306,11,12,0,523.9,1,14
307,11,14,0,770.35,1,21
308,11,15,0,1112.9,1,29
309,11,16,0,488.25,1,14
310,11,17,0,798.25,1,21
311,11,18,0,832.35,1,21
312,11,19,0,748.65,1,20
313,11,20,0,406.1,1,11
314,11,21,0,649.45,1,18
315,11,22,0,499.1,1,14
316,11,23,0,852.5,1,23
317,11,24,0,1021.45,1,27
318,12,0,0,401.45,1,11
319,12,2,0,582.8,1,16
320,12,4,0,331.7,1,10
321,12,6,0,623.1,1,17
322,12,8,0,460.35,1,13
323,12,9,0,753.3,1,20
324,12,10,0,1086.55,1,28
325,12,11,0,523.9,1,14
326,12,13,0,776.55,1,20
327,12,14,0,550.25,1,15
328,12,15,0,1233.8,1,32
329,12,16,0,296.05,1,9
330,12,17,0,776.55,1,21
331,12,18,0,1038.5,1,27
332,12,19,0,523.9,1,14
333,12,20,0,637.05,1,17
334,12,21,0,554.9,1,15
335,12,22,0,556.45,1,15
336,12,23,0,919.15,1,24
337,12,24,0,1137.7,1,30
338,13,2,0,390.6,1,11
339,13,4,0,427.8,1,12
340,13,8,0,415.4,1,11
341,13,9,0,469.65,1,12
342,13,14,0,655.65,1,17
343,13,16,0,530.1,1,14
344,14,0,0,632.4,1,17
345,14,2,0,790.5,1,21
346,14,4,0,410.75,1,12
347,14,6,0,840.1,1,22
348,14,8,0,328.6,1,10
349,14,9,0,652.55,1,18
350,14,10,0,970.3,1,26
351,14,11,0,770.35,1,21
352,14,12,0,550.25,1,15
353,14,13,0,655.65,1,17
354,14,15,0,1106.7,1,28
355,14,16,0,272.8,1,8
356,14,17,0,671.15,1,18
357,14,18,0,798.25,1,20
358,14,20,0,852.5,1,23
359,14,22,0,527,1,15
360,14,23,0,818.4,1,20
361,14,24,0,995.1,1,26
362,15,0,0,1063.3,1,28
363,15,2,0,940.85,1,25
364,15,3,0,1224.5,1,32
365,15,4,0,970.3,1,26
366,15,6,0,982.7,1,26
367,15,8,0,883.5,1,23
368,15,9,0,1112.9,1,29
369,15,10,0,224.75,1,7
370,15,11,0,1112.9,1,29
371,15,12,0,1233.8,1,32
372,15,14,0,1106.7,1,28
373,15,16,0,1027.65,1,27
374,15,17,0,454.15,1,12
375,15,19,0,1023,1,27
376,15,20,0,757.95,1,19
377,15,22,0,733.15,1,19
378,15,24,0,110.05,1,4
379,16,0,0,367.35,1,11
380,16,2,0,475.85,1,13
381,16,4,0,147.25,1,5
382,16,6,0,576.6,1,16
383,16,7,0,155,1,5
384,16,9,0,706.8,1,19
385,16,10,0,872.65,1,23
386,16,11,0,488.25,1,14
387,16,12,0,296.05,1,8
388,16,14,0,272.8,1,8
389,16,15,0,1027.65,1,27
390,16,17,0,570.4,1,16
391,16,18,0,686.65,1,19
392,16,19,0,251.1,1,7
393,16,20,0,525.45,1,15
394,16,22,0,302.25,1,9
395,16,23,0,692.85,1,19
396,16,24,0,951.7,1,25
397,17,0,0,596.75,1,16
398,17,2,0,568.85,1,16
399,17,3,0,764.15,1,20
400,17,4,0,503.75,1,14
401,17,5,0,530.1,1,14
402,17,6,0,615.35,1,17
403,17,8,0,427.8,1,12
404,17,9,0,649.45,1,18
405,17,10,0,334.8,1,10
406,17,11,0,798.25,1,21
407,17,12,0,776.55,1,21
408,17,14,0,671.15,1,17
409,17,15,0,454.15,1,12
410,17,16,0,570.4,1,16
411,17,19,0,581.25,1,16
412,17,20,0,373.55,1,10
413,17,22,0,294.5,1,8
414,17,23,0,153.45,1,5
415,17,24,0,362.7,1,10
416,18,0,0,719.2,1,19
417,18,2,0,638.6,1,17
418,18,3,0,833.9,1,22
419,18,4,0,624.65,1,17
420,18,5,0,660.3,1,16
421,18,6,0,685.1,1,18
422,18,8,0,542.5,1,15
423,18,9,0,711.45,1,18
424,18,11,0,832.35,1,21
425,18,12,0,1038.5,1,27
426,18,14,0,798.25,1,21
427,18,16,0,686.65,1,19
428,18,20,0,438.65,1,12
429,19,0,0,615.35,1,17
430,19,2,0,643.25,1,17
431,19,4,0,390.6,1,11
432,19,6,0,824.6,1,22
433,19,9,0,954.8,1,25
434,19,10,0,909.85,1,24
435,19,11,0,748.65,1,20
436,19,12,0,523.9,1,14
437,19,13,0,565.75,1,14
438,19,15,0,1023,1,27
439,19,16,0,251.1,1,7
440,19,17,0,581.25,1,16
441,19,18,0,709.9,1,18
442,19,20,0,764.15,1,20
443,19,22,0,437.1,1,12
444,19,23,0,728.5,1,18
445,19,24,0,942.4,1,25
446,20,0,0,361.15,1,10
447,20,2,0,207.7,1,7
448,20,3,0,620,1,17
449,20,4,0,413.85,1,12
450,20,5,0,178.25,1,6
451,20,6,0,243.35,1,7
452,20,8,0,444.85,1,13
453,20,9,0,279,1,8
454,20,10,0,714.55,1,19
455,20,11,0,406.1,1,11
456,20,12,0,637.05,1,17
457,20,14,0,878.85,1,23
458,20,15,0,757.95,1,19
459,20,16,0,525.45,1,15
460,20,17,0,373.55,1,11
461,20,18,0,438.65,1,12
462,20,19,0,764.15,1,20
463,20,21,0,466.55,1,13
464,20,22,0,272.8,1,8
465,20,24,0,641.7,1,17
466,21,0,0,444.85,1,13
467,21,2,0,424.7,1,12
468,21,4,0,263.5,1,8
469,21,6,0,593.65,1,16
470,21,9,0,723.85,1,19
471,21,10,0,623.1,1,16
472,21,11,0,646.35,1,18
473,21,12,0,554.9,1,15
474,21,16,0,305.35,1,9
475,21,20,0,466.55,1,13
476,21,22,0,142.6,1,5
477,21,24,0,651,1,18
478,22,0,0,297.6,1,9
479,22,2,0,308.45,1,10
480,22,4,0,204.6,1,7
481,22,6,0,446.4,1,13
482,22,8,0,203.05,1,6
483,22,9,0,576.6,1,16
484,22,10,0,623.1,1,17
485,22,11,0,499.1,1,14
486,22,12,0,556.45,1,15
487,22,14,0,527,1,15
488,22,15,0,733.15,1,19
489,22,16,0,302.25,1,9
490,22,17,0,294.5,1,8
491,22,18,0,404.55,1,10
492,22,19,0,437.1,1,12
493,22,20,0,272.8,1,9
494,22,21,0,142.6,1,5
495,22,23,0,432.45,1,11
496,22,24,0,643.25,1,17
497,23,0,0,739.35,1,20
498,23,2,0,716.1,1,19
499,23,3,0,888.15,1,23
500,23,4,0,646.35,1,18
501,23,6,0,761.05,1,20
502,23,8,0,536.3,1,15
503,23,9,0,891.25,1,24
504,23,11,0,852.5,1,23
505,23,12,0,919.15,1,24
506,23,14,0,818.4,1,20
507,23,16,0,692.85,1,19
508,23,19,0,728.5,1,18
509,23,20,0,522.35,1,14
510,23,22,0,432.45,1,11
511,24,0,0,957.9,1,25
512,24,2,0,847.85,1,23
513,24,3,0,1108.25,1,29
514,24,4,0,861.8,1,23
515,24,6,0,877.3,1,23
516,24,8,0,801.35,1,21
517,24,9,0,1019.9,1,27
518,24,10,0,286.75,1,8
519,24,11,0,1021.45,1,27
520,24,12,0,1137.7,1,30
521,24,14,0,995.1,1,26
522,24,15,0,110.05,1,4
523,24,16,0,951.7,1,25
524,24,17,0,362.7,1,10
525,24,19,0,942.4,1,25
526,24,20,0,641.7,1,17
527,24,21,0,651,1,16
528,24,22,0,643.25,1,17
PATHS,600
Index,Shipment origin,Shipment destination,1st terminal on path,2nd terminal on path,.....,6th terminal on path
0,0,1,0,1
1,0,2,0,1,2
2,0,3,0,1,3
3,0,4,0,1,4
4,0,5,0,1,5
5,0,6,0,1,6
6,0,7,0,1,7
7,0,8,0,1,8
8,0,9,0,1,9
9,0,10,0,1,10
10,0,11,0,1,11
11,0,12,0,1,12
12,0,13,0,1,13
13,0,14,0,1,14
14,0,15,0,1,15
15,0,16,0,1,16
16,0,17,0,1,17
17,0,18,0,1,18
18,0,19,0,1,19
19,0,20,0,1,20
20,0,21,0,1,21
21,0,22,0,1,22
22,0,23,0,1,23
23,0,24,0,1,24
24,1,0,1,0
25,1,2,1,2
26,1,3,1,3
27,1,4,1,4
28,1,5,1,5
29,1,6,1,6
30,1,7,1,7
31,1,8,1,8
32,1,9,1,9
33,1,10,1,10
34,1,11,1,11
35,1,12,1,12
36,1,13,1,13
37,1,14,1,14
38,1,15,1,15
39,1,16,1,16
40,1,17,1,17
41,1,18,1,18
42,1,19,1,19
43,1,20,1,20
44,1,21,1,21
45,1,22,1,22
46,1,23,1,23
47,1,24,1,24
48,2,0,2,1,0
49,2,1,2,1
50,2,3,2,1,3
51,2,4,2,1,4
52,2,5,2,1,5
53,2,6,2,1,6
54,2,8,2,1,8
55,2,7,2,1,7
56,2,9,2,1,9
57,2,10,2,1,10
58,2,11,2,1,11
59,2,12,2,1,12
60,2,13,2,1,13
61,2,14,2,1,14
62,2,15,2,1,15
63,2,16,2,1,16
64,2,17,2,1,17
65,2,18,2,1,18
66,2,19,2,1,19
67,2,20,2,1,20
68,2,21,2,1,21
69,2,22,2,1,22
70,2,23,2,1,23
71,2,24,2,1,24
72,3,0,3,1,0
73,3,1,3,1
74,3,2,3,1,2
75,3,4,3,4
76,3,5,3,1,5
77,3,6,3,1,6
78,3,7,3,1,7
79,3,8,3,8
80,3,9,3,1,9
81,3,10,3,13,10
82,3,11,3,1,11
83,3,12,3,12
84,3,13,3,13
85,3,14,3,14
86,3,15,3,13,15
87,3,16,3,16
88,3,17,3,13,17
89,3,18,3,13,18
90,3,19,3,19
91,3,20,3,1,20
92,3,21,3,21
93,3,22,3,22
94,3,23,3,21,23
95,3,24,3,13,24
96,4,0,4,1,0
97,4,1,4,1
98,4,2,4,1,2
99,4,3,4,3
100,4,5,4,1,5
101,4,6,4,1,6
102,4,7,4,1,7
103,4,8,4,1,8
104,4,9,4,1,9
105,4,10,4,1,10
106,4,11,4,1,11
107,4,12,4,3,12
108,4,13,4,1,13
109,4,14,4,3,14
110,4,15,4,1,15
111,4,16,4,3,16
112,4,17,4,1,17
113,4,18,4,1,18
114,4,19,4,3,19
115,4,20,4,1,20
116,4,21,4,1,21
117,4,22,4,1,22
118,4,23,4,1,23
119,4,24,4,1,24
120,5,0,5,1,0
121,5,1,5,1
122,5,2,5,1,2
123,5,3,5,1,3
124,5,4,5,1,4
125,5,6,5,1,6
126,5,7,5,1,7
127,5,8,5,1,8
128,5,9,5,1,9
129,5,10,5,13,10
130,5,11,5,1,11
131,5,12,5,1,12
132,5,13,5,13
133,5,14,5,1,14
134,5,15,5,13,15
135,5,16,5,1,16
136,5,17,5,13,17
137,5,18,5,13,18
138,5,19,5,13,21,19
139,5,20,5,13,20
140,5,21,5,13,21
141,5,22,5,1,22
142,5,23,5,13,23
143,5,24,5,13,24
144,6,0,6,1,0
145,6,1,6,1
146,6,2,6,1,2
147,6,3,6,1,3
148,6,4,6,1,4
149,6,5,6,1,5
150,6,7,6,1,7
151,6,8,6,1,8
152,6,9,6,1,9
153,6,10,6,1,10
154,6,11,6,1,11
155,6,12,6,1,12
156,6,13,6,1,13
157,6,14,6,1,14
158,6,15,6,1,15
159,6,16,6,1,16
160,6,17,6,1,17
161,6,18,6,1,18
162,6,19,6,1,19
163,6,20,6,1,20
164,6,21,6,1,21
165,6,22,6,1,22
166,6,23,6,1,23
167,6,24,6,1,24
168,7,0,7,1,0
169,7,1,7,1
170,7,2,7,1,2
171,7,3,7,3
172,7,4,7,4
173,7,5,7,1,5
174,7,6,7,3,6
175,7,8,7,3,8
176,7,9,7,1,9
177,7,10,7,1,9
178,7,11,7,3,11
179,7,12,7,4,12
180,7,13,7,4,13
181,7,14,7,4,14
182,7,15,7,4,15
183,7,16,7,4,16
184,7,17,7,1,17
185,7,18,7,1,18
186,7,19,7,1,19
187,7,20,7,1,20
188,7,21,7,1,21
189,7,22,7,1,22
190,7,23,7,1,23
191,7,24,7,1,24
192,8,0,8,1,0
193,8,1,8,1
194,8,2,8,1,2
195,8,3,8,3
196,8,4,8,1,4
197,8,5,8,1,5
198,8,6,8,1,6
199,8,7,8,1,7
200,8,9,8,1,9
201,8,10,8,21,23,10
202,8,11,8,1,11
203,8,12,8,3,12
204,8,13,8,21,13
205,8,14,8,21,14
206,8,15,8,21,13,15
207,8,16,8,3,16
208,8,17,8,21,17
209,8,18,8,21,18
210,8,19,8,21,19
211,8,20,8,1,20
212,8,21,8,21
213,8,22,8,1,22
214,8,23,8,21,23
215,8,24,8,21,13,24
216,9,0,9,1,0
217,9,1,9,1
218,9,2,9,1,2
219,9,3,9,1,3
220,9,4,9,1,4
221,9,5,9,1,5
222,9,6,9,1,6
223,9,7,9,1,7
224,9,8,9,1,8
225,9,10,9,1,10
226,9,11,9,1,11
227,9,12,9,1,12
228,9,13,9,1,13
229,9,14,9,1,14
230,9,15,9,1,15
231,9,16,9,1,16
232,9,17,9,1,17
233,9,18,9,1,18
234,9,19,9,1,19
235,9,20,9,1,20
236,9,21,9,1,21
237,9,22,9,1,22
238,9,23,9,1,23
239,9,24,9,1,24
240,10,0,10,1,0
241,10,1,10,1
242,10,2,10,1,2
243,10,3,10,1,3
244,10,4,10,1,4
245,10,5,10,23,13,5
246,10,6,10,23,13,6
247,10,7,10,1,7
248,10,8,10,23,21,8
249,10,9,10,1,9
250,10,11,10,1,11
251,10,12,10,1,12
252,10,13,10,23,13
253,10,14,10,23,21,14
254,10,15,10,23,15
255,10,16,10,1,16
256,10,17,10,23,17
257,10,18,10,23,18
258,10,19,10,23,21,19
259,10,20,10,23,13,20
260,10,21,10,23,21
261,10,22,10,23,22
262,10,23,10,23
263,10,24,10,23,24
264,11,0,11,1,0
265,11,1,11,1
266,11,2,11,1,2
267,11,3,11,1,3
268,11,4,11,1,4
269,11,5,11,1,5
270,11,6,11,1,6
271,11,7,11,1,7
272,11,8,11,1,8
273,11,9,11,1,9
274,11,10,11,13,10
275,11,12,11,1,12
276,11,13,11,13
277,11,14,11,1,14
278,11,15,11,13,15
279,11,16,11,1,16
280,11,17,11,13,17
281,11,18,11,13,18
282,11,19,11,1,19
283,11,20,11,1,20
284,11,21,11,1,21
285,11,22,11,1,22
286,11,23,11,13,23
287,11,24,11,13,24
288,12,0,12,1,0
289,12,1,12,1
290,12,2,12,1,2
291,12,3,12,3
292,12,4,12,3,4
293,12,5,12,1,5
294,12,6,12,1,6
295,12,7,12,1,7
296,12,8,12,3,8
297,12,9,12,1,9
298,12,10,12,1,10
299,12,11,12,1,11
300,12,13,12,3,13
301,12,14,12,3,14
302,12,15,12,1,15
303,12,16,12,3,16
304,12,17,12,1,17
305,12,18,12,1,18
306,12,19,12,3,19
307,12,20,12,1,20
308,12,21,12,3,21
309,12,22,12,3,22
310,12,23,12,1,23
311,12,24,12,1,24
312,13,0,13,1,0
313,13,1,13,1
314,13,2,13,1,2
315,13,3,13,3
316,13,4,13,4
317,13,5,13,5
318,13,6,13,6
319,13,7,13,1,7
320,13,8,13,21,8
321,13,9,13,1,9
322,13,10,13,10
323,13,11,13,11
324,13,12,13,3,12
325,13,14,13,21,14
326,13,15,13,15
327,13,16,13,1,16
328,13,17,13,17
329,13,18,13,18
330,13,19,13,21,19
331,13,20,13,20
332,13,21,13,21
333,13,22,13,22
334,13,23,13,23
335,13,24,13,24
336,14,0,14,1,0
337,14,1,14,1
338,14,2,14,1,2
339,14,3,14,3
340,14,4,14,3,4
341,14,5,14,1,5
342,14,6,14,1,6
343,14,7,14,1,7
344,14,8,14,3,8
345,14,9,14,1,9
346,14,10,14,21,23,10
347,14,11,14,1,11
348,14,12,14,3,12
349,14,13,14,21,13
350,14,15,14,21,13,15
351,14,16,14,3,16
352,14,17,14,21,17
353,14,18,14,21,18
354,14,19,14,1,19
355,14,20,14,1,20
356,14,21,14,21
357,14,22,14,1,22
358,14,23,14,21,23
359,14,24,14,21,13,24
360,15,0,15,1,0
361,15,1,15,1
362,15,2,15,1,2
363,15,3,15,13,3
364,15,4,15,1,4
365,15,5,15,13,5
366,15,6,15,13,6
367,15,7,15,1,7
368,15,8,15,21,8
369,15,9,15,1,9
370,15,10,15,10
371,15,11,15,1,11
372,15,12,15,1,12
373,15,13,15,13
374,15,14,15,21,14
375,15,16,15,1,16
376,15,17,15,17
377,15,18,15,18
378,15,19,15,21,19
379,15,20,15,13,20
380,15,21,15,21
381,15,22,15,13,22
382,15,23,15,23
383,15,24,15,24
384,16,0,16,1,0
385,16,1,16,1
386,16,2,16,1,2
387,16,3,16,3
388,16,4,16,3,4
389,16,5,16,1,5
390,16,6,16,1,6
391,16,7,16,1,7
392,16,8,16,3,8
393,16,9,16,1,9
394,16,10,16,13,10
395,16,11,16,1,11
396,16,12,16,3,12
397,16,13,16,13
398,16,14,16,3,14
399,16,15,16,13,15
400,16,17,16,13,17
401,16,18,16,13,18
402,16,19,16,3,19
403,16,20,16,1,20
404,16,21,16,21
405,16,22,16,3,22
406,16,23,16,13,23
407,16,24,16,13,24
408,17,0,17,1,0
409,17,1,17,1
410,17,2,17,1,2
411,17,3,17,13,3
412,17,4,17,1,4
413,17,5,17,13,5
414,17,6,17,13,6
415,17,7,17,1,7
416,17,8,17,21,8
417,17,9,17,1,9
418,17,10,17,13,10
419,17,11,17,1,11
420,17,12,17,1,12
421,17,13,17,13
422,17,14,17,21,14
423,17,15,17,13,15
424,17,16,17,1,16
425,17,18,17,18
426,17,19,17,21,19
427,17,20,17,13,20
428,17,21,17,21
429,17,22,17,13,22
430,17,23,17,13,23
431,17,24,17,13,24
432,18,0,18,1,0
433,18,1,18,1
434,18,2,18,1,2
435,18,3,18,13,3
436,18,4,18,1,4
437,18,5,18,13,5
438,18,6,18,13,6
439,18,7,18,1,7
440,18,8,18,21,8
441,18,9,18,13,1,9
442,18,10,18,10
443,18,11,18,1,11
444,18,12,18,1,12
445,18,13,18,13
446,18,14,18,21,14
447,18,15,18,15
448,18,16,18,1,16
449,18,17,18,17
450,18,19,18,21,19
451,18,20,18,13,20
452,18,21,18,21
453,18,22,18,13,22
454,18,23,18,23
455,18,24,18,24
456,19,0,19,1,0
457,19,1,19,1
458,19,2,19,1,2
459,19,3,19,3
460,19,4,19,3,4
461,19,5,19,1,5
462,19,6,19,1,6
463,19,7,19,1,7
464,19,8,19,21,8
465,19,9,19,1,9
466,19,10,19,1,10
467,19,11,19,1,11
468,19,12,19,3,12
469,19,13,19,21,13
470,19,14,19,1,14
471,19,15,19,21,13,15
472,19,16,19,3,16
473,19,17,19,21,17
474,19,18,19,21,18
475,19,20,19,1,20
476,19,21,19,21
477,19,22,19,1,22
478,19,23,19,21,23
479,19,24,19,21,13,24
480,20,0,20,1,0
481,20,1,20,1
482,20,2,20,1,2
483,20,3,20,1,3
484,20,4,20,1,4
485,20,5,20,1,5
486,20,6,20,1,6
487,20,7,20,1,7
488,20,8,20,1,8
489,20,9,20,1,9
490,20,10,20,13,10
491,20,11,20,1,11
492,20,12,20,1,12
493,20,13,20,13
494,20,14,20,1,14
495,20,15,20,13,15
496,20,16,20,1,16
497,20,17,20,13,17
498,20,18,20,13,18
499,20,19,20,1,19
500,20,21,20,1,21
501,20,22,20,13,22
502,20,23,20,13,23
503,20,24,20,13,24
504,21,0,21,1,0
505,21,1,21,1
506,21,2,21,1,2
507,21,3,21,3
508,21,4,21,1,4
509,21,5,21,13,5
510,21,6,21,13,6
511,21,7,21,1,7
512,21,8,21,8
513,21,9,21,1,9
514,21,10,21,23,10
515,21,11,21,1,11
516,21,12,21,3,12
517,21,13,21,13
518,21,14,21,14
519,21,15,21,13,15
520,21,16,21,3,16
521,21,17,21,17
522,21,18,21,18
523,21,19,21,19
524,21,20,21,1,20
525,21,22,21,1,22
526,21,23,21,23
527,21,24,21,13,24
528,22,0,22,1,0
529,22,1,22,1
530,22,2,22,1,2
531,22,3,22,3
532,22,4,22,1,4
533,22,5,22,13,5
534,22,6,22,1,6
535,22,7,22,1,7
536,22,8,22,1,8
537,22,9,22,1,9
538,22,10,22,13,10
539,22,11,22,1,11
540,22,12,22,3,12
541,22,13,22,13
542,22,14,22,1,14
543,22,15,22,13,15
544,22,16,22,1,16
545,22,17,22,13,17
546,22,18,22,13,18
547,22,19,22,1,19
548,22,20,22,13,20
549,22,21,22,1,21
550,22,23,22,13,23
551,22,24,22,13,24
552,23,0,23,1,0
553,23,1,23,1
554,23,2,23,1,2
555,23,3,23,1,3
556,23,4,23,1,4
557,23,5,23,13,5
558,23,6,23,13,6
559,23,7,23,1,7
560,23,8,23,21,8
561,23,9,23,1,9
562,23,10,23,10
563,23,11,23,1,11
564,23,12,23,1,12
565,23,13,23,13
566,23,14,23,21,14
567,23,15,23,15
568,23,16,23,1,16
569,23,17,23,17
570,23,18,23,18
571,23,19,23,21,19
572,23,20,23,13,20
573,23,21,23,21
574,23,22,23,22
575,23,24,23,24
576,24,0,24,1,0
577,24,1,24,1
578,24,2,24,1,2
579,24,3,24,13,3
580,24,4,24,1,4
581,24,5,24,13,5
582,24,6,24,13,6
583,24,7,24,1,7
584,24,8,24,18,21,8
585,24,9,24,13,1,9
586,24,10,24,23,10
587,24,11,24,13,11
588,24,12,24,1,12
589,24,13,24,13
590,24,14,24,18,21,14
591,24,15,24,15
592,24,16,24,1,16
593,24,17,24,13,17
594,24,18,24,18
595,24,19,24,18,21,19
596,24,20,24,13,20
597,24,21,24,18,21
598,24,22,24,13,22
599,24,23,24,23
COMMODITIES,650
Index,Origin,Destination,Demand/Size,Earliest available time,Latest delivery time
0,18,4,0.812788,90,149
1,21,11,0.0509874,42,97
2,14,24,0.0365042,90,155
3,1,20,0.286568,40,86
4,0,17,0.237173,42,99
5,23,3,0.731512,86,147
6,12,3,0.998065,184,225
7,10,22,0.0654449,186,239
8,11,10,0.285947,136,200
9,2,12,0.0516972,138,191
10,11,21,0.337923,86,141
11,15,4,0.203801,134,200
12,22,12,0.497435,42,95
13,17,24,0.611373,90,143
14,18,24,0.861515,182,225
15,8,4,0.00872604,234,285
16,10,15,0.751042,232,285
17,21,9,0.202146,90,149
18,15,3,0.401941,88,162
19,14,20,0.0978089,138,200
20,19,1,0.522173,186,235
21,0,12,0.274478,184,235
22,19,12,0.0379962,90,142
23,5,24,0.0679316,42,99
24,10,15,0.704393,90,143
25,18,4,0.811318,184,243
26,18,16,0.537643,186,247
27,11,15,0.892583,184,250
28,24,15,0.135044,90,130
29,3,23,0.416899,38,99
30,11,13,0.267163,230,282
31,13,22,0.942589,134,177
32,9,12,0.00454545,134,192
33,1,11,0.203158,136,180
34,15,12,0.83186,136,206
35,4,12,0.168718,90,139
36,24,19,0.870734,86,148
37,20,15,0.488709,134,190
38,24,16,0.0201587,40,108
39,14,10,0.186081,136,199
40,11,12,0.289329,134,188
41,21,11,0.0536345,232,287
42,8,2,0.0359992,86,138
43,15,21,0.0780965,230,286
44,12,3,0.457822,234,275
45,0,1,0.13804,136,177
46,3,19,0.529939,90,137
47,24,21,0.113504,42,96
48,23,3,0.828108,182,243
49,16,19,0.635384,186,238
50,19,5,0.457099,136,200
51,11,15,0.975078,138,204
52,19,4,0.0681004,40,95
53,14,5,0.394802,88,155
54,4,18,0.397331,136,196
55,14,1,0.719166,184,236
56,14,17,0.0777808,90,144
57,18,24,0.253586,136,179
58,2,22,0.204004,38,89
59,18,12,0.419377,42,105
60,21,20,0.00796366,42,99
61,23,22,0.0548891,184,231
62,1,10,0.65373,86,148
63,24,20,0.0671612,230,283
64,16,13,0.910832,234,287
65,6,16,0.406419,136,189
66,3,9,0.545383,40,96
67,9,3,0.697739,134,190
68,4,18,0.359916,184,244
69,19,2,0.0218138,42,98
70,21,3,0.246344,230,279
71,13,18,0.320328,136,179
72,20,0,0.0603934,136,187
73,15,13,0.511324,38,90
74,8,17,0.394874,134,183
75,13,1,0.381074,88,137
76,3,11,0.264729,230,282
77,1,4,0.991779,38,80
78,14,23,0.404609,42,99
79,19,13,0.522745,90,142
80,9,1,0.282049,38,86
81,19,9,0.213206,86,147
82,2,21,0.00544744,38,92
83,9,16,0.933982,138,194
84,1,0,0.936804,230,271
85,21,13,0.773417,136,180
86,18,17,0.849547,86,127
87,24,19,0.767421,42,104
88,21,15,0.0708332,40,98
89,0,17,0.209117,230,287
90,18,10,0.469686,186,232
91,24,16,0.0208957,86,154
92,14,16,0.0117332,138,190
93,3,8,0.708043,184,229
94,3,14,0.0327577,136,183
95,2,20,0.892138,232,285
96,21,3,0.331833,184,233
97,0,6,0.112924,40,90
98,19,18,0.95669,138,195
99,24,17,0.802302,134,187
100,14,12,0.171407,186,238
101,20,22,0.261808,40,89
102,22,6,0.340284,234,287
103,17,20,0.290632,40,88
104,3,15,0.219214,138,208
105,13,18,0.0918181,90,133
106,18,24,0.848036,88,131
107,11,15,0.0268638,86,152
108,23,1,0.0250498,234,287
109,13,4,0.0760568,234,282
110,17,21,0.278457,138,182
111,11,3,0.599794,186,238
112,15,22,0.618656,134,193
113,4,0,0.153169,88,135
114,23,8,0.130984,234,288
115,16,21,0.600318,42,87
116,24,5,0.0394313,88,145
117,8,23,0.253474,40,92
118,18,0,0.24307,88,146
119,20,3,0.401304,40,94
120,1,23,0.668142,182,236
121,20,10,0.490811,230,284
122,17,15,0.0760557,42,98
123,17,5,0.249899,182,234
124,19,3,0.483756,184,231
125,18,19,0.936357,232,287
126,19,13,0.518611,38,90
127,8,4,0.00884822,232,283
128,11,12,0.315468,38,92
129,8,1,0.360234,42,87
130,14,11,0.787417,86,146
131,3,18,0.52555,136,199
132,2,22,0.210487,136,187
133,4,17,0.00584352,182,240
134,18,6,0.831222,40,95
135,16,4,0.808636,86,135
136,19,1,0.252281,232,281
137,1,6,0.155599,38,83
138,22,0,0.178763,90,139
139,0,17,0.220634,88,145
140,11,12,0.429774,232,286
141,4,21,0.012455,38,91
142,14,4,0.222014,86,141
143,5,8,0.0511077,88,148
144,21,15,0.0708488,182,240
145,10,23,0.836942,86,128
146,17,2,0.0391562,42,99
147,0,16,0.746685,230,279
148,23,2,0.086938,42,102
149,23,10,0.116632,184,226
150,20,22,0.246544,134,183
151,12,1,0.00885874,232,278
152,15,5,0.482333,90,152
153,4,6,0.0623569,86,137
154,21,3,0.183575,136,185
155,23,2,0.0924617,138,198
156,13,15,0.217021,86,136
157,10,15,0.350386,136,189
158,17,5,0.212948,138,190
159,24,18,0.812247,86,129
160,21,13,0.864367,88,132
161,1,24,0.55695,136,196
162,4,21,0.0120098,234,287
163,24,22,0.638061,138,192
164,24,16,0.0191344,186,254
165,22,3,0.262308,234,282
166,23,17,0.991918,136,177
167,20,19,0.454561,42,101
168,15,0,0.443339,40,105
169,14,18,0.880431,38,97
170,4,10,0.0527026,88,156
171,4,0,0.145704,186,233
172,8,24,0.0294692,40,100
173,17,0,0.00892176,38,93
174,6,3,0.239665,138,191
175,23,8,0.0874336,232,286
176,3,11,0.286827,90,142
177,14,23,0.395153,134,191
178,23,21,0.884113,136,185
179,14,23,0.452882,86,143
180,2,1,0.372103,182,225
181,13,5,0.341246,136,182
182,3,8,0.160739,138,183
183,8,2,0.0354871,90,142
184,5,8,0.04729,40,100
185,0,23,0.991132,88,147
186,0,9,0.150264,234,287
187,13,24,0.240791,134,181
188,6,16,0.390385,182,235
189,0,23,0.0314503,42,101
190,23,21,0.0972597,234,283
191,23,15,0.0919451,86,133
192,4,17,0.00623983,38,96
193,1,21,0.855989,182,229
194,14,5,0.344902,186,253
195,2,14,0.755557,88,147
196,24,15,0.393597,184,224
197,9,12,0.00454545,38,96
198,11,24,0.0270736,138,201
199,8,4,0.00781764,42,93
200,24,6,0.375095,134,193
201,11,12,0.288398,88,142
202,10,22,0.0728829,88,141
203,22,23,0.62132,86,138
204,19,3,0.238905,186,233
205,20,3,0.352941,186,240
206,20,18,0.275144,230,279
207,22,10,0.0616274,40,95
208,14,16,0.0942964,136,188
209,12,2,0.141682,232,285
210,22,15,0.125745,40,97
211,8,17,0.352594,230,279
212,21,19,0.404264,234,278
213,12,11,0.184473,230,284
214,18,11,0.113632,138,199
215,10,15,0.746352,86,139
216,13,6,0.939468,234,282
217,19,13,0.520454,186,238
218,13,2,0.312033,186,242
219,8,3,0.998,40,85
220,14,8,0.395449,134,190
221,22,6,0.334179,136,189
222,20,3,0.354038,182,236
223,4,12,0.167253,42,91
224,14,13,0.894598,182,236
225,13,18,0.248814,184,227
226,3,16,0.742004,186,227
227,24,11,0.646915,134,198
228,22,6,0.287906,38,91
229,1,3,0.117015,42,86
230,3,13,0.335546,86,142
231,16,14,0.00148367,182,234
232,13,5,0.314967,230,276
233,23,1,0.981077,88,141
234,13,16,0.082027,38,95
235,14,23,0.40106,136,193
236,5,15,0.487762,186,246
237,17,5,0.252876,88,140
238,13,20,0.212647,40,82
239,24,10,0.0738356,42,93
240,15,18,0.725871,234,280
241,6,16,0.397142,90,143
242,10,2,0.0199238,42,108
243,18,24,0.78179,232,275
244,11,21,0.330422,232,287
245,13,4,0.0857266,42,90
246,22,9,0.188403,186,242
247,24,14,0.165962,38,102
248,11,21,0.33067,230,285
249,23,24,0.0892988,40,85
250,18,23,0.977785,40,80
251,12,22,0.233168,186,240
252,10,1,0.868736,90,149
253,14,17,0.0918365,88,142
254,24,17,0.806017,90,143
255,18,10,0.853758,182,228
256,5,24,0.0587252,184,241
257,21,11,0.0566711,134,189
258,15,4,0.217912,182,248
259,12,13,0.184381,90,151
260,13,8,0.791734,86,135
261,19,22,0.374022,42,99
262,24,13,0.986212,232,279
263,11,21,0.300788,182,237
264,15,14,0.502432,40,106
265,0,12,0.263267,88,139
266,5,1,0.994154,234,285
267,10,23,0.0945155,186,228
268,16,18,0.179743,138,198
269,4,17,0.00570459,186,244
270,8,19,0.0891777,42,91
271,1,9,0.813619,134,182
272,15,18,0.00511148,136,182
273,20,2,0.237464,88,141
274,0,8,0.415412,234,284
275,8,24,0.0296176,182,242
276,22,4,0.0343313,38,88
277,9,3,0.582245,90,146
278,3,0,0.31789,42,91
279,16,22,0.343298,182,236
280,2,20,0.00578667,234,287
281,23,2,0.0964153,186,246
282,13,0,0.562419,136,190
283,1,15,0.256627,88,148
284,19,23,0.90432,138,193
285,19,4,0.0624257,232,287
286,12,14,0.0411899,134,186
287,24,16,0.0220273,136,204
288,1,11,0.364484,90,134
289,11,15,0.0899584,182,248
290,23,24,0.141198,182,227
291,19,9,0.201165,40,101
292,15,10,0.182296,230,273
293,18,6,0.734333,138,193
294,17,21,0.287729,134,178
295,9,1,0.660665,234,282
296,10,22,0.0688694,230,283
297,17,0,0.00853034,232,287
298,14,10,0.167132,42,105
299,13,21,0.52421,184,228
300,0,8,0.403418,232,282
301,12,15,0.40512,88,158
302,0,2,0.0947795,134,182
303,5,14,0.259461,182,249
304,4,15,0.25835,184,250
305,4,18,0.379768,186,246
306,11,3,0.723924,86,138
307,12,3,0.523624,90,131
308,8,12,0.219,90,140
309,19,12,0.0374817,136,188
310,12,1,0.771049,184,230
311,0,18,0.9158,38,97
312,2,3,0.340515,42,93
313,4,0,0.139554,234,281
314,11,4,0.205246,184,234
315,14,21,0.777367,234,280
316,18,20,0.251805,42,91
317,19,22,0.433254,86,143
318,12,22,0.231617,136,190
319,2,19,0.290778,230,286
320,0,20,0.804458,182,233
321,11,15,0.467192,134,200
322,13,3,0.17401,136,194
323,19,4,0.0606614,184,239
324,16,19,0.682803,232,284
325,20,23,0.102222,38,89
326,3,13,0.318412,90,146
327,3,10,0.0961913,90,158
328,22,13,0.81217,42,85
329,22,17,0.337365,88,137
330,18,5,0.0141654,90,143
331,8,12,0.250639,136,186
332,21,9,0.218633,184,243
333,19,4,0.0700178,138,193
334,16,6,0.0999568,184,237
335,23,10,0.673593,234,276
336,16,20,0.234988,138,192
337,4,21,0.0127723,90,143
338,10,2,0.0208352,38,104
339,20,23,0.0905877,86,137
340,5,19,0.13779,88,150
341,3,23,0.340464,182,243
342,19,1,0.828615,86,135
343,19,4,0.0648972,38,93
344,15,10,0.152465,184,227
345,17,16,0.0669904,182,240
346,14,4,0.22379,182,237
347,14,6,0.154349,138,199
348,1,9,0.0716841,182,230
349,22,5,0.450872,230,283
350,17,11,0.1085,186,244
351,22,12,0.526354,90,143
352,0,16,0.739558,136,185
353,22,17,0.285691,184,233
354,20,15,0.414892,136,192
355,16,21,0.693994,230,275
356,6,3,0.251603,42,95
357,5,12,0.0160441,186,247
358,19,4,0.0607565,134,189
359,21,13,0.895016,40,84
360,1,9,0.319935,184,232
361,13,22,0.0055449,186,229
362,13,16,0.0787164,134,191
363,14,13,0.769588,232,286
364,1,6,0.746361,88,133
365,17,18,0.292509,182,223
366,14,13,0.854739,230,284
367,15,2,0.0126559,90,157
368,18,23,0.049686,88,128
369,4,10,0.050345,182,250
370,1,4,0.408744,40,82
371,10,23,0.451592,184,226
372,3,11,0.396278,134,186
373,24,13,0.863873,88,135
374,13,15,0.143668,136,186
375,19,23,0.592735,232,287
376,10,11,0.0486148,88,155
377,20,23,0.101572,234,285
378,12,13,0.171879,136,197
379,23,15,0.26683,186,233
380,14,22,0.752196,136,196
381,13,23,0.895552,136,181
382,21,14,0.00909776,230,276
383,11,3,0.589958,182,234
384,0,16,0.716199,88,137
385,20,18,0.32188,134,183
386,16,22,0.187727,86,140
387,16,14,0.963357,40,92
388,1,15,0.630647,186,246
389,10,15,0.195988,184,237
390,24,21,0.112663,38,92
391,3,17,0.128037,186,248
392,24,15,0.25233,136,176
393,24,20,0.15926,40,93
394,11,3,0.836536,90,142
395,13,21,0.177341,134,178
396,22,9,0.202107,86,142
397,19,18,0.1262,134,191
398,23,11,0.24092,186,247
399,16,2,0.284352,232,283
400,17,5,0.241425,86,138
401,15,24,0.303215,138,178
402,18,23,0.379411,138,178
403,15,18,0.536402,134,180
404,1,24,0.578631,86,146
405,21,17,0.372892,232,276
406,22,1,0.916299,134,178
407,3,16,0.849435,234,275
408,24,15,0.305195,186,226
409,9,1,0.598742,230,278
410,1,9,0.764577,42,90
411,17,13,0.442507,230,272
412,18,5,0.132349,40,93
413,10,23,0.607685,40,82
414,20,3,0.425493,42,96
415,10,23,0.788992,42,84
416,16,14,0.112918,234,286
417,1,22,0.632575,134,178
418,3,11,0.642916,38,90
419,17,20,0.275296,134,182
420,1,5,0.101049,182,233
421,10,8,0.292358,184,244
422,3,16,0.639604,134,175
423,8,18,0.17296,232,286
424,2,1,0.758908,42,85
425,20,22,0.227187,86,135
426,1,3,0.790452,136,180
427,19,22,0.305849,40,97
428,5,14,0.249631,38,105
429,1,3,0.755818,230,274
430,16,6,0.105647,38,91
431,21,3,0.186432,134,183
432,15,13,0.904415,134,186
433,10,22,0.0664939,184,237
434,17,9,0.309266,138,200
435,22,2,0.634996,134,185
436,22,4,0.0318754,186,236
437,0,13,0.374337,232,287
438,3,5,0.806491,38,97
439,2,14,0.752879,90,149
440,14,4,0.215519,232,287
441,22,18,0.84152,184,234
442,5,15,0.463896,40,100
443,24,8,0.0553304,42,101
444,23,11,0.0545709,90,151
445,15,4,0.220322,86,152
446,0,13,0.391199,90,145
447,20,19,0.463514,88,147
448,15,22,0.628956,88,147
449,13,6,0.942401,90,138
450,16,15,0.553773,88,155
451,19,3,0.00610723,230,277
452,13,6,0.885054,40,88
453,18,3,0.773988,182,247
454,14,17,0.0771798,138,192
455,18,6,0.872433,230,285
456,19,5,0.47102,134,198
457,12,14,0.0378957,42,94
458,0,19,0.270931,232,286
459,22,3,0.113997,42,90
460,16,21,0.674495,234,279
461,10,24,0.901573,136,187
462,17,16,0.0761393,138,196
463,15,18,0.510686,86,132
464,17,24,0.648434,88,141
465,18,16,0.514001,134,195
466,3,8,0.181578,134,179
467,12,15,0.474867,90,160
468,10,20,0.0887859,186,243
469,14,4,0.227268,138,193
470,16,12,0.183504,42,88
471,15,20,0.0311842,90,148
472,21,18,0.216716,38,87
473,17,9,0.352182,88,150
474,6,3,0.24336,90,143
475,15,20,0.115896,136,194
476,17,19,0.649214,232,284
477,0,19,0.267245,234,288
478,22,4,0.0328443,90,140
479,2,8,0.507404,88,140
480,8,23,0.248912,230,282
481,23,15,0.836173,136,183
482,21,19,0.388777,86,130
483,6,22,0.0285797,88,141
484,14,11,0.7903,88,148
485,6,16,0.426253,232,285
486,10,11,0.0449347,182,249
487,10,20,0.0983303,40,97
488,14,16,0.991688,90,142
489,4,0,0.13938,42,89
490,2,8,0.528361,234,286
491,10,9,0.335715,90,161
492,9,1,0.761428,40,88
493,22,11,0.409897,88,140
494,23,2,0.0882345,86,146
495,13,4,0.0844991,86,134
496,4,24,0.31151,134,200
497,4,21,0.0120789,182,235
498,8,16,0.0107543,88,138
499,5,3,0.645867,38,97
500,16,21,0.682993,186,231
501,6,3,0.257578,40,93
502,20,10,0.436251,136,190
503,15,6,0.190255,184,248
504,22,12,0.43305,182,235
505,23,21,0.961111,88,137
506,13,24,0.426268,88,135
507,15,2,0.0123179,38,105
508,9,3,0.472605,136,192
509,17,16,0.0680523,38,96
510,23,10,0.914279,230,272
511,0,5,0.214886,232,288
512,6,16,0.354902,134,187
513,8,4,0.00875493,138,189
514,4,19,0.00776877,184,239
515,13,1,0.442931,182,231
516,18,17,0.985468,38,79
517,15,14,0.306328,86,152
518,24,12,0.043117,136,206
519,18,4,0.753718,88,147
520,0,18,0.838264,88,147
521,19,17,0.292454,38,90
522,10,20,0.0892723,182,239
523,23,1,0.352551,134,187
524,15,17,0.00768602,86,134
525,10,24,0.833921,186,237
526,2,15,0.351594,86,153
527,13,12,0.117927,182,245
528,4,10,0.0595512,184,252
529,16,2,0.335941,90,141
530,9,16,0.99652,182,238
531,16,2,0.32411,86,137
532,16,15,0.522504,186,253
533,12,11,0.209346,90,144
534,5,22,0.297237,136,195
535,0,19,0.245424,182,236
536,17,18,0.269242,38,79
537,2,3,0.351824,40,91
538,3,14,0.253411,230,277
539,17,21,0.332678,186,230
540,18,12,0.428384,138,201
541,24,21,0.115807,234,288
542,15,19,0.783042,134,198
543,17,24,0.675764,184,237
544,23,2,0.101824,90,150
545,12,17,0.00639402,40,102
546,1,21,0.544927,90,137
547,15,12,0.922614,38,108
548,19,8,0.437496,86,135
549,15,2,0.0117817,186,253
550,21,19,0.364218,186,230
551,11,15,0.385871,90,156
552,24,19,0.77635,88,150
553,2,22,0.216589,88,139
554,15,2,0.0121905,86,153
555,19,3,0.882669,42,89
556,17,21,0.332187,42,86
557,23,15,0.504945,138,185
558,24,15,0.924845,232,272
559,18,24,0.00491732,230,273
560,21,3,0.130818,86,135
561,0,3,0.366902,186,235
562,2,13,0.117979,42,99
563,10,16,0.106056,138,205
564,0,20,0.787205,230,281
565,4,17,0.00575564,40,98
566,24,6,0.433818,136,195
567,4,13,0.339054,182,238
568,16,13,0.0364106,136,189
569,0,8,0.395205,182,232
570,9,1,0.717847,138,186
571,3,13,0.532772,138,194
572,2,8,0.463717,138,190
573,2,17,0.109359,42,101
574,23,6,0.720531,38,95
575,3,21,0.289689,138,188
576,13,23,0.35814,232,277
577,20,18,0.323319,186,235
578,13,22,0.241795,138,181
579,20,16,0.0140856,232,286
580,16,10,0.0291661,134,199
581,19,1,0.029152,42,91
582,24,11,0.680286,88,152
583,19,1,0.113769,134,183
584,24,20,0.116755,90,143
585,5,23,0.779915,90,145
586,16,6,0.111336,134,187
587,1,9,0.411093,88,136
588,19,22,0.417757,136,193
589,9,3,0.501316,182,238
590,10,22,0.060804,90,143
591,20,16,0.0147082,182,236
592,22,9,0.199409,42,98
593,14,4,0.257759,230,285
594,18,23,0.776061,42,82
595,3,0,0.469315,184,233
596,0,22,0.228917,230,279
597,14,5,0.389819,86,153
598,3,14,0.886525,134,181
599,4,17,0.00564656,184,242
600,6,18,0.0326089,90,153
601,0,5,0.19293,138,194
602,0,14,0.308919,230,287
603,1,15,0.101046,86,146
604,23,10,0.918951,86,128
605,1,0,0.960978,90,131
606,21,9,0.202671,136,195
607,22,1,0.938249,232,276
608,14,23,0.37523,90,147
609,14,13,0.999289,136,190
610,19,3,0.019189,234,281
611,15,21,0.130256,86,142
612,0,23,0.0506603,182,241
613,17,13,0.0794416,88,130
614,22,6,0.331669,138,191
615,12,19,0.0421157,182,234
616,14,9,0.477392,42,106
617,4,15,0.231332,136,202
618,2,12,0.0567642,230,283
619,0,21,0.406355,230,282
620,0,22,0.236496,42,91
621,1,16,0.182733,86,130
622,15,18,0.52471,186,232
623,4,24,0.284258,184,250
624,14,9,0.58328,40,104
625,11,24,0.0379019,184,247
626,16,6,0.119424,136,189
627,19,13,0.512104,230,282
628,15,5,0.473886,138,200
629,20,23,0.0943643,90,141
630,0,12,0.285106,136,187
631,1,21,0.479834,42,89
632,24,20,0.0494209,134,187
633,14,3,0.0350062,134,181
634,16,15,0.561456,38,105
635,17,1,0.234024,40,90
636,2,8,0.512282,136,188
637,23,8,0.846643,38,92
638,17,13,0.41976,234,276
639,5,17,0.401719,42,94
640,14,16,0.0299717,234,286
641,3,15,0.314693,186,256
642,5,19,0.124047,186,248
643,20,14,0.329543,138,200
644,16,22,0.327713,136,190
645,23,17,0.533697,234,275
646,11,1,0.810804,184,228
647,2,3,0.334355,38,89
648,11,21,0.330463,184,239
649,15,21,0.191547,40,96
