NODES,25
INDEX,Name,X-coordinate,Y-coordinate
0,0,-,-
1,1,-,-
2,2,-,-
3,3,-,-
4,4,-,-
5,5,-,-
6,6,-,-
7,7,-,-
8,8,-,-
9,9,-,-
10,10,-,-
11,11,-,-
12,12,-,-
13,13,-,-
14,14,-,-
15,15,-,-
16,16,-,-
17,17,-,-
18,18,-,-
19,19,-,-
20,20,-,-
21,21,-,-
22,22,-,-
23,23,-,-
24,24,-,-
ARCS,529
Index,Origin,Destination,Variable Cost,Fixed Cost,Capacity,Travel time
0,0,1,0,117.8,1,5
1,1,0,0,117.8,1,5
2,1,2,0,234.05,1,7
3,1,3,0,260.4,1,8
4,1,4,0,175.15,1,6
5,1,5,0,486.7,1,15
6,1,6,0,323.95,1,9
7,1,8,0,323.95,1,9
8,1,9,0,447.95,1,12
9,1,10,0,883.5,1,26
10,1,11,0,255.75,1,8
11,1,12,0,387.5,1,10
12,1,13,0,489.8,1,14
13,1,14,0,525.45,1,16
14,1,15,0,1002.85,1,24
15,1,16,0,252.65,1,8
16,1,17,0,545.6,1,16
17,1,18,0,680.45,1,18
18,1,19,0,503.75,1,13
19,1,20,0,358.05,1,10
20,1,21,0,409.2,1,11
21,1,22,0,266.6,1,8
22,1,23,0,699.05,1,18
23,1,24,0,903.65,1,24
24,2,1,0,234.05,1,7
25,3,1,0,260.4,1,8
26,3,4,0,230.95,1,8
27,3,8,0,311.55,1,9
28,3,12,0,144.15,1,5
29,3,13,0,661.85,1,20
30,3,14,0,418.5,1,11
31,3,16,0,151.9,1,5
32,3,19,0,396.8,1,11
33,3,21,0,469.65,1,14
34,3,22,0,429.35,1,13
35,4,1,0,175.15,1,6
36,4,3,0,230.95,1,8
37,5,1,0,486.7,1,15
38,5,13,0,367.35,1,10
39,6,1,0,323.95,1,9
40,6,13,0,430.9,1,11
41,7,1,0,103.85,1,4
42,8,1,0,323.95,1,9
43,8,3,0,311.55,1,9
44,8,13,0,415.4,1,11
45,8,16,0,161.2,1,6
46,8,21,0,158.1,1,5
47,9,1,0,447.95,1,12
48,10,1,0,891.25,1,23
49,10,23,0,192.2,1,6
50,11,1,0,255.75,1,8
51,11,13,0,592.1,1,16
52,12,1,0,387.5,1,10
53,12,3,0,144.15,1,5
54,13,1,0,489.8,1,13
55,13,3,0,669.6,1,22
56,13,5,0,367.35,1,10
57,13,6,0,430.9,1,12
58,13,10,0,483.6,1,12
59,13,11,0,596.75,1,17
60,13,15,0,553.35,1,14
61,13,17,0,176.7,1,6
62,13,18,0,248,1,7
63,13,19,0,573.5,1,16
64,13,20,0,198.4,1,6
65,13,21,0,275.9,1,8
66,13,22,0,232.5,1,7
67,13,23,0,323.95,1,9
68,13,24,0,449.5,1,11
69,14,1,0,525.45,1,16
70,14,3,0,418.5,1,11
71,14,19,0,111.6,1,4
72,14,21,0,384.4,1,10
73,15,1,0,1002.85,1,24
74,15,13,0,553.35,1,16
75,15,18,0,350.3,1,10
76,15,21,0,747.1,1,20
77,15,23,0,412.3,1,11
78,16,1,0,252.65,1,8
79,16,3,0,151.9,1,5
80,16,8,0,161.2,1,6
81,16,13,0,581.25,1,17
82,16,21,0,305.35,1,9
83,17,1,0,544.05,1,14
84,17,13,0,176.7,1,6
85,17,18,0,127.1,1,5
86,17,21,0,292.95,1,8
87,18,1,0,666.5,1,17
88,18,10,0,308.45,1,10
89,18,13,0,248,1,7
90,18,15,0,350.3,1,10
91,18,17,0,127.1,1,5
92,18,19,0,719.2,1,19
93,18,21,0,421.6,1,11
94,18,22,0,421.6,1,13
95,18,23,0,116.25,1,4
96,18,24,0,237.15,1,7
97,19,1,0,503.75,1,13
98,19,3,0,396.8,1,11
99,19,8,0,240.25,1,7
100,19,14,0,111.6,1,4
101,19,21,0,297.6,1,8
102,20,1,0,358.05,1,10
103,20,13,0,198.4,1,6
104,20,23,0,522.35,1,15
105,21,1,0,409.2,1,11
106,21,3,0,458.8,1,13
107,21,8,0,158.1,1,5
108,21,13,0,275.9,1,8
109,21,14,0,384.4,1,10
110,21,15,0,829.25,1,22
111,21,17,0,292.95,1,8
112,21,18,0,420.05,1,13
113,21,19,0,297.6,1,8
114,21,23,0,440.2,1,11
115,22,1,0,266.6,1,8
116,22,3,0,429.35,1,12
117,22,13,0,232.5,1,7
118,23,1,0,699.05,1,17
119,23,10,0,192.2,1,6
120,23,13,0,323.95,1,9
121,23,15,0,412.3,1,11
122,23,17,0,153.45,1,5
123,23,18,0,116.25,1,4
124,23,21,0,446.4,1,13
125,23,24,0,305.35,1,9
126,24,1,0,903.65,1,24
127,24,13,0,449.5,1,11
128,24,18,0,237.15,1,7
129,24,23,0,305.35,1,9
130,0,2,0,161.2,1,6
131,0,3,0,353.4,1,10
132,0,4,0,285.2,1,9
133,0,5,0,474.3,1,13
134,0,6,0,246.45,1,8
135,0,8,0,427.8,1,12
136,0,9,0,379.75,1,11
137,0,10,0,931.55,1,25
138,0,11,0,158.1,1,5
139,0,12,0,401.45,1,11
140,0,14,0,632.4,1,17
141,0,15,0,1063.3,1,28
142,0,16,0,367.35,1,11
143,0,17,0,596.75,1,16
144,0,18,0,717.65,1,19
145,0,19,0,615.35,1,17
146,0,20,0,361.15,1,10
147,0,21,0,444.85,1,13
148,0,22,0,297.6,1,9
149,0,23,0,739.35,1,20
150,0,24,0,957.9,1,25
151,1,7,0,103.85,1,4
152,2,0,0,161.2,1,6
153,2,3,0,480.5,1,13
154,2,4,0,409.2,1,12
155,2,5,0,257.3,1,8
156,2,6,0,110.05,1,4
157,2,8,0,412.3,1,12
158,2,9,0,229.4,1,7
159,2,10,0,872.65,1,23
160,2,11,0,182.9,1,6
161,2,12,0,582.8,1,16
162,2,13,0,390.6,1,11
163,2,14,0,790.5,1,21
164,2,15,0,940.85,1,25
165,2,16,0,475.85,1,13
166,2,17,0,568.85,1,16
167,2,18,0,638.6,1,17
168,2,19,0,643.25,1,17
169,2,20,0,207.7,1,7
170,2,21,0,424.7,1,12
171,2,22,0,308.45,1,9
172,2,23,0,716.1,1,19
173,2,24,0,847.85,1,23
174,3,0,0,353.4,1,10
175,3,2,0,480.5,1,13
176,3,6,0,554.9,1,15
177,3,9,0,685.1,1,18
178,3,10,0,995.1,1,26
179,3,11,0,477.4,1,13
180,3,15,0,1224.5,1,32
181,3,17,0,764.15,1,20
182,3,18,0,833.9,1,22
183,3,20,0,620,1,17
184,3,23,0,888.15,1,23
185,3,24,0,1108.25,1,29
186,4,0,0,285.2,1,9
187,4,2,0,409.2,1,12
188,4,6,0,494.45,1,14
189,4,7,0,75.95,1,3
190,4,8,0,142.6,1,5
191,4,9,0,624.65,1,17
192,4,10,0,838.55,1,22
193,4,11,0,406.1,1,12
194,4,12,0,331.7,1,9
195,4,13,0,427.8,1,12
196,4,14,0,410.75,1,12
197,4,15,0,970.3,1,26
198,4,16,0,147.25,1,5
199,4,17,0,503.75,1,14
200,4,18,0,624.65,1,17
201,4,19,0,390.6,1,11
202,4,20,0,413.85,1,12
203,4,21,0,263.5,1,8
204,4,22,0,204.6,1,7
205,4,23,0,646.35,1,18
206,4,24,0,861.8,1,23
207,5,0,0,474.3,1,13
208,5,2,0,257.3,1,8
209,5,6,0,161.2,1,5
210,5,9,0,198.4,1,6
211,5,11,0,320.85,1,9
212,5,18,0,660.3,1,16
213,5,20,0,178.25,1,6
214,5,23,0,720.75,1,19
215,6,0,0,246.45,1,8
216,6,2,0,110.05,1,4
217,6,3,0,554.9,1,15
218,6,4,0,494.45,1,14
219,6,5,0,161.2,1,5
220,6,8,0,637.05,1,17
221,6,9,0,141.05,1,5
222,6,10,0,939.3,1,25
223,6,11,0,165.85,1,5
224,6,12,0,623.1,1,17
225,6,14,0,840.1,1,22
226,6,15,0,982.7,1,26
227,6,16,0,576.6,1,16
228,6,17,0,615.35,1,17
229,6,18,0,685.1,1,18
230,6,19,0,824.6,1,22
231,6,20,0,243.35,1,7
232,6,21,0,593.65,1,16
233,6,22,0,446.4,1,13
234,6,23,0,761.05,1,20
235,6,24,0,877.3,1,23
236,7,3,0,246.45,1,8
237,7,4,0,75.95,1,3
238,8,0,0,427.8,1,12
239,8,2,0,412.3,1,12
240,8,4,0,142.6,1,5
241,8,6,0,637.05,1,17
242,8,9,0,767.25,1,21
243,8,10,0,714.55,1,19
244,8,11,0,545.6,1,15
245,8,12,0,460.35,1,13
246,8,14,0,328.6,1,10
247,8,15,0,883.5,1,23
248,8,17,0,427.8,1,12
249,8,18,0,542.5,1,15
250,8,19,0,240.25,1,7
251,8,20,0,444.85,1,13
252,8,22,0,203.05,1,7
253,8,23,0,536.3,1,15
254,8,24,0,801.35,1,21
255,9,0,0,379.75,1,11
256,9,2,0,229.4,1,7
257,9,3,0,685.1,1,18
258,9,4,0,624.65,1,17
259,9,5,0,198.4,1,6
260,9,6,0,141.05,1,5
261,9,8,0,767.25,1,21
262,9,10,0,1069.5,1,28
263,9,11,0,297.6,1,8
264,9,12,0,753.3,1,20
265,9,13,0,469.65,1,12
266,9,14,0,652.55,1,18
267,9,15,0,1112.9,1,29
268,9,16,0,706.8,1,19
269,9,17,0,646.35,1,18
270,9,18,0,711.45,1,18
271,9,19,0,954.8,1,25
272,9,20,0,279,1,8
273,9,21,0,723.85,1,19
274,9,22,0,576.6,1,16
275,9,23,0,891.25,1,24
276,9,24,0,1019.9,1,27
277,10,0,0,931.55,1,25
278,10,2,0,872.65,1,23
279,10,3,0,995.1,1,26
280,10,4,0,838.55,1,22
281,10,6,0,939.3,1,25
282,10,8,0,714.55,1,19
283,10,9,0,1069.5,1,28
284,10,11,0,1133.05,1,30
285,10,12,0,1086.55,1,28
286,10,13,0,483.6,1,12
287,10,14,0,970.3,1,26
288,10,15,0,224.75,1,7
289,10,16,0,872.65,1,23
290,10,17,0,334.8,1,9
291,10,18,0,306.9,1,9
292,10,19,0,909.85,1,24
293,10,20,0,714.55,1,19
294,10,21,0,623.1,1,16
295,10,22,0,623.1,1,17
296,10,24,0,286.75,1,8
297,11,0,0,158.1,1,5
298,11,2,0,182.9,1,6
299,11,3,0,477.4,1,13
300,11,4,0,406.1,1,12
301,11,5,0,320.85,1,9
302,11,6,0,165.85,1,5
303,11,8,0,545.6,1,15
304,11,9,0,297.6,1,9
305,11,10,0,1133.05,1,30
306,11,12,0,523.9,1,14
307,11,14,0,770.35,1,21
308,11,15,0,1112.9,1,29
309,11,16,0,488.25,1,14
310,11,17,0,798.25,1,21
311,11,18,0,832.35,1,21
312,11,19,0,748.65,1,20
313,11,20,0,406.1,1,11
314,11,21,0,649.45,1,18
315,11,22,0,499.1,1,14
316,11,23,0,852.5,1,23
317,11,24,0,1021.45,1,27
318,12,0,0,401.45,1,11
319,12,2,0,582.8,1,16
320,12,4,0,331.7,1,10
321,12,6,0,623.1,1,17
322,12,8,0,460.35,1,13
323,12,9,0,753.3,1,20
324,12,10,0,1086.55,1,28
325,12,11,0,523.9,1,14
326,12,13,0,776.55,1,20
327,12,14,0,550.25,1,15
328,12,15,0,1233.8,1,32
329,12,16,0,296.05,1,9
330,12,17,0,776.55,1,21
331,12,18,0,1038.5,1,27
332,12,19,0,523.9,1,14
333,12,20,0,637.05,1,17
334,12,21,0,554.9,1,15
335,12,22,0,556.45,1,15
336,12,23,0,919.15,1,24
337,12,24,0,1137.7,1,30
338,13,2,0,390.6,1,11
339,13,4,0,427.8,1,12
340,13,8,0,415.4,1,11
341,13,9,0,469.65,1,12
342,13,14,0,655.65,1,17
343,13,16,0,530.1,1,14
344,14,0,0,632.4,1,17
345,14,2,0,790.5,1,21
346,14,4,0,410.75,1,12
347,14,6,0,840.1,1,22
348,14,8,0,328.6,1,10
349,14,9,0,652.55,1,18
350,14,10,0,970.3,1,26
351,14,11,0,770.35,1,21
352,14,12,0,550.25,1,15
353,14,13,0,655.65,1,17
354,14,15,0,1106.7,1,28
355,14,16,0,272.8,1,8
356,14,17,0,671.15,1,18
357,14,18,0,798.25,1,20
358,14,20,0,852.5,1,23
359,14,22,0,527,1,15
360,14,23,0,818.4,1,20
361,14,24,0,995.1,1,26
362,15,0,0,1063.3,1,28
363,15,2,0,940.85,1,25
364,15,3,0,1224.5,1,32
365,15,4,0,970.3,1,26
366,15,6,0,982.7,1,26
367,15,8,0,883.5,1,23
368,15,9,0,1112.9,1,29
369,15,10,0,224.75,1,7
370,15,11,0,1112.9,1,29
371,15,12,0,1233.8,1,32
372,15,14,0,1106.7,1,28
373,15,16,0,1027.65,1,27
374,15,17,0,454.15,1,12
375,15,19,0,1023,1,27
376,15,20,0,757.95,1,19
377,15,22,0,733.15,1,19
378,15,24,0,110.05,1,4
379,16,0,0,367.35,1,11
380,16,2,0,475.85,1,13
381,16,4,0,147.25,1,5
382,16,6,0,576.6,1,16
383,16,7,0,155,1,5
384,16,9,0,706.8,1,19
385,16,10,0,872.65,1,23
386,16,11,0,488.25,1,14
387,16,12,0,296.05,1,8
388,16,14,0,272.8,1,8
389,16,15,0,1027.65,1,27
390,16,17,0,570.4,1,16
391,16,18,0,686.65,1,19
392,16,19,0,251.1,1,7
393,16,20,0,525.45,1,15
394,16,22,0,302.25,1,9
395,16,23,0,692.85,1,19
396,16,24,0,951.7,1,25
397,17,0,0,596.75,1,16
398,17,2,0,568.85,1,16
399,17,3,0,764.15,1,20
400,17,4,0,503.75,1,14
401,17,5,0,530.1,1,14
402,17,6,0,615.35,1,17
403,17,8,0,427.8,1,12
404,17,9,0,649.45,1,18
405,17,10,0,334.8,1,10
406,17,11,0,798.25,1,21
407,17,12,0,776.55,1,21
408,17,14,0,671.15,1,17
409,17,15,0,454.15,1,12
410,17,16,0,570.4,1,16
411,17,19,0,581.25,1,16
412,17,20,0,373.55,1,10
413,17,22,0,294.5,1,8
414,17,23,0,153.45,1,5
415,17,24,0,362.7,1,10
416,18,0,0,719.2,1,19
417,18,2,0,638.6,1,17
418,18,3,0,833.9,1,22
419,18,4,0,624.65,1,17
420,18,5,0,660.3,1,16
421,18,6,0,685.1,1,18
422,18,8,0,542.5,1,15
423,18,9,0,711.45,1,18
424,18,11,0,832.35,1,21
425,18,12,0,1038.5,1,27
426,18,14,0,798.25,1,21
427,18,16,0,686.65,1,19
428,18,20,0,438.65,1,12
429,19,0,0,615.35,1,17
430,19,2,0,643.25,1,17
431,19,4,0,390.6,1,11
432,19,6,0,824.6,1,22
433,19,9,0,954.8,1,25
434,19,10,0,909.85,1,24
435,19,11,0,748.65,1,20
436,19,12,0,523.9,1,14
437,19,13,0,565.75,1,14
438,19,15,0,1023,1,27
439,19,16,0,251.1,1,7
440,19,17,0,581.25,1,16
441,19,18,0,709.9,1,18
442,19,20,0,764.15,1,20
443,19,22,0,437.1,1,12
444,19,23,0,728.5,1,18
445,19,24,0,942.4,1,25
446,20,0,0,361.15,1,10
447,20,2,0,207.7,1,7
448,20,3,0,620,1,17
449,20,4,0,413.85,1,12
450,20,5,0,178.25,1,6
451,20,6,0,243.35,1,7
452,20,8,0,444.85,1,13
453,20,9,0,279,1,8
454,20,10,0,714.55,1,19
455,20,11,0,406.1,1,11
456,20,12,0,637.05,1,17
457,20,14,0,878.85,1,23
458,20,15,0,757.95,1,19
459,20,16,0,525.45,1,15
460,20,17,0,373.55,1,11
461,20,18,0,438.65,1,12
462,20,19,0,764.15,1,20
463,20,21,0,466.55,1,13
464,20,22,0,272.8,1,8
465,20,24,0,641.7,1,17
466,21,0,0,444.85,1,13
467,21,2,0,424.7,1,12
468,21,4,0,263.5,1,8
469,21,6,0,593.65,1,16
470,21,9,0,723.85,1,19
471,21,10,0,623.1,1,16
472,21,11,0,646.35,1,18
473,21,12,0,554.9,1,15
474,21,16,0,305.35,1,9
475,21,20,0,466.55,1,13
476,21,22,0,142.6,1,5
477,21,24,0,651,1,18
478,22,0,0,297.6,1,9
479,22,2,0,308.45,1,10
480,22,4,0,204.6,1,7
481,22,6,0,446.4,1,13
482,22,8,0,203.05,1,6
483,22,9,0,576.6,1,16
484,22,10,0,623.1,1,17
485,22,11,0,499.1,1,14
486,22,12,0,556.45,1,15
487,22,14,0,527,1,15
488,22,15,0,733.15,1,19
489,22,16,0,302.25,1,9
490,22,17,0,294.5,1,8
491,22,18,0,404.55,1,10
492,22,19,0,437.1,1,12
493,22,20,0,272.8,1,9
494,22,21,0,142.6,1,5
495,22,23,0,432.45,1,11
496,22,24,0,643.25,1,17
497,23,0,0,739.35,1,20
498,23,2,0,716.1,1,19
499,23,3,0,888.15,1,23
500,23,4,0,646.35,1,18
501,23,6,0,761.05,1,20
502,23,8,0,536.3,1,15
503,23,9,0,891.25,1,24
504,23,11,0,852.5,1,23
505,23,12,0,919.15,1,24
506,23,14,0,818.4,1,20
507,23,16,0,692.85,1,19
508,23,19,0,728.5,1,18
509,23,20,0,522.35,1,14
510,23,22,0,432.45,1,11
511,24,0,0,957.9,1,25
512,24,2,0,847.85,1,23
513,24,3,0,1108.25,1,29
514,24,4,0,861.8,1,23
515,24,6,0,877.3,1,23
516,24,8,0,801.35,1,21
517,24,9,0,1019.9,1,27
518,24,10,0,286.75,1,8
519,24,11,0,1021.45,1,27
520,24,12,0,1137.7,1,30
521,24,14,0,995.1,1,26
522,24,15,0,110.05,1,4
523,24,16,0,951.7,1,25
524,24,17,0,362.7,1,10
525,24,19,0,942.4,1,25
526,24,20,0,641.7,1,17
527,24,21,0,651,1,16
528,24,22,0,643.25,1,17
PATHS,600
Index,Shipment origin,Shipment destination,1st terminal on path,2nd terminal on path,.....,6th terminal on path
0,0,1,0,1
1,0,2,0,1,2
2,0,3,0,1,3
3,0,4,0,1,4
4,0,5,0,1,5
5,0,6,0,1,6
6,0,7,0,1,7
7,0,8,0,1,8
8,0,9,0,1,9
9,0,10,0,1,10
10,0,11,0,1,11
11,0,12,0,1,12
12,0,13,0,1,13
13,0,14,0,1,14
14,0,15,0,1,15
15,0,16,0,1,16
16,0,17,0,1,17
17,0,18,0,1,18
18,0,19,0,1,19
19,0,20,0,1,20
20,0,21,0,1,21
21,0,22,0,1,22
22,0,23,0,1,23
23,0,24,0,1,24
24,1,0,1,0
25,1,2,1,2
26,1,3,1,3
27,1,4,1,4
28,1,5,1,5
29,1,6,1,6
30,1,7,1,7
31,1,8,1,8
32,1,9,1,9
33,1,10,1,10
34,1,11,1,11
35,1,12,1,12
36,1,13,1,13
37,1,14,1,14
38,1,15,1,15
39,1,16,1,16
40,1,17,1,17
41,1,18,1,18
42,1,19,1,19
43,1,20,1,20
44,1,21,1,21
45,1,22,1,22
46,1,23,1,23
47,1,24,1,24
48,2,0,2,1,0
49,2,1,2,1
50,2,3,2,1,3
51,2,4,2,1,4
52,2,5,2,1,5
53,2,6,2,1,6
54,2,8,2,1,8
55,2,7,2,1,7
56,2,9,2,1,9
57,2,10,2,1,10
58,2,11,2,1,11
59,2,12,2,1,12
60,2,13,2,1,13
61,2,14,2,1,14
62,2,15,2,1,15
63,2,16,2,1,16
64,2,17,2,1,17
65,2,18,2,1,18
66,2,19,2,1,19
67,2,20,2,1,20
68,2,21,2,1,21
69,2,22,2,1,22
70,2,23,2,1,23
71,2,24,2,1,24
72,3,0,3,1,0
73,3,1,3,1
74,3,2,3,1,2
75,3,4,3,4
76,3,5,3,1,5
77,3,6,3,1,6
78,3,7,3,1,7
79,3,8,3,8
80,3,9,3,1,9
81,3,10,3,13,10
82,3,11,3,1,11
83,3,12,3,12
84,3,13,3,13
85,3,14,3,14
86,3,15,3,13,15
87,3,16,3,16
88,3,17,3,13,17
89,3,18,3,13,18
90,3,19,3,19
91,3,20,3,1,20
92,3,21,3,21
93,3,22,3,22
94,3,23,3,21,23
95,3,24,3,13,24
96,4,0,4,1,0
97,4,1,4,1
98,4,2,4,1,2
99,4,3,4,3
100,4,5,4,1,5
101,4,6,4,1,6
102,4,7,4,1,7
103,4,8,4,1,8
104,4,9,4,1,9
105,4,10,4,1,10
106,4,11,4,1,11
107,4,12,4,3,12
108,4,13,4,1,13
109,4,14,4,3,14
110,4,15,4,1,15
111,4,16,4,3,16
112,4,17,4,1,17
113,4,18,4,1,18
114,4,19,4,3,19
115,4,20,4,1,20
116,4,21,4,1,21
117,4,22,4,1,22
118,4,23,4,1,23
119,4,24,4,1,24
120,5,0,5,1,0
121,5,1,5,1
122,5,2,5,1,2
123,5,3,5,1,3
124,5,4,5,1,4
125,5,6,5,1,6
126,5,7,5,1,7
127,5,8,5,1,8
128,5,9,5,1,9
129,5,10,5,13,10
130,5,11,5,1,11
131,5,12,5,1,12
132,5,13,5,13
133,5,14,5,1,14
134,5,15,5,13,15
135,5,16,5,1,16
136,5,17,5,13,17
137,5,18,5,13,18
138,5,19,5,13,21,19
139,5,20,5,13,20
140,5,21,5,13,21
141,5,22,5,1,22
142,5,23,5,13,23
143,5,24,5,13,24
144,6,0,6,1,0
145,6,1,6,1
146,6,2,6,1,2
147,6,3,6,1,3
148,6,4,6,1,4
149,6,5,6,1,5
150,6,7,6,1,7
151,6,8,6,1,8
152,6,9,6,1,9
153,6,10,6,1,10
154,6,11,6,1,11
155,6,12,6,1,12
156,6,13,6,1,13
157,6,14,6,1,14
158,6,15,6,1,15
159,6,16,6,1,16
160,6,17,6,1,17
161,6,18,6,1,18
162,6,19,6,1,19
163,6,20,6,1,20
164,6,21,6,1,21
165,6,22,6,1,22
166,6,23,6,1,23
167,6,24,6,1,24
168,7,0,7,1,0
169,7,1,7,1
170,7,2,7,1,2
171,7,3,7,3
172,7,4,7,4
173,7,5,7,1,5
174,7,6,7,3,6
175,7,8,7,3,8
176,7,9,7,1,9
177,7,10,7,1,9
178,7,11,7,3,11
179,7,12,7,4,12
180,7,13,7,4,13
181,7,14,7,4,14
182,7,15,7,4,15
183,7,16,7,4,16
184,7,17,7,1,17
185,7,18,7,1,18
186,7,19,7,1,19
187,7,20,7,1,20
188,7,21,7,1,21
189,7,22,7,1,22
190,7,23,7,1,23
191,7,24,7,1,24
192,8,0,8,1,0
193,8,1,8,1
194,8,2,8,1,2
195,8,3,8,3
196,8,4,8,1,4
197,8,5,8,1,5
198,8,6,8,1,6
199,8,7,8,1,7
200,8,9,8,1,9
201,8,10,8,21,23,10
202,8,11,8,1,11
203,8,12,8,3,12
204,8,13,8,21,13
205,8,14,8,21,14
206,8,15,8,21,13,15
207,8,16,8,3,16
208,8,17,8,21,17
209,8,18,8,21,18
210,8,19,8,21,19
211,8,20,8,1,20
212,8,21,8,21
213,8,22,8,1,22
214,8,23,8,21,23
215,8,24,8,21,13,24
216,9,0,9,1,0
217,9,1,9,1
218,9,2,9,1,2
219,9,3,9,1,3
220,9,4,9,1,4
221,9,5,9,1,5
222,9,6,9,1,6
223,9,7,9,1,7
224,9,8,9,1,8
225,9,10,9,1,10
226,9,11,9,1,11
227,9,12,9,1,12
228,9,13,9,1,13
229,9,14,9,1,14
230,9,15,9,1,15
231,9,16,9,1,16
232,9,17,9,1,17
233,9,18,9,1,18
234,9,19,9,1,19
235,9,20,9,1,20
236,9,21,9,1,21
237,9,22,9,1,22
238,9,23,9,1,23
239,9,24,9,1,24
240,10,0,10,1,0
241,10,1,10,1
242,10,2,10,1,2
243,10,3,10,1,3
244,10,4,10,1,4
245,10,5,10,23,13,5
246,10,6,10,23,13,6
247,10,7,10,1,7
248,10,8,10,23,21,8
249,10,9,10,1,9
250,10,11,10,1,11
251,10,12,10,1,12
252,10,13,10,23,13
253,10,14,10,23,21,14
254,10,15,10,23,15
255,10,16,10,1,16
256,10,17,10,23,17
257,10,18,10,23,18
258,10,19,10,23,21,19
259,10,20,10,23,13,20
260,10,21,10,23,21
261,10,22,10,23,22
262,10,23,10,23
263,10,24,10,23,24
264,11,0,11,1,0
265,11,1,11,1
266,11,2,11,1,2
267,11,3,11,1,3
268,11,4,11,1,4
269,11,5,11,1,5
270,11,6,11,1,6
271,11,7,11,1,7
272,11,8,11,1,8
273,11,9,11,1,9
274,11,10,11,13,10
275,11,12,11,1,12
276,11,13,11,13
277,11,14,11,1,14
278,11,15,11,13,15
279,11,16,11,1,16
280,11,17,11,13,17
281,11,18,11,13,18
282,11,19,11,1,19
283,11,20,11,1,20
284,11,21,11,1,21
285,11,22,11,1,22
286,11,23,11,13,23
287,11,24,11,13,24
288,12,0,12,1,0
289,12,1,12,1
290,12,2,12,1,2
291,12,3,12,3
292,12,4,12,3,4
293,12,5,12,1,5
294,12,6,12,1,6
295,12,7,12,1,7
296,12,8,12,3,8
297,12,9,12,1,9
298,12,10,12,1,10
299,12,11,12,1,11
300,12,13,12,3,13
301,12,14,12,3,14
302,12,15,12,1,15
303,12,16,12,3,16
304,12,17,12,1,17
305,12,18,12,1,18
306,12,19,12,3,19
307,12,20,12,1,20
308,12,21,12,3,21
309,12,22,12,3,22
310,12,23,12,1,23
311,12,24,12,1,24
312,13,0,13,1,0
313,13,1,13,1
314,13,2,13,1,2
315,13,3,13,3
316,13,4,13,4
317,13,5,13,5
318,13,6,13,6
319,13,7,13,1,7
320,13,8,13,21,8
321,13,9,13,1,9
322,13,10,13,10
323,13,11,13,11
324,13,12,13,3,12
325,13,14,13,21,14
326,13,15,13,15
327,13,16,13,1,16
328,13,17,13,17
329,13,18,13,18
330,13,19,13,21,19
331,13,20,13,20
332,13,21,13,21
333,13,22,13,22
334,13,23,13,23
335,13,24,13,24
336,14,0,14,1,0
337,14,1,14,1
338,14,2,14,1,2
339,14,3,14,3
340,14,4,14,3,4
341,14,5,14,1,5
342,14,6,14,1,6
343,14,7,14,1,7
344,14,8,14,3,8
345,14,9,14,1,9
346,14,10,14,21,23,10
347,14,11,14,1,11
348,14,12,14,3,12
349,14,13,14,21,13
350,14,15,14,21,13,15
351,14,16,14,3,16
352,14,17,14,21,17
353,14,18,14,21,18
354,14,19,14,1,19
355,14,20,14,1,20
356,14,21,14,21
357,14,22,14,1,22
358,14,23,14,21,23
359,14,24,14,21,13,24
360,15,0,15,1,0
361,15,1,15,1
362,15,2,15,1,2
363,15,3,15,13,3
364,15,4,15,1,4
365,15,5,15,13,5
366,15,6,15,13,6
367,15,7,15,1,7
368,15,8,15,21,8
369,15,9,15,1,9
370,15,10,15,10
371,15,11,15,1,11
372,15,12,15,1,12
373,15,13,15,13
374,15,14,15,21,14
375,15,16,15,1,16
376,15,17,15,17
377,15,18,15,18
378,15,19,15,21,19
379,15,20,15,13,20
380,15,21,15,21
381,15,22,15,13,22
382,15,23,15,23
383,15,24,15,24
384,16,0,16,1,0
385,16,1,16,1
386,16,2,16,1,2
387,16,3,16,3
388,16,4,16,3,4
389,16,5,16,1,5
390,16,6,16,1,6
391,16,7,16,1,7
392,16,8,16,3,8
393,16,9,16,1,9
394,16,10,16,13,10
395,16,11,16,1,11
396,16,12,16,3,12
397,16,13,16,13
398,16,14,16,3,14
399,16,15,16,13,15
400,16,17,16,13,17
401,16,18,16,13,18
402,16,19,16,3,19
403,16,20,16,1,20
404,16,21,16,21
405,16,22,16,3,22
406,16,23,16,13,23
407,16,24,16,13,24
408,17,0,17,1,0
409,17,1,17,1
410,17,2,17,1,2
411,17,3,17,13,3
412,17,4,17,1,4
413,17,5,17,13,5
414,17,6,17,13,6
415,17,7,17,1,7
416,17,8,17,21,8
417,17,9,17,1,9
418,17,10,17,13,10
419,17,11,17,1,11
420,17,12,17,1,12
421,17,13,17,13
422,17,14,17,21,14
423,17,15,17,13,15
424,17,16,17,1,16
425,17,18,17,18
426,17,19,17,21,19
427,17,20,17,13,20
428,17,21,17,21
429,17,22,17,13,22
430,17,23,17,13,23
431,17,24,17,13,24
432,18,0,18,1,0
433,18,1,18,1
434,18,2,18,1,2
435,18,3,18,13,3
436,18,4,18,1,4
437,18,5,18,13,5
438,18,6,18,13,6
439,18,7,18,1,7
440,18,8,18,21,8
441,18,9,18,13,1,9
442,18,10,18,10
443,18,11,18,1,11
444,18,12,18,1,12
445,18,13,18,13
446,18,14,18,21,14
447,18,15,18,15
448,18,16,18,1,16
449,18,17,18,17
450,18,19,18,21,19
451,18,20,18,13,20
452,18,21,18,21
453,18,22,18,13,22
454,18,23,18,23
455,18,24,18,24
456,19,0,19,1,0
457,19,1,19,1
458,19,2,19,1,2
459,19,3,19,3
460,19,4,19,3,4
461,19,5,19,1,5
462,19,6,19,1,6
463,19,7,19,1,7
464,19,8,19,21,8
465,19,9,19,1,9
466,19,10,19,1,10
467,19,11,19,1,11
468,19,12,19,3,12
469,19,13,19,21,13
470,19,14,19,1,14
471,19,15,19,21,13,15
472,19,16,19,3,16
473,19,17,19,21,17
474,19,18,19,21,18
475,19,20,19,1,20
476,19,21,19,21
477,19,22,19,1,22
478,19,23,19,21,23
479,19,24,19,21,13,24
480,20,0,20,1,0
481,20,1,20,1
482,20,2,20,1,2
483,20,3,20,1,3
484,20,4,20,1,4
485,20,5,20,1,5
486,20,6,20,1,6
487,20,7,20,1,7
488,20,8,20,1,8
489,20,9,20,1,9
490,20,10,20,13,10
491,20,11,20,1,11
492,20,12,20,1,12
493,20,13,20,13
494,20,14,20,1,14
495,20,15,20,13,15
496,20,16,20,1,16
497,20,17,20,13,17
498,20,18,20,13,18
499,20,19,20,1,19
500,20,21,20,1,21
501,20,22,20,13,22
502,20,23,20,13,23
503,20,24,20,13,24
504,21,0,21,1,0
505,21,1,21,1
506,21,2,21,1,2
507,21,3,21,3
508,21,4,21,1,4
509,21,5,21,13,5
510,21,6,21,13,6
511,21,7,21,1,7
512,21,8,21,8
513,21,9,21,1,9
514,21,10,21,23,10
515,21,11,21,1,11
516,21,12,21,3,12
517,21,13,21,13
518,21,14,21,14
519,21,15,21,13,15
520,21,16,21,3,16
521,21,17,21,17
522,21,18,21,18
523,21,19,21,19
524,21,20,21,1,20
525,21,22,21,1,22
526,21,23,21,23
527,21,24,21,13,24
528,22,0,22,1,0
529,22,1,22,1
530,22,2,22,1,2
531,22,3,22,3
532,22,4,22,1,4
533,22,5,22,13,5
534,22,6,22,1,6
535,22,7,22,1,7
536,22,8,22,1,8
537,22,9,22,1,9
538,22,10,22,13,10
539,22,11,22,1,11
540,22,12,22,3,12
541,22,13,22,13
542,22,14,22,1,14
543,22,15,22,13,15
544,22,16,22,1,16
545,22,17,22,13,17
546,22,18,22,13,18
547,22,19,22,1,19
548,22,20,22,13,20
549,22,21,22,1,21
550,22,23,22,13,23
551,22,24,22,13,24
552,23,0,23,1,0
553,23,1,23,1
554,23,2,23,1,2
555,23,3,23,1,3
556,23,4,23,1,4
557,23,5,23,13,5
558,23,6,23,13,6
559,23,7,23,1,7
560,23,8,23,21,8
561,23,9,23,1,9
562,23,10,23,10
563,23,11,23,1,11
564,23,12,23,1,12
565,23,13,23,13
566,23,14,23,21,14
567,23,15,23,15
568,23,16,23,1,16
569,23,17,23,17
570,23,18,23,18
571,23,19,23,21,19
572,23,20,23,13,20
573,23,21,23,21
574,23,22,23,22
575,23,24,23,24
576,24,0,24,1,0
577,24,1,24,1
578,24,2,24,1,2
579,24,3,24,13,3
580,24,4,24,1,4
581,24,5,24,13,5
582,24,6,24,13,6
583,24,7,24,1,7
584,24,8,24,18,21,8
585,24,9,24,13,1,9
586,24,10,24,23,10
587,24,11,24,13,11
588,24,12,24,1,12
589,24,13,24,13
590,24,14,24,18,21,14
591,24,15,24,15
592,24,16,24,1,16
593,24,17,24,13,17
594,24,18,24,18
595,24,19,24,18,21,19
596,24,20,24,13,20
597,24,21,24,18,21
598,24,22,24,13,22
599,24,23,24,23
COMMODITIES,550
Index,Origin,Destination,Demand/Size,Earliest available time,Latest delivery time
0,5,19,0.114707,40,114
1,10,1,0.689609,184,255
2,3,9,0.621097,138,206
3,14,16,0.0434462,38,102
4,9,16,0.924788,186,254
5,18,16,0.486527,42,115
6,19,4,0.0644124,90,157
7,15,24,0.892579,88,140
8,11,19,0.335892,38,107
9,10,24,0.88311,186,249
10,22,20,0.538852,86,147
11,3,6,0.0755088,182,247
12,20,4,0.00761632,88,152
13,8,2,0.034538,88,152
14,5,12,0.0144241,86,159
15,11,21,0.323641,182,249
16,15,21,0.265415,184,252
17,1,9,0.501194,90,150
18,17,0,0.00815862,136,203
19,10,2,0.0229867,90,168
20,14,21,0.767665,184,242
21,17,18,0.405022,90,143
22,20,8,0.24767,182,249
23,13,17,0.337353,138,192
24,1,9,0.0208804,88,148
25,0,22,0.251518,90,151
26,8,19,0.0841971,90,151
27,8,24,0.0268597,86,158
28,17,18,0.209566,38,91
29,16,0,0.735207,186,247
30,10,8,0.280884,134,206
31,17,9,0.331668,38,112
32,18,12,0.389806,42,117
33,19,4,0.0690849,182,249
34,22,21,0.508545,90,157
35,18,8,0.510559,182,246
36,23,9,0.435341,86,163
37,24,17,0.796703,42,107
38,14,5,0.338939,42,121
39,21,14,0.00905359,38,96
40,24,14,0.145581,186,262
41,16,2,0.326768,134,197
42,10,14,0.117818,182,259
43,5,20,0.331961,88,152
44,14,11,0.80433,182,254
45,24,16,0.0211452,86,166
46,6,17,0.0548434,86,159
47,10,23,0.505549,232,286
48,22,5,0.459716,186,251
49,3,17,0.153679,86,160
50,13,8,0.776148,186,247
51,1,11,0.797124,90,146
52,0,24,0.552342,40,117
53,23,19,0.0371462,136,205
54,1,12,0.33,86,144
55,12,18,0.131805,38,114
56,0,20,0.784782,42,105
57,24,11,0.7367,136,212
58,15,13,0.672914,90,154
59,21,22,0.0215614,134,201
60,10,19,0.460597,38,113
61,17,23,0.437193,40,103
62,6,22,0.0274941,42,107
63,3,15,0.209694,38,120
64,20,22,0.22593,88,149
65,16,22,0.297398,38,104
66,3,0,0.320485,40,101
67,12,20,0.674395,40,108
68,11,19,0.349084,42,111
69,2,15,0.322093,40,119
70,24,23,0.808519,90,147
71,12,20,0.706898,42,110
72,14,10,0.187841,184,259
73,17,23,0.738114,88,151
74,22,19,0.1273,182,251
75,14,0,0.673635,86,155
76,23,24,0.710957,184,241
77,19,3,0.368529,42,101
78,21,5,0.00454545,88,154
79,12,20,0.687494,86,154
80,17,8,0.208548,184,245
81,10,1,0.492918,134,205
82,14,5,0.35589,134,213
83,8,4,0.00887995,88,151
84,20,16,0.0139989,40,106
85,12,20,0.659734,186,254
86,1,20,0.252184,182,240
87,24,10,0.969325,134,197
88,3,8,0.623777,134,191
89,3,17,0.130323,186,260
90,22,14,0.252639,42,114
91,15,2,0.011898,186,265
92,13,12,0.135845,90,165
93,1,12,0.447694,182,240
94,21,19,0.385128,136,192
95,15,14,0.438437,90,168
96,0,17,0.22376,184,253
97,13,6,0.872187,182,242
98,22,16,0.119577,90,154
99,15,19,0.722392,186,262
100,18,21,0.789658,40,99
101,1,16,0.104931,182,238
102,10,8,0.292527,184,256
103,23,4,0.347496,86,157
104,24,18,0.794312,134,189
105,20,15,0.462995,38,106
106,12,18,0.142526,136,212
107,11,8,0.425288,136,201
108,12,13,0.169694,90,163
109,22,19,0.133576,40,109
110,1,15,0.953564,136,208
111,10,21,0.0411077,88,155
112,3,10,0.0954431,88,168
113,22,17,0.293705,186,247
114,18,6,0.786738,182,249
115,1,4,0.0143508,182,236
116,12,20,0.719334,88,156
117,17,18,0.441388,136,189
118,15,8,0.0735621,184,257
119,18,20,0.91898,88,149
120,19,11,0.631627,86,155
121,1,0,0.273674,90,143
122,14,16,0.0962441,182,246
123,6,1,0.787283,42,99
124,19,10,0.260871,86,173
125,5,15,0.403666,88,160
126,2,15,0.314251,182,261
127,15,3,0.447653,40,126
128,23,9,0.5867,186,263
129,0,12,0.259809,136,199
130,24,13,0.480331,42,101
131,3,16,0.591648,182,235
132,18,10,0.228339,138,196
133,0,24,0.559503,184,261
134,13,18,0.678104,90,145
135,18,1,0.741561,90,155
136,2,23,0.0936848,138,211
137,15,24,0.819122,182,234
138,13,3,0.150614,138,208
139,13,0,0.65733,138,204
140,18,17,0.203501,38,91
141,8,4,0.00935531,136,199
142,23,21,0.9558,136,197
143,17,5,0.247713,38,102
144,4,12,0.189745,186,247
145,12,14,0.0361992,186,250
146,5,20,0.30353,138,202
147,24,19,0.829454,86,160
148,14,1,0.321802,134,198
149,1,8,0.647357,134,191
150,22,24,0.384311,134,200
151,11,19,0.346854,40,109
152,8,16,0.0112446,42,104
153,11,19,0.323863,88,157
154,14,4,0.221405,136,203
155,15,24,0.749947,230,282
156,18,12,0.392301,186,261
157,10,23,0.895228,138,192
158,20,12,0.0178833,138,206
159,1,12,0.144271,136,194
160,11,3,0.612439,42,106
161,0,22,0.259172,186,247
162,19,22,0.396059,184,253
163,22,5,0.388466,184,249
164,1,19,0.233336,186,247
165,16,0,0.771139,182,243
166,19,20,0.352396,38,109
167,23,12,0.343163,86,161
168,1,11,0.570039,230,286
169,11,1,0.16312,230,286
170,15,12,0.937816,182,264
171,11,1,0.844572,90,146
172,15,22,0.624238,42,113
173,0,24,0.534169,38,115
174,12,18,0.138226,134,210
175,12,15,0.431088,88,170
176,8,2,0.0305237,40,104
177,23,20,0.823155,38,101
178,13,24,0.370697,136,195
179,17,8,0.191115,186,247
180,10,5,0.0273866,38,111
181,12,19,0.0408376,40,104
182,8,24,0.0243551,38,110
183,5,14,0.350988,184,263
184,6,17,0.0555188,138,211
185,21,19,0.366247,88,144
186,16,6,0.10111,134,199
187,12,22,0.205154,138,204
188,20,22,0.254708,184,245
189,3,15,0.256883,182,264
190,17,0,0.00851197,138,205
191,18,14,0.284486,186,255
192,24,5,0.0389066,136,205
193,6,4,0.0180261,134,197
194,23,16,0.195236,186,259
195,14,16,0.0122496,88,152
196,17,13,0.120057,38,92
197,24,10,0.122606,138,201
198,21,23,0.343008,42,101
199,8,16,0.0113932,184,246
200,22,17,0.299574,40,101
201,0,16,0.817296,88,149
202,12,18,0.146997,184,260
203,3,2,0.870741,182,245
204,18,1,0.0641643,136,201
205,16,19,0.584081,138,202
206,15,13,0.0177687,42,106
207,18,20,0.0752828,184,245
208,20,12,0.0171196,184,252
209,14,5,0.337132,38,117
210,18,2,0.421888,186,258
211,14,24,0.0386225,88,165
212,0,21,0.454813,40,104
213,22,13,0.691315,182,237
214,13,10,0.745373,184,244
215,5,15,0.434,138,210
216,12,20,0.645873,184,252
217,17,13,0.448338,138,192
218,1,8,0.803263,90,147
219,22,5,0.449187,88,153
220,24,23,0.228972,230,287
221,15,21,0.26827,186,254
222,23,10,0.00809362,184,238
223,11,12,0.310276,186,252
224,10,1,0.517162,136,207
225,23,13,0.523531,38,95
226,0,22,0.22742,88,149
227,8,18,0.15827,42,108
228,12,3,0.0622205,88,141
229,3,11,0.686032,40,104
230,15,12,0.8832,136,218
231,3,16,0.250837,136,189
232,10,14,0.119475,86,163
233,20,13,0.739393,230,284
234,21,13,0.859991,134,190
235,24,22,0.539019,40,106
236,0,5,0.18214,138,206
237,10,11,0.0475177,42,121
238,3,22,0.33046,184,245
239,3,10,0.0929271,86,166
240,5,4,0.183862,42,111
241,13,23,0.293719,186,243
242,17,15,0.400473,38,106
243,10,2,0.0229393,136,214
244,5,13,0.254634,186,244
245,4,24,0.292851,42,120
246,4,24,0.289038,182,260
247,2,13,0.109533,38,107
248,21,24,0.270891,138,205
249,4,17,0.00592786,186,256
250,21,12,0.0149735,90,156
251,15,22,0.646816,40,111
252,13,10,0.586771,90,150
253,11,16,0.404211,134,198
254,12,13,0.20293,40,113
255,5,18,0.586873,88,153
256,17,5,0.243467,40,104
257,23,10,0.561335,88,142
258,23,14,0.380988,38,109
259,1,6,0.851897,90,147
260,10,9,0.361952,136,219
261,8,4,0.00856973,138,201
262,1,18,0.0573759,136,202
263,4,21,0.0122269,138,203
264,21,22,0.0200043,182,249
265,22,3,0.058343,184,244
266,22,11,0.461758,86,150
267,13,21,0.253348,138,194
268,2,8,0.470459,42,106
269,10,5,0.0265188,182,255
270,19,12,0.0361023,86,150
271,12,21,0.379184,136,203
272,4,1,0.315632,42,96
273,22,21,0.490733,134,201
274,4,12,0.161824,136,197
275,15,2,0.0124318,138,217
276,3,12,0.147038,40,93
277,13,8,0.894449,138,199
278,23,13,0.649768,90,147
279,2,19,0.298857,90,158
280,3,0,0.537104,42,103
281,19,8,0.430165,42,103
282,12,21,0.374909,138,205
283,20,14,0.37621,182,256
284,19,20,0.327345,182,253
285,5,23,0.840953,40,107
286,18,2,0.470314,90,162
287,1,9,0.909538,186,246
288,21,5,0.00454545,86,152
289,11,8,0.4358,38,103
290,14,16,0.121234,184,248
291,10,24,0.851679,88,151
292,19,5,0.502698,42,118
293,22,6,0.281094,184,249
294,3,16,0.680123,186,239
295,8,9,0.272841,184,253
296,1,0,0.62092,86,139
297,15,14,0.357795,182,260
298,8,14,0.0162205,186,249
299,2,3,0.318337,186,249
300,14,2,0.0858674,184,255
301,19,16,0.108439,86,150
302,20,23,0.108736,136,199
303,18,23,0.466512,136,188
304,8,2,0.0354269,90,154
305,16,8,0.809761,136,198
306,24,19,0.853594,134,208
307,0,12,0.285252,138,201
308,3,24,0.0336554,42,121
309,13,6,0.922061,138,198
310,22,17,0.285727,88,149
311,5,14,0.326952,38,117
312,21,0,0.0891444,42,106
313,19,12,0.0424553,136,200
314,22,0,0.193638,38,99
315,3,8,0.0506232,184,241
316,3,9,0.794785,136,204
317,24,6,0.361829,42,113
318,1,18,0.537356,184,250
319,14,16,0.135827,86,150
320,10,2,0.0201015,88,166
321,21,20,0.00659855,134,203
322,14,12,0.162983,40,104
323,23,10,0.443042,134,188
324,4,0,0.158313,182,241
325,18,23,0.661843,232,284
326,16,22,0.278829,40,106
327,20,10,0.482679,182,248
328,2,23,0.0957545,86,159
329,8,12,0.23338,90,152
330,22,14,0.256812,134,206
331,13,11,0.113525,42,107
332,22,1,0.354379,134,190
333,22,4,0.0319137,182,244
334,23,18,0.946865,186,238
335,14,11,0.777173,186,258
336,4,6,0.0744196,138,201
337,15,13,0.520826,182,246
338,5,20,0.309265,90,154
339,23,19,0.851657,40,109
340,2,20,0.942705,90,155
341,6,18,0.0335561,90,165
342,6,1,0.702214,230,287
343,20,8,0.244253,138,205
344,18,2,0.440149,42,114
345,24,14,0.175694,38,114
346,15,4,0.221865,134,212
347,3,18,0.463336,182,257
348,15,14,0.547304,184,262
349,22,4,0.0364297,38,100
350,1,0,0.0667766,136,189
351,10,8,0.308396,38,110
352,22,10,0.0675015,86,153
353,21,1,0.247829,90,149
354,16,21,0.601093,42,99
355,10,3,0.0616919,184,263
356,24,0,0.0521239,42,119
357,24,0,0.0462841,86,163
358,3,24,0.0468088,38,117
359,18,1,0.0377392,88,153
360,21,0,0.0968178,136,200
361,10,15,0.558716,182,247
362,12,15,0.462312,90,172
363,13,8,0.810758,86,147
364,1,9,0.894671,184,244
365,16,14,0.0799202,134,198
366,8,2,0.032385,38,102
367,21,24,0.27582,38,105
368,0,20,0.764795,38,101
369,3,20,0.0215388,88,154
370,2,19,0.323777,38,106
371,16,0,0.670689,86,147
372,5,18,0.553928,38,103
373,18,2,0.408963,38,110
374,3,1,0.605838,136,192
375,6,16,0.386076,90,155
376,9,3,0.583482,38,106
377,8,17,0.384083,184,245
378,1,24,0.0489141,182,254
379,15,14,0.352776,136,214
380,14,3,0.368595,186,245
381,13,20,0.551193,42,96
382,20,23,0.092376,134,197
383,23,12,0.355,90,165
384,24,5,0.0395837,182,251
385,19,13,0.552082,86,150
386,8,9,0.253681,136,205
387,2,22,0.189661,90,153
388,12,2,0.137574,90,155
389,1,4,0.246748,38,92
390,13,12,0.142486,182,257
391,14,20,0.0942977,184,258
392,1,0,0.293128,38,91
393,4,3,0.307935,40,96
394,10,22,0.0701979,184,249
395,12,15,0.437063,86,168
396,23,14,0.503687,40,111
397,13,5,0.341369,184,242
398,24,11,0.745485,42,118
399,5,15,0.431677,186,258
400,18,6,0.884136,38,105
401,9,12,0.00454545,42,112
402,16,21,0.650146,230,287
403,23,24,0.639259,40,97
404,15,24,0.820959,232,284
405,17,8,0.199755,38,99
406,11,24,0.182377,40,115
407,17,5,0.225491,136,200
408,18,11,0.0377838,86,159
409,0,22,0.233902,182,243
410,13,8,0.94467,38,99
411,2,13,0.11999,184,253
412,10,14,0.113508,88,165
413,24,11,0.762613,138,214
414,21,19,0.37889,138,194
415,13,12,0.128066,88,163
416,3,6,0.110361,138,203
417,0,13,0.394541,40,107
418,23,9,0.665427,38,115
419,16,22,0.392267,86,152
420,11,0,0.818073,184,245
421,23,10,0.788271,90,144
422,4,12,0.161422,38,99
423,21,0,0.0942928,88,152
424,2,0,0.0530346,138,198
425,9,1,0.937675,40,100
426,2,19,0.278868,136,204
427,20,12,0.0193928,40,108
428,19,23,0.573297,184,251
429,3,12,0.954382,38,91
430,15,13,0.799328,38,102
431,21,3,0.188901,42,103
432,16,5,0.163702,138,209
433,21,14,0.00851935,88,146
434,3,10,0.0858102,184,264
435,17,9,0.298196,42,116
436,20,15,0.48412,134,202
437,10,11,0.0437878,184,263
438,2,18,0.036225,86,159
439,1,13,0.54579,40,102
440,0,20,0.698634,90,153
441,5,13,0.285532,38,96
442,0,4,0.0313032,186,245
443,4,23,0.984225,38,110
444,5,12,0.0148262,88,161
445,10,17,0.181317,86,145
446,14,18,0.625375,186,257
447,21,9,0.200108,86,157
448,19,12,0.0422483,42,106
449,20,1,0.416806,40,98
450,21,3,0.189385,184,245
451,22,11,0.391717,186,250
452,17,19,0.767869,138,202
453,10,20,0.105364,38,107
454,3,19,0.732685,42,101
455,10,14,0.11269,136,213
456,12,18,0.129032,138,214
457,12,16,0.640129,186,244
458,1,5,0.242273,184,247
459,13,12,0.132581,136,211
460,1,6,0.286431,42,99
461,14,3,0.268238,136,195
462,15,8,0.0188413,138,211
463,12,22,0.200462,186,252
464,19,15,0.541116,134,212
465,20,17,0.405175,182,242
466,6,18,0.0344366,42,117
467,14,3,0.367426,182,241
468,15,12,0.832587,40,122
469,14,4,0.246024,184,251
470,0,14,0.311592,134,203
471,13,6,0.93258,38,98
472,22,6,0.318914,86,151
473,22,1,0.281093,38,94
474,0,20,0.775117,184,247
475,13,22,0.909817,90,145
476,19,5,0.49623,184,260
477,12,1,0.0193625,38,96
478,11,10,0.26092,136,212
479,15,13,0.198655,184,248
480,6,16,0.401882,42,107
481,10,11,0.0440522,186,265
482,24,23,0.533333,136,193
483,8,5,0.0358351,42,114
484,14,3,0.15314,38,97
485,17,21,0.280588,86,142
486,15,12,0.793739,90,172
487,18,1,0.0118947,138,203
488,17,9,0.339016,134,208
489,12,16,0.625356,38,96
490,18,10,0.593196,40,98
491,15,13,0.0341895,40,104
492,15,12,0.924242,38,120
493,24,0,0.0477381,186,263
494,13,17,0.190174,134,188
495,8,24,0.0269469,40,112
496,11,21,0.340572,90,157
497,3,9,0.769915,86,154
498,5,24,0.0632194,184,253
499,10,23,0.230194,88,142
500,5,4,0.203422,186,255
501,20,19,0.483392,186,257
502,1,9,0.808561,38,98
503,10,5,0.0272097,88,161
504,23,20,0.987681,186,249
505,17,8,0.193435,136,197
506,5,22,0.329905,38,109
507,16,22,0.313282,138,204
508,18,22,0.933567,184,246
509,23,10,0.647162,136,190
510,22,20,0.507814,134,195
511,20,13,0.889874,138,192
512,16,14,0.0261534,138,202
513,12,21,0.358395,88,155
514,22,3,0.0622897,134,194
515,17,15,0.0543787,134,202
516,13,21,0.178808,184,240
517,0,9,0.14486,90,155
518,21,5,0.00454545,186,252
519,1,18,0.60927,86,152
520,1,22,0.861875,90,146
521,22,23,0.614037,184,248
522,0,6,0.119674,88,150
523,24,5,0.03491,38,107
524,21,3,0.19544,138,199
525,2,15,0.233843,136,215
526,3,16,0.243315,90,143
527,1,16,0.511798,186,242
528,24,10,0.106084,136,199
529,15,16,0.391284,134,214
530,11,16,0.386754,186,250
531,0,8,0.419787,42,104
532,11,15,0.466882,40,118
533,11,10,0.268427,88,164
534,22,10,0.0670588,88,155
535,14,15,0.123488,88,168
536,19,22,0.310312,136,205
537,23,2,0.0837623,86,158
538,20,10,0.425643,90,156
539,15,1,0.812804,186,258
540,2,23,0.0909662,182,255
541,3,2,0.933985,138,201
542,8,2,0.0361112,86,150
543,18,10,0.302436,88,146
544,18,11,0.963923,38,111
545,0,8,0.40912,88,150
546,12,14,0.0391648,90,154
547,3,2,0.897449,134,197
548,0,8,0.402659,186,248
549,22,21,0.49408,38,105
