NODES,20
1,1
2,2
3,3
4,4
5,5
6,6
7,7
8,8
9,9
10,10
11,11
12,12
13,13
14,14
15,15
16,16
17,17
18,18
19,19
20,20
ARCS,120
0,1,2,100,51144,3647,92990,27897
1,1,4,23,12275,18,22319,2232
2,1,17,71,47564,59,86480,34592
3,1,13,60,42961,25,78111,23434
4,1,12,26,22504,49,40917,8184
5,2,3,100,51144,3647,92990,46495
6,2,19,90,17389,35,31617,6324
7,2,11,14,13298,13,24179,9672
8,2,4,40,46030,62,83691,16739
9,2,13,25,33755,62,61373,30687
10,2,7,62,45518,52,82760,41380
11,2,17,85,18412,32,33477,16739
12,2,20,49,12786,52,23248,11624
13,3,4,100,51144,3647,92990,37196
14,3,16,27,25572,32,46495,9299
15,3,18,55,46030,30,83691,41846
16,3,12,69,49610,62,90200,18040
17,3,9,42,7672,42,13950,4185
18,4,5,100,51144,3647,92990,9299
19,4,19,54,21481,69,39057,7812
20,4,3,88,22504,69,40917,20459
21,4,12,96,49610,50,90200,45100
22,4,15,59,16878,67,30688,3069
23,4,10,98,25572,42,46495,18598
24,5,6,100,51144,3647,92990,37196
25,5,8,77,45007,15,81831,8184
26,5,3,65,30175,28,54864,16460
27,5,12,29,9206,53,16739,8370
28,5,1,40,25061,8,45566,9114
29,5,11,68,47564,22,86480,17296
30,5,9,25,6649,21,12090,3627
31,6,7,100,51144,3647,92990,46495
32,6,3,14,15855,69,28828,11532
33,6,15,15,15344,66,27899,5580
34,6,18,35,38869,26,70671,14135
35,6,10,62,24549,45,44635,8927
36,6,11,81,5115,63,9300,4650
37,7,8,100,51144,3647,92990,46495
38,7,5,62,23526,25,42775,17110
39,7,15,81,10741,64,19530,3906
40,7,12,29,27106,53,49284,9857
41,7,20,75,38869,8,70671,14135
42,7,9,91,26084,32,47426,14228
43,7,6,57,10229,15,18599,5580
44,7,13,65,6138,55,11160,2232
45,8,9,100,51144,3647,92990,27897
46,8,19,74,49610,33,90200,45100
47,8,1,47,32221,35,58584,17576
48,8,5,66,39892,18,72531,21760
49,8,7,69,23526,21,42775,4278
50,8,12,25,20458,32,37197,11160
51,8,14,44,21992,53,39986,15995
52,9,10,100,51144,3647,92990,18598
53,9,11,58,17901,67,32548,16274
54,9,16,16,31198,40,56724,28362
55,9,7,47,23015,70,41846,12554
56,9,17,70,30687,18,55795,16739
57,9,20,50,35289,20,64162,25665
58,10,11,100,51144,3647,92990,37196
59,10,14,37,42961,67,78111,15623
60,10,15,48,11252,25,20459,8184
61,11,12,100,51144,3647,92990,9299
62,11,13,91,40915,54,74391,22318
63,11,17,60,41427,49,75322,22597
64,11,8,24,12275,45,22319,11160
65,11,1,28,41938,9,76251,15251
66,12,13,100,51144,3647,92990,18598
67,12,9,37,30175,21,54864,21946
68,12,8,78,48587,34,88340,35336
69,12,4,23,43984,52,79971,15995
70,12,18,51,42961,52,78111,31245
71,13,14,100,51144,3647,92990,27897
72,13,18,22,49098,57,89270,35708
73,13,2,86,11252,42,20459,6138
74,13,16,11,27618,46,50215,15065
75,13,19,81,17389,70,31617,15809
76,13,5,97,39381,51,71602,14321
77,13,12,75,36312,9,66022,33011
78,14,15,100,51144,3647,92990,9299
79,14,5,97,18924,63,34408,10323
80,14,20,77,41427,23,75322,15065
81,14,3,26,20458,41,37197,14879
82,15,16,100,51144,3647,92990,27897
83,15,18,66,36312,33,66022,33011
84,15,13,28,46541,17,84620,42310
85,15,5,44,7672,56,13950,5580
86,16,17,100,51144,3647,92990,46495
87,16,11,98,9718,68,17670,1767
88,16,15,82,46541,38,84620,33848
89,16,8,78,21481,64,39057,3906
90,16,12,10,9206,29,16739,1674
91,16,19,41,31709,30,57653,5766
92,17,18,100,51144,3647,92990,9299
93,17,15,62,42961,21,78111,23434
94,17,7,84,11763,54,21388,6417
95,17,16,51,12275,45,22319,6696
96,17,4,97,24038,15,43706,8742
97,17,13,53,14321,30,26039,13020
98,17,2,70,16878,10,30688,15344
99,17,14,73,9206,16,16739,3348
100,17,8,64,20969,60,38126,19063
101,18,19,100,51144,3647,92990,27897
102,18,5,45,25061,64,45566,4557
103,18,7,72,19946,20,36266,7254
104,18,11,11,29152,71,53004,15902
105,18,12,50,47564,47,86480,34592
106,18,14,94,7161,32,13020,3906
107,19,20,100,51144,3647,92990,27897
108,19,6,56,33755,44,61373,6138
109,19,2,70,32221,66,58584,5859
110,19,4,73,49610,63,90200,18040
111,19,16,59,45518,67,82760,33104
112,19,14,13,18412,19,33477,16739
113,19,10,82,38358,37,69742,27897
114,20,1,100,51144,3647,92990,37196
115,20,8,49,47564,54,86480,17296
116,20,9,85,18412,51,33477,3348
117,20,3,76,44495,45,80900,40450
118,20,18,49,20458,48,37197,14879
119,20,14,73,23015,20,41846,20923
COMMODITIES,100
0,20,1,71,70716.0,186272.0,0.044,11
1,11,3,32,89135.0,211462.0,0.020,5
2,10,4,78,81542.0,205712.0,0.048,12
3,20,11,40,56520.0,142649.0,0.025,6
4,2,3,53,44421.0,154486.0,0.033,8
5,9,14,80,68266.0,168273.0,0.050,12
6,15,14,57,82774.0,183534.0,0.035,9
7,10,20,72,91545.0,218399.0,0.045,11
8,5,10,57,87044.0,216386.0,0.035,9
9,11,20,73,60670.0,205953.0,0.045,12
10,20,10,36,85027.0,236319.0,0.023,6
11,4,17,22,78584.0,206085.0,0.014,4
12,15,16,93,81995.0,184668.0,0.058,14
13,18,20,95,115008.0,222732.0,0.059,14
14,13,5,27,73464.0,165855.0,0.017,5
15,9,18,37,58125.0,173171.0,0.023,6
16,5,8,33,80420.0,169235.0,0.021,6
17,16,18,94,56610.0,168697.0,0.058,14
18,6,5,19,76646.0,138753.0,0.012,4
19,2,19,59,90403.0,145726.0,0.037,9
20,9,13,17,80332.0,158099.0,0.011,4
21,15,5,91,81254.0,118251.0,0.056,14
22,20,5,53,52593.0,145485.0,0.033,8
23,1,13,73,69802.0,165459.0,0.045,12
24,9,17,55,95253.0,170773.0,0.034,8
25,5,7,71,73662.0,144925.0,0.044,11
26,20,17,92,90065.0,195054.0,0.057,14
27,12,11,32,69809.0,176370.0,0.020,5
28,16,17,46,88772.0,202475.0,0.029,7
29,12,7,69,85682.0,204573.0,0.043,11
30,10,12,27,66622.0,137332.0,0.017,5
31,16,12,36,91826.0,130061.0,0.023,6
32,11,1,37,90082.0,185766.0,0.023,6
33,6,14,13,83607.0,177339.0,0.008,3
34,7,3,71,70034.0,138415.0,0.044,11
35,17,19,15,87778.0,169123.0,0.010,3
36,10,14,48,76825.0,171794.0,0.030,7
37,10,3,71,59075.0,168901.0,0.044,11
38,2,9,96,96330.0,181885.0,0.059,14
39,14,18,30,74107.0,203791.0,0.019,5
40,5,1,63,81099.0,145196.0,0.039,9
41,12,13,75,83604.0,197539.0,0.046,12
42,3,6,13,94788.0,193644.0,0.008,3
43,8,11,76,88511.0,173347.0,0.047,12
44,7,1,83,63368.0,158671.0,0.051,13
45,1,3,24,88100.0,172672.0,0.015,4
46,16,1,26,90936.0,207912.0,0.016,5
47,2,14,10,71118.0,138676.0,0.007,3
48,16,13,27,69962.0,179319.0,0.017,5
49,7,14,72,76648.0,170258.0,0.045,11
50,10,19,18,71492.0,226395.0,0.012,4
51,3,1,71,93977.0,236534.0,0.044,11
52,11,7,47,104083.0,181522.0,0.029,7
53,2,12,15,76246.0,171832.0,0.010,3
54,5,17,92,86847.0,171791.0,0.057,14
55,11,13,17,82037.0,174426.0,0.011,4
56,18,7,58,76004.0,129108.0,0.036,9
57,5,16,24,91318.0,186032.0,0.015,4
58,9,6,69,76200.0,156225.0,0.043,11
59,2,8,12,56507.0,128872.0,0.008,3
60,19,7,98,64841.0,198113.0,0.061,15
61,14,6,58,78089.0,203759.0,0.036,9
62,15,13,63,100909.0,201236.0,0.039,9
63,7,13,56,89679.0,120696.0,0.035,8
64,7,5,48,76323.0,132851.0,0.030,7
65,15,7,86,74061.0,164709.0,0.053,13
66,1,20,31,90955.0,221176.0,0.020,5
67,18,17,78,105967.0,225645.0,0.048,12
68,1,6,20,81746.0,225851.0,0.013,4
69,19,15,78,88227.0,196004.0,0.048,12
70,2,6,34,68000.0,165896.0,0.021,6
71,13,1,92,70537.0,204621.0,0.057,14
72,14,5,40,97093.0,148421.0,0.025,6
73,18,1,20,86390.0,204863.0,0.013,4
74,9,12,43,76057.0,175090.0,0.027,7
75,20,7,33,67775.0,159607.0,0.021,6
76,12,5,77,64105.0,211515.0,0.048,12
77,8,17,69,83900.0,217396.0,0.043,11
78,17,7,24,72304.0,119331.0,0.015,4
79,12,19,51,88685.0,226544.0,0.032,8
80,17,1,63,54710.0,165957.0,0.039,9
81,3,14,85,69774.0,178476.0,0.053,13
82,6,4,55,83779.0,205206.0,0.034,8
83,8,4,51,69798.0,173115.0,0.032,8
84,18,8,24,80891.0,172752.0,0.015,4
85,16,3,44,97608.0,229865.0,0.027,7
86,17,5,74,65557.0,135982.0,0.046,12
87,10,17,71,77182.0,202869.0,0.044,11
88,5,6,13,89664.0,183982.0,0.008,3
89,5,13,32,96020.0,182439.0,0.020,5
90,20,12,57,86221.0,201340.0,0.035,9
91,6,18,40,90160.0,179290.0,0.025,6
92,15,2,30,70504.0,187195.0,0.019,5
93,10,18,77,60689.0,167653.0,0.048,12
94,19,1,63,90173.0,223351.0,0.039,9
95,4,7,85,71388.0,193371.0,0.053,13
96,6,2,52,97281.0,219882.0,0.032,8
97,17,6,10,52004.0,114509.0,0.007,3
98,15,6,35,65754.0,169714.0,0.022,6
99,11,16,12,84835.0,201906.0,0.008,3
horizon
