NODES,20
1,1
2,2
3,3
4,4
5,5
6,6
7,7
8,8
9,9
10,10
11,11
12,12
13,13
14,14
15,15
16,16
17,17
18,18
19,19
20,20
ARCS,120
0,1,2,100,51144,3647,92990,46495
1,1,4,23,12275,18,22319,8928
2,1,17,71,47564,59,86480,8648
3,1,13,60,42961,25,78111,7812
4,1,12,26,22504,49,40917,4092
5,2,3,100,51144,3647,92990,9299
6,2,19,90,17389,35,31617,9486
7,2,11,14,13298,13,24179,9672
8,2,4,40,46030,62,83691,41846
9,2,13,25,33755,62,61373,30687
10,2,7,62,45518,52,82760,41380
11,2,17,85,18412,32,33477,3348
12,2,20,49,12786,52,23248,9300
13,3,4,100,51144,3647,92990,37196
14,3,16,27,25572,32,46495,18598
15,3,18,55,46030,30,83691,25108
16,3,12,69,49610,62,90200,27060
17,3,9,42,7672,42,13950,2790
18,4,5,100,51144,3647,92990,27897
19,4,19,54,21481,69,39057,11718
20,4,3,88,22504,69,40917,8184
21,4,12,96,49610,50,90200,36080
22,4,15,59,16878,67,30688,9207
23,4,10,98,25572,42,46495,13949
24,5,6,100,51144,3647,92990,46495
25,5,8,77,45007,15,81831,8184
26,5,3,65,30175,28,54864,21946
27,5,12,29,9206,53,16739,3348
28,5,1,40,25061,8,45566,13670
29,5,11,68,47564,22,86480,17296
30,5,9,25,6649,21,12090,1209
31,6,7,100,51144,3647,92990,27897
32,6,3,14,15855,69,28828,14414
33,6,15,15,15344,66,27899,2790
34,6,18,35,38869,26,70671,28269
35,6,10,62,24549,45,44635,8927
36,6,11,81,5115,63,9300,1860
37,7,8,100,51144,3647,92990,27897
38,7,5,62,23526,25,42775,12833
39,7,15,81,10741,64,19530,9765
40,7,12,29,27106,53,49284,9857
41,7,20,75,38869,8,70671,28269
42,7,9,91,26084,32,47426,4743
43,7,6,57,10229,15,18599,7440
44,7,13,65,6138,55,11160,2232
45,8,9,100,51144,3647,92990,27897
46,8,19,74,49610,33,90200,45100
47,8,1,47,32221,35,58584,23434
48,8,5,66,39892,18,72531,36266
49,8,7,69,23526,21,42775,17110
50,8,12,25,20458,32,37197,14879
51,8,14,44,21992,53,39986,11996
52,9,10,100,51144,3647,92990,46495
53,9,11,58,17901,67,32548,3255
54,9,16,16,31198,40,56724,5673
55,9,7,47,23015,70,41846,12554
56,9,17,70,30687,18,55795,22318
57,9,20,50,35289,20,64162,6417
58,10,11,100,51144,3647,92990,37196
59,10,14,37,42961,67,78111,7812
60,10,15,48,11252,25,20459,4092
61,11,12,100,51144,3647,92990,27897
62,11,13,91,40915,54,74391,22318
63,11,17,60,41427,49,75322,30129
64,11,8,24,12275,45,22319,4464
65,11,1,28,41938,9,76251,22876
66,12,13,100,51144,3647,92990,9299
67,12,9,37,30175,21,54864,10973
68,12,8,78,48587,34,88340,35336
69,12,4,23,43984,52,79971,39986
70,12,18,51,42961,52,78111,7812
71,13,14,100,51144,3647,92990,46495
72,13,18,22,49098,57,89270,26781
73,13,2,86,11252,42,20459,8184
74,13,16,11,27618,46,50215,10043
75,13,19,81,17389,70,31617,15809
76,13,5,97,39381,51,71602,7161
77,13,12,75,36312,9,66022,6603
78,14,15,100,51144,3647,92990,37196
79,14,5,97,18924,63,34408,13764
80,14,20,77,41427,23,75322,37661
81,14,3,26,20458,41,37197,11160
82,15,16,100,51144,3647,92990,9299
83,15,18,66,36312,33,66022,6603
84,15,13,28,46541,17,84620,25386
85,15,5,44,7672,56,13950,1395
86,16,17,100,51144,3647,92990,27897
87,16,11,98,9718,68,17670,8835
88,16,15,82,46541,38,84620,42310
89,16,8,78,21481,64,39057,11718
90,16,12,10,9206,29,16739,1674
91,16,19,41,31709,30,57653,23062
92,17,18,100,51144,3647,92990,46495
93,17,15,62,42961,21,78111,31245
94,17,7,84,11763,54,21388,2139
95,17,16,51,12275,45,22319,8928
96,17,4,97,24038,15,43706,21853
97,17,13,53,14321,30,26039,7812
98,17,2,70,16878,10,30688,9207
99,17,14,73,9206,16,16739,6696
100,17,8,64,20969,60,38126,3813
101,18,19,100,51144,3647,92990,46495
102,18,5,45,25061,64,45566,9114
103,18,7,72,19946,20,36266,18133
104,18,11,11,29152,71,53004,10601
105,18,12,50,47564,47,86480,8648
106,18,14,94,7161,32,13020,6510
107,19,20,100,51144,3647,92990,9299
108,19,6,56,33755,44,61373,30687
109,19,2,70,32221,66,58584,17576
110,19,4,73,49610,63,90200,18040
111,19,16,59,45518,67,82760,33104
112,19,14,13,18412,19,33477,10044
113,19,10,82,38358,37,69742,20923
114,20,1,100,51144,3647,92990,27897
115,20,8,49,47564,54,86480,17296
116,20,9,85,18412,51,33477,13391
117,20,3,76,44495,45,80900,24270
118,20,18,49,20458,48,37197,18599
119,20,14,73,23015,20,41846,8370
COMMODITIES,100
0,20,1,71,78621.0,210195.0,0.044,11
1,11,3,32,67388.0,208292.0,0.020,5
2,10,4,78,93427.0,231501.0,0.048,12
3,20,11,40,80081.0,179283.0,0.025,6
4,2,3,53,82004.0,207993.0,0.033,8
5,9,14,80,97520.0,205861.0,0.050,12
6,15,14,57,105916.0,226706.0,0.035,9
7,10,20,72,61445.0,225001.0,0.045,11
8,5,10,57,87155.0,231051.0,0.035,9
9,11,20,73,99691.0,258529.0,0.045,12
10,20,10,36,74862.0,249168.0,0.023,6
11,4,17,22,70241.0,227849.0,0.014,4
12,15,16,93,63009.0,192019.0,0.058,14
13,18,20,95,108691.0,234531.0,0.059,14
14,13,5,27,89548.0,204339.0,0.017,5
15,9,18,37,89152.0,221351.0,0.023,6
16,5,8,33,79222.0,198316.0,0.021,6
17,16,18,94,73314.0,198659.0,0.058,14
18,6,5,19,69542.0,144791.0,0.012,4
19,2,19,59,84987.0,157127.0,0.037,9
20,9,13,17,74891.0,163884.0,0.011,4
21,15,5,91,96477.0,157110.0,0.056,14
22,20,5,53,91035.0,196450.0,0.033,8
23,1,13,73,80699.0,200660.0,0.045,12
24,9,17,55,76455.0,164849.0,0.034,8
25,5,7,71,77498.0,174309.0,0.044,11
26,20,17,92,106500.0,235712.0,0.057,14
27,12,11,32,66376.0,201237.0,0.020,5
28,16,17,46,75882.0,202109.0,0.029,7
29,12,7,69,81407.0,209110.0,0.043,11
30,10,12,27,97458.0,189694.0,0.017,5
31,16,12,36,90443.0,146137.0,0.023,6
32,11,1,37,79915.0,183071.0,0.023,6
33,6,14,13,74396.0,184390.0,0.008,3
34,7,3,71,79115.0,148974.0,0.044,11
35,17,19,15,100876.0,205029.0,0.010,3
36,10,14,48,74499.0,194931.0,0.030,7
37,10,3,71,87980.0,218819.0,0.044,11
38,2,9,96,86427.0,182258.0,0.059,14
39,14,18,30,84810.0,234069.0,0.019,5
40,5,1,63,74502.0,148286.0,0.039,9
41,12,13,75,81190.0,220655.0,0.046,12
42,3,6,13,89897.0,208955.0,0.008,3
43,8,11,76,79595.0,200941.0,0.047,12
44,7,1,83,101343.0,225571.0,0.051,13
45,1,3,24,80706.0,185212.0,0.015,4
46,16,1,26,74244.0,203273.0,0.016,5
47,2,14,10,71769.0,156480.0,0.007,3
48,16,13,27,73141.0,203979.0,0.017,5
49,7,14,72,59436.0,182106.0,0.045,11
50,10,19,18,84377.0,264400.0,0.012,4
51,3,1,71,88526.0,253080.0,0.044,11
52,11,7,47,84912.0,178229.0,0.029,7
53,2,12,15,84426.0,195146.0,0.010,3
54,5,17,92,73038.0,194083.0,0.057,14
55,11,13,17,52248.0,164288.0,0.011,4
56,18,7,58,83967.0,167379.0,0.036,9
57,5,16,24,70109.0,176467.0,0.015,4
58,9,6,69,88631.0,206980.0,0.043,11
59,2,8,12,80339.0,175999.0,0.008,3
60,19,7,98,70258.0,216291.0,0.061,15
61,14,6,58,94007.0,241130.0,0.036,9
62,15,13,63,61878.0,169600.0,0.039,9
63,7,13,56,66773.0,113510.0,0.035,8
64,7,5,48,66907.0,142831.0,0.030,7
65,15,7,86,116184.0,237274.0,0.053,13
66,1,20,31,79400.0,236474.0,0.020,5
67,18,17,78,61310.0,208200.0,0.048,12
68,1,6,20,63429.0,228954.0,0.013,4
69,19,15,78,70131.0,199451.0,0.048,12
70,2,6,34,90825.0,201363.0,0.021,6
71,13,1,92,63595.0,230843.0,0.057,14
72,14,5,40,74795.0,159760.0,0.025,6
73,18,1,20,64636.0,195088.0,0.013,4
74,9,12,43,91504.0,205720.0,0.027,7
75,20,7,33,54392.0,161745.0,0.021,6
76,12,5,77,102262.0,274347.0,0.048,12
77,8,17,69,91658.0,242160.0,0.043,11
78,17,7,24,78936.0,138257.0,0.015,4
79,12,19,51,86622.0,243268.0,0.032,8
80,17,1,63,101948.0,242475.0,0.039,9
81,3,14,85,88279.0,216443.0,0.053,13
82,6,4,55,91600.0,246350.0,0.034,8
83,8,4,51,62782.0,177581.0,0.032,8
84,18,8,24,79768.0,194282.0,0.015,4
85,16,3,44,64754.0,224730.0,0.027,7
86,17,5,74,85261.0,167502.0,0.046,12
87,10,17,71,82605.0,220501.0,0.044,11
88,5,6,13,45723.0,165580.0,0.008,3
89,5,13,32,77708.0,178635.0,0.020,5
90,20,12,57,70557.0,211447.0,0.035,9
91,6,18,40,85987.0,201563.0,0.025,6
92,15,2,30,76728.0,207963.0,0.019,5
93,10,18,77,78175.0,209273.0,0.048,12
94,19,1,63,68435.0,221591.0,0.039,9
95,4,7,85,70686.0,208137.0,0.053,13
96,6,2,52,57759.0,204037.0,0.032,8
97,17,6,10,78272.0,146222.0,0.007,3
98,15,6,35,102779.0,246617.0,0.022,6
99,11,16,12,107413.0,239492.0,0.008,3
horizon
