NODES,20
1,1
2,2
3,3
4,4
5,5
6,6
7,7
8,8
9,9
10,10
11,11
12,12
13,13
14,14
15,15
16,16
17,17
18,18
19,19
20,20
ARCS,220
0,1,2,100,109352,10631,198822,19883
1,1,16,38,102791,73,186893,18690
2,1,11,33,79827,120,145140,29028
3,1,19,60,76547,42,139177,13918
4,1,17,11,77640,90,141164,70582
5,1,14,12,84201,86,153093,30619
6,1,7,84,18590,67,33800,6760
7,1,15,14,63425,100,115319,23064
8,1,20,75,51396,117,93448,18690
9,1,5,71,100604,15,182917,73167
10,1,13,55,34993,87,63624,6363
11,1,12,37,26245,126,47719,19088
12,2,3,100,109352,10631,198822,19883
13,2,9,13,91856,129,167011,16702
14,2,11,59,41554,118,75553,15111
15,2,18,96,92950,56,169000,33800
16,2,17,45,106072,104,192859,77144
17,2,12,45,51396,16,93448,9345
18,2,16,18,43741,65,79530,23859
19,2,10,96,86388,82,157070,31414
20,2,8,70,62331,32,113330,45332
21,2,7,23,100604,50,182917,54876
22,3,4,100,109352,10631,198822,99411
23,3,1,31,36087,67,65613,26246
24,3,7,59,42648,88,77542,31017
25,3,15,18,73266,18,133211,26643
26,3,12,56,51396,107,93448,9345
27,3,17,25,21871,19,39766,7954
28,3,20,23,31713,104,57660,23064
29,3,2,12,80921,20,147130,58852
30,3,5,17,48115,70,87482,43741
31,3,9,67,41554,66,75553,7556
32,3,10,72,44835,92,81519,32608
33,3,11,44,75453,29,137188,13719
34,3,13,72,15310,82,27837,2784
35,3,8,10,57957,31,105377,31614
36,4,5,100,109352,10631,198822,99411
37,4,15,45,78734,66,143153,57262
38,4,14,39,43741,118,79530,31812
39,4,3,13,84201,103,153093,61238
40,4,19,42,53583,101,97424,48712
41,4,12,44,60144,80,109353,10936
42,4,18,72,76547,25,139177,69589
43,4,2,43,104978,100,190870,57261
44,4,10,57,73266,97,133211,13322
45,4,16,75,21871,28,39766,15907
46,4,1,89,49209,35,89471,26842
47,4,11,71,86388,48,157070,78535
48,5,6,100,109352,10631,198822,59647
49,5,1,33,96230,100,174964,17497
50,5,2,72,77640,50,141164,42350
51,5,8,10,41554,105,75553,30222
52,5,11,58,102791,74,186893,93447
53,5,7,79,92950,82,169000,16900
54,5,9,75,37180,99,67600,27040
55,5,15,26,72173,105,131224,65612
56,6,7,100,109352,10631,198822,99411
57,6,8,81,48115,50,87482,26245
58,6,18,42,65612,42,119295,23859
59,6,15,18,97324,62,176953,53086
60,6,17,79,103885,35,188882,37777
61,6,3,55,24058,66,43742,4375
62,6,13,31,32806,129,59648,29824
63,6,14,73,97324,73,176953,70782
64,7,8,100,109352,10631,198822,59647
65,7,13,34,85295,57,155082,31017
66,7,16,47,31713,130,57660,23064
67,7,11,80,65612,36,119295,11930
68,7,12,98,42648,15,77542,7755
69,7,18,86,63425,111,115319,23064
70,7,5,29,108259,38,196835,39367
71,7,19,36,44835,21,81519,8152
72,7,3,88,100604,25,182917,91459
73,7,6,34,42648,97,77542,15509
74,7,17,24,12029,61,21871,4375
75,7,15,59,85295,20,155082,31017
76,8,9,100,109352,10631,198822,39765
77,8,15,56,83108,63,151106,75553
78,8,2,69,90763,42,165024,33005
79,8,20,58,36087,104,65613,26246
80,8,16,37,42648,104,77542,31017
81,8,4,19,94043,41,170988,68396
82,8,3,82,106072,41,192859,77144
83,8,11,64,25151,50,45730,9146
84,9,10,100,109352,10631,198822,99411
85,9,6,64,34993,45,63624,12725
86,9,16,62,99511,107,180930,90465
87,9,20,79,89669,40,163035,48911
88,9,19,26,77640,83,141164,56466
89,9,13,29,56863,36,103388,31017
90,9,8,88,10936,107,19884,5966
91,9,2,74,100604,97,182917,18292
92,9,4,91,55770,21,101400,40560
93,9,7,64,99511,109,180930,72372
94,9,5,88,20777,21,37777,11334
95,9,11,16,31713,62,57660,23064
96,9,3,80,59050,42,107364,21473
97,9,14,99,29525,103,53682,10737
98,10,11,100,109352,10631,198822,79529
99,10,4,32,43741,18,79530,15906
100,10,1,35,74360,79,135200,27040
101,10,17,37,76547,36,139177,27836
102,10,16,25,88575,78,161046,16105
103,10,6,36,41554,118,75553,15111
104,10,13,10,59050,14,107364,32210
105,10,15,59,69986,95,127248,63624
106,10,19,88,30619,71,55671,22269
107,10,5,24,103885,121,188882,75553
108,11,12,100,109352,10631,198822,79529
109,11,2,91,68892,113,125259,50104
110,11,9,70,21871,117,39766,3977
111,11,1,82,25151,14,45730,9146
112,11,8,14,56863,71,103388,10339
113,11,13,57,65612,82,119295,35789
114,11,15,61,13123,69,23860,9544
115,11,14,79,52489,63,95435,9544
116,11,7,76,45928,73,83506,16702
117,11,20,15,56863,108,103388,51694
118,12,13,100,109352,10631,198822,99411
119,12,9,60,30619,59,55671,22269
120,12,15,19,57957,78,105377,31614
121,12,10,10,24058,66,43742,8749
122,12,16,41,100604,74,182917,18292
123,12,17,41,86388,53,157070,78535
124,12,7,35,25151,96,45730,13719
125,12,19,58,42648,120,77542,38771
126,12,20,16,78734,91,143153,28631
127,12,2,52,57957,18,105377,42151
128,12,14,88,57957,80,105377,42151
129,13,14,100,109352,10631,198822,19883
130,13,17,56,53583,33,97424,19485
131,13,9,18,55770,25,101400,50700
132,13,5,45,44835,70,81519,40760
133,13,20,29,26245,128,47719,9544
134,13,6,49,79827,25,145140,14514
135,13,16,87,30619,32,55671,16702
136,13,3,26,10936,16,19884,7954
137,13,12,72,50302,92,91459,9146
138,14,15,100,109352,10631,198822,79529
139,14,3,93,26245,76,47719,23860
140,14,20,49,76547,95,139177,41754
141,14,7,90,31713,40,57660,23064
142,14,2,81,89669,38,163035,65214
143,14,9,26,51396,82,93448,37380
144,14,17,83,60144,104,109353,32806
145,14,11,99,45928,101,83506,41753
146,14,18,63,63425,116,115319,57660
147,14,1,25,66705,31,121282,60641
148,14,4,55,28432,101,51695,10339
149,14,16,33,66705,91,121282,48513
150,14,5,77,57957,114,105377,42151
151,14,6,12,15310,97,27837,2784
152,15,16,100,109352,10631,198822,59647
153,15,3,64,16403,32,29824,5965
154,15,10,13,77640,38,141164,42350
155,15,11,97,72173,41,131224,13123
156,15,9,72,47022,107,85495,42748
157,15,20,72,42648,126,77542,7755
158,15,2,72,97324,107,176953,17696
159,15,17,10,75453,33,137188,41157
160,15,7,90,61238,46,111342,55671
161,15,19,72,29525,67,53682,21473
162,16,17,100,109352,10631,198822,59647
163,16,15,39,74360,105,135200,27040
164,16,8,30,48115,94,87482,26245
165,16,19,42,56863,27,103388,41356
166,16,1,18,77640,48,141164,14117
167,16,9,64,29525,53,53682,26841
168,16,3,34,37180,92,67600,27040
169,16,10,43,98417,117,178940,35788
170,16,2,29,31713,120,57660,23064
171,16,6,79,18590,33,33800,10140
172,17,18,100,109352,10631,198822,99411
173,17,9,84,44835,125,81519,16304
174,17,10,78,60144,33,109353,43742
175,17,3,33,51396,105,93448,18690
176,17,12,78,97324,52,176953,17696
177,17,15,72,52489,38,95435,28631
178,17,13,30,61238,53,111342,22269
179,17,7,40,17497,56,31813,15907
180,17,2,54,22964,27,41753,16702
181,17,16,80,76547,91,139177,27836
182,17,1,28,47022,49,85495,25649
183,18,19,100,109352,10631,198822,99411
184,18,9,42,38274,70,69590,13918
185,18,14,86,74360,124,135200,27040
186,18,13,35,84201,103,153093,15310
187,18,16,26,76547,57,139177,55671
188,18,17,45,104978,15,190870,76348
189,18,7,75,77640,82,141164,42350
190,18,12,27,61238,61,111342,55671
191,18,3,41,51396,41,93448,46724
192,18,8,44,17497,79,31813,3182
193,18,20,46,19684,16,35790,3579
194,18,15,81,15310,120,27837,13919
195,18,1,21,50302,44,91459,27438
196,18,10,88,42648,105,77542,23263
197,19,20,100,109352,10631,198822,19883
198,19,9,83,27338,44,49706,9942
199,19,12,96,40461,19,73566,14714
200,19,15,89,72173,35,131224,13123
201,19,4,94,56863,104,103388,20678
202,19,1,76,29525,53,53682,10737
203,19,17,55,86388,28,157070,31414
204,19,16,34,64518,82,117306,46923
205,19,3,71,17497,33,31813,6363
206,19,18,51,53583,80,97424,38970
207,19,6,54,37180,104,67600,33800
208,20,1,100,109352,10631,198822,99411
209,20,19,97,52489,56,95435,28631
210,20,12,48,79827,61,145140,29028
211,20,5,41,64518,83,117306,35192
212,20,4,73,45928,56,83506,41753
213,20,18,70,32806,111,59648,29824
214,20,13,37,22964,45,41753,12526
215,20,14,77,36087,104,65613,26246
216,20,11,98,62331,33,113330,56665
217,20,7,52,48115,78,87482,26245
218,20,8,79,15310,67,27837,13919
219,20,3,52,59050,28,107364,32210
COMMODITIES,200
0,17,15,71,97185.0,224498.0,0.020,7
1,1,6,32,84839.0,225611.0,0.009,4
2,11,18,78,127882.0,314646.0,0.022,7
3,3,12,40,103150.0,219078.0,0.012,4
4,20,7,53,124489.0,232821.0,0.015,5
5,14,9,80,107030.0,226678.0,0.023,7
6,18,10,57,110079.0,217379.0,0.016,6
7,14,18,72,90777.0,236470.0,0.020,7
8,9,1,57,96217.0,230201.0,0.016,6
9,15,18,73,104217.0,274070.0,0.021,7
10,13,16,36,114248.0,199780.0,0.010,4
11,7,9,22,103954.0,235226.0,0.007,3
12,1,16,93,107647.0,221957.0,0.026,9
13,7,2,95,108042.0,201753.0,0.027,9
14,8,4,27,132647.0,308275.0,0.008,3
15,5,7,37,98410.0,293114.0,0.011,4
16,3,19,33,128577.0,291990.0,0.010,4
17,18,6,94,142456.0,300038.0,0.027,9
18,1,5,19,127954.0,293371.0,0.006,3
19,7,18,59,96297.0,243854.0,0.017,6
20,17,2,17,103631.0,166179.0,0.005,3
21,8,16,91,97237.0,207356.0,0.026,9
22,19,17,53,99201.0,197866.0,0.015,5
23,1,18,73,140277.0,317301.0,0.021,7
24,5,9,55,116216.0,213286.0,0.016,5
25,20,2,71,95003.0,267820.0,0.020,7
26,14,17,92,124231.0,233645.0,0.026,9
27,16,20,32,63971.0,220354.0,0.009,4
28,2,1,46,114012.0,263245.0,0.013,5
29,7,14,69,97775.0,284278.0,0.020,6
30,2,16,27,129569.0,231469.0,0.008,3
31,2,6,36,109907.0,254638.0,0.010,4
32,12,4,37,125506.0,273473.0,0.011,4
33,14,11,13,126383.0,241147.0,0.004,2
34,4,12,71,93270.0,230240.0,0.020,7
35,6,20,15,101162.0,227440.0,0.005,3
36,12,8,48,88782.0,194098.0,0.014,5
37,15,6,71,102584.0,256863.0,0.020,7
38,12,9,96,121126.0,213340.0,0.027,9
39,19,1,30,146240.0,224144.0,0.009,4
40,11,20,63,113581.0,238258.0,0.018,6
41,13,4,75,109205.0,260282.0,0.021,7
42,9,20,13,112644.0,221955.0,0.004,2
43,17,18,76,131342.0,297715.0,0.022,7
44,6,4,83,91220.0,299551.0,0.024,7
45,5,13,24,96112.0,300346.0,0.007,3
46,7,16,26,98353.0,185353.0,0.008,3
47,10,9,10,117663.0,246979.0,0.003,2
48,3,17,27,104409.0,170038.0,0.008,3
49,2,4,72,127266.0,371117.0,0.020,7
50,6,19,18,96545.0,307783.0,0.005,3
51,17,19,71,110797.0,255455.0,0.020,7
52,12,2,47,76513.0,218516.0,0.014,5
53,4,16,15,99800.0,163220.0,0.005,3
54,9,3,92,81042.0,211943.0,0.026,9
55,13,19,17,109937.0,283922.0,0.005,3
56,12,18,58,109997.0,305136.0,0.017,6
57,9,13,24,82399.0,203872.0,0.007,3
58,5,6,69,84497.0,243197.0,0.020,6
59,11,1,12,75192.0,141905.0,0.004,2
60,18,14,98,100459.0,221778.0,0.028,9
61,17,8,58,80709.0,213799.0,0.017,6
62,1,4,63,91016.0,284953.0,0.018,6
63,9,15,56,112235.0,222353.0,0.016,5
64,18,7,48,92991.0,244679.0,0.014,5
65,10,12,86,126641.0,286442.0,0.024,9
66,2,20,31,146462.0,347338.0,0.009,4
67,14,5,78,136048.0,263985.0,0.022,7
68,5,2,20,103606.0,274649.0,0.006,3
69,13,18,78,107735.0,245622.0,0.022,7
70,7,5,34,103887.0,275184.0,0.010,4
71,20,13,92,110912.0,175038.0,0.026,9
72,13,15,40,114147.0,274893.0,0.012,4
73,3,18,20,71666.0,222260.0,0.006,3
74,2,3,43,113430.0,272746.0,0.012,5
75,15,13,33,93089.0,177555.0,0.010,4
76,16,6,77,122068.0,191692.0,0.022,7
77,12,7,69,156426.0,225248.0,0.020,6
78,6,8,24,121306.0,234174.0,0.007,3
79,12,15,51,108398.0,244440.0,0.015,5
80,16,4,63,126343.0,300507.0,0.018,6
81,13,8,85,84513.0,177582.0,0.024,9
82,16,9,55,146936.0,229816.0,0.016,5
83,8,6,51,89675.0,230821.0,0.015,5
84,20,14,24,93317.0,190139.0,0.007,3
85,4,15,44,79204.0,245856.0,0.013,5
86,9,7,74,91366.0,229901.0,0.021,7
87,12,14,71,143760.0,276956.0,0.020,7
88,17,1,13,116411.0,229416.0,0.004,2
89,5,15,32,105524.0,262211.0,0.009,4
90,18,9,57,122764.0,224690.0,0.016,6
91,10,18,40,113629.0,296454.0,0.012,4
92,7,8,30,122510.0,269441.0,0.009,4
93,6,14,77,103158.0,296711.0,0.022,7
94,8,13,63,105723.0,237215.0,0.018,6
95,17,4,85,122056.0,335904.0,0.024,9
96,3,4,52,103575.0,264773.0,0.015,5
97,2,8,10,105548.0,251692.0,0.003,2
98,5,20,35,119772.0,289909.0,0.010,4
99,2,9,12,107503.0,252923.0,0.004,2
100,6,16,45,79284.0,219084.0,0.013,5
101,14,1,94,101004.0,254600.0,0.027,9
102,16,12,97,121509.0,300777.0,0.027,9
103,15,17,46,88738.0,185606.0,0.013,5
104,12,6,74,99938.0,243074.0,0.021,7
105,17,12,78,140798.0,282775.0,0.022,7
106,3,20,47,119403.0,200689.0,0.014,5
107,2,7,28,92636.0,252558.0,0.008,3
108,3,11,93,123723.0,282949.0,0.026,9
109,2,18,15,103978.0,303019.0,0.005,3
110,14,10,59,126379.0,286345.0,0.017,6
111,15,7,94,110947.0,236401.0,0.027,9
112,16,5,51,115968.0,232174.0,0.015,5
113,6,2,36,125419.0,281760.0,0.010,4
114,13,2,41,123629.0,252171.0,0.012,4
115,15,19,18,104070.0,184148.0,0.005,3
116,16,10,44,110772.0,286901.0,0.013,5
117,14,3,16,110688.0,184435.0,0.005,3
118,9,18,33,139033.0,319128.0,0.010,4
119,10,3,87,83182.0,195476.0,0.025,9
120,1,19,19,115777.0,258142.0,0.006,3
121,18,1,47,123001.0,239471.0,0.014,5
122,16,17,65,110889.0,247848.0,0.019,6
123,17,13,86,94160.0,227616.0,0.024,9
124,14,19,47,92783.0,265347.0,0.014,5
125,18,3,35,125545.0,208404.0,0.010,4
126,10,13,69,108459.0,250149.0,0.020,6
127,20,8,88,78414.0,140205.0,0.025,9
128,17,14,60,122734.0,290673.0,0.017,6
129,13,7,38,101671.0,223599.0,0.011,4
130,14,16,60,85362.0,202330.0,0.017,6
131,4,20,31,105345.0,290688.0,0.009,4
132,11,4,82,95280.0,265175.0,0.023,7
133,10,6,48,129701.0,233249.0,0.014,5
134,1,12,11,115060.0,190014.0,0.004,2
135,19,16,98,114595.0,260505.0,0.028,9
136,13,3,41,142040.0,189302.0,0.012,4
137,19,9,29,88049.0,168750.0,0.009,4
138,4,14,54,85582.0,190599.0,0.015,5
139,7,1,67,120647.0,252510.0,0.019,6
140,20,12,87,103885.0,264238.0,0.025,9
141,9,11,61,94934.0,182447.0,0.017,6
142,12,16,87,99108.0,237770.0,0.025,9
143,11,16,33,84333.0,248896.0,0.010,4
144,1,20,92,107589.0,234109.0,0.026,9
145,19,6,46,101966.0,201652.0,0.013,5
146,3,7,78,106900.0,201526.0,0.022,7
147,12,20,78,94788.0,262423.0,0.022,7
148,3,8,81,130044.0,239537.0,0.023,7
149,8,18,50,76994.0,226909.0,0.014,5
150,9,5,63,99376.0,170048.0,0.018,6
151,1,14,96,95937.0,278152.0,0.027,9
152,5,16,66,105501.0,282159.0,0.019,6
153,2,13,59,107732.0,294901.0,0.017,6
154,7,3,38,124626.0,262559.0,0.011,4
155,11,8,72,128666.0,214095.0,0.020,7
156,15,10,80,97963.0,241999.0,0.023,7
157,15,9,32,135876.0,245220.0,0.009,4
158,5,17,58,86739.0,296851.0,0.017,6
159,8,20,81,95676.0,186014.0,0.023,7
160,15,20,66,80228.0,183143.0,0.019,6
161,7,4,62,111631.0,328561.0,0.018,6
162,1,17,73,124430.0,208915.0,0.021,7
163,5,3,37,91768.0,282339.0,0.011,4
164,5,11,93,148794.0,289275.0,0.026,9
165,15,14,97,100918.0,270634.0,0.027,9
166,12,13,34,106834.0,274810.0,0.010,4
167,5,10,11,122961.0,391232.0,0.004,2
168,10,16,39,130075.0,273532.0,0.011,4
169,10,19,87,109170.0,187690.0,0.025,9
170,4,19,35,133936.0,257544.0,0.010,4
171,1,13,13,139711.0,223517.0,0.004,2
172,18,20,14,94895.0,159246.0,0.004,2
173,14,12,77,124354.0,286962.0,0.022,7
174,8,1,38,108006.0,228015.0,0.011,4
175,16,19,29,158588.0,286244.0,0.009,4
176,20,10,71,127420.0,292238.0,0.020,7
177,12,10,67,134932.0,203457.0,0.019,6
178,19,4,74,106110.0,238177.0,0.021,7
179,19,18,60,95830.0,218637.0,0.017,6
180,11,17,78,104943.0,218517.0,0.022,7
181,13,10,47,112145.0,234507.0,0.014,5
182,11,10,31,116080.0,277831.0,0.009,4
183,12,11,10,121034.0,263281.0,0.003,2
184,8,9,24,113871.0,225389.0,0.007,3
185,13,6,46,99359.0,218381.0,0.013,5
186,20,18,76,69916.0,155119.0,0.022,7
187,9,19,80,110353.0,273529.0,0.023,7
188,1,2,19,98793.0,224113.0,0.006,3
189,19,8,14,82033.0,175996.0,0.004,2
190,4,18,66,113248.0,276962.0,0.019,6
191,15,2,92,134099.0,278531.0,0.026,9
192,11,6,15,119580.0,248408.0,0.005,3
193,12,1,80,123296.0,277364.0,0.023,7
194,18,17,97,140122.0,259738.0,0.027,9
195,15,12,28,116861.0,267995.0,0.008,3
196,4,5,51,95622.0,252206.0,0.015,5
197,6,7,26,91751.0,226996.0,0.008,3
198,1,11,12,108543.0,280908.0,0.004,2
199,19,2,18,80717.0,220971.0,0.005,3
horizon
