NODES,20
1,1
2,2
3,3
4,4
5,5
6,6
7,7
8,8
9,9
10,10
11,11
12,12
13,13
14,14
15,15
16,16
17,17
18,18
19,19
20,20
ARCS,120
0,1,2,100,2053,1435,3733,374
1,1,19,79,862,52,1568,314
2,1,17,21,1560,47,2837,284
3,1,7,18,1068,32,1942,777
4,1,18,65,1806,25,3284,986
5,1,4,56,247,8,450,135
6,1,15,62,1847,26,3359,1680
7,1,20,27,1416,41,2575,258
8,1,8,18,1293,57,2351,941
9,1,3,52,431,53,784,157
10,1,11,69,944,14,1717,859
11,1,10,72,1930,53,3510,1755
12,2,3,100,2053,1435,3733,1120
13,2,10,90,2032,41,3695,1848
14,2,6,38,1704,53,3099,310
15,2,9,49,1806,21,3284,1314
16,2,7,24,1950,55,3546,1773
17,2,1,14,1293,62,2351,706
18,2,17,70,1991,38,3620,724
19,3,4,100,2053,1435,3733,747
20,3,9,38,2032,51,3695,1478
21,3,14,22,924,41,1680,504
22,3,18,73,1334,17,2426,728
23,3,11,57,370,21,673,202
24,4,5,100,2053,1435,3733,1867
25,4,10,41,1991,65,3620,1810
26,4,2,44,1642,36,2986,598
27,4,18,26,1068,49,1942,583
28,4,15,44,1355,55,2464,493
29,4,11,20,657,59,1195,598
30,5,6,100,2053,1435,3733,1867
31,5,9,20,329,8,599,300
32,5,13,34,1006,59,1830,915
33,5,3,28,883,49,1606,161
34,5,16,80,247,60,450,180
35,6,7,100,2053,1435,3733,1867
36,6,13,64,678,32,1233,247
37,6,11,90,1724,66,3135,627
38,6,8,23,637,8,1159,116
39,6,14,88,267,45,486,146
40,6,15,19,247,58,450,135
41,7,8,100,2053,1435,3733,1120
42,7,3,77,1683,20,3060,1224
43,7,13,36,1991,46,3620,1448
44,7,19,32,1088,24,1979,594
45,7,9,22,986,15,1793,897
46,7,18,27,596,18,1084,542
47,8,9,100,2053,1435,3733,1494
48,8,5,77,1499,20,2726,546
49,8,7,61,1416,53,2575,1030
50,8,6,33,1478,12,2688,1344
51,8,10,18,1745,49,3173,952
52,8,17,50,1847,48,3359,1008
53,9,10,100,2053,1435,3733,1120
54,9,6,60,1416,59,2575,1288
55,9,4,99,1355,22,2464,740
56,9,16,95,1191,13,2166,867
57,9,17,45,349,25,635,64
58,9,8,96,1909,63,3471,348
59,9,13,70,1334,9,2426,1213
60,10,11,100,2053,1435,3733,374
61,10,16,44,1745,48,3173,635
62,10,12,14,1088,44,1979,990
63,11,12,100,2053,1435,3733,1120
64,11,20,38,1293,53,2351,706
65,11,15,68,1499,12,2726,818
66,11,7,54,1150,59,2091,210
67,12,13,100,2053,1435,3733,1120
68,12,15,83,267,51,486,146
69,12,20,63,308,54,560,280
70,12,18,50,1581,47,2875,288
71,12,10,70,1642,17,2986,1195
72,12,17,68,1745,30,3173,952
73,12,3,88,842,33,1531,766
74,12,4,16,329,14,599,180
75,13,14,100,2053,1435,3733,374
76,13,19,14,1724,55,3135,627
77,13,16,78,1930,60,3510,351
78,13,20,20,637,54,1159,464
79,14,15,100,2053,1435,3733,374
80,14,10,28,780,49,1419,426
81,14,5,19,390,64,710,71
82,14,4,79,1642,63,2986,896
83,14,20,45,1478,8,2688,1344
84,14,16,82,1170,43,2128,213
85,14,3,34,370,28,673,337
86,15,16,100,2053,1435,3733,1494
87,15,17,33,596,41,1084,542
88,15,14,95,1765,12,3210,642
89,15,12,93,329,66,599,60
90,15,2,52,1868,55,3397,680
91,15,4,64,1355,16,2464,247
92,16,17,100,2053,1435,3733,374
93,16,5,41,1170,32,2128,213
94,16,9,96,1191,54,2166,650
95,16,6,82,1170,24,2128,213
96,16,11,94,1150,65,2091,1046
97,16,19,74,1868,16,3397,1020
98,16,1,64,1088,53,1979,990
99,16,7,11,1868,13,3397,340
100,16,14,40,1109,14,2017,606
101,17,18,100,2053,1435,3733,1120
102,17,5,10,1170,42,2128,213
103,17,14,93,1971,41,3584,1076
104,17,12,85,329,59,599,180
105,18,19,100,2053,1435,3733,374
106,18,4,91,1252,49,2277,456
107,18,7,11,616,18,1120,224
108,18,1,22,555,66,1010,202
109,18,20,80,1868,44,3397,340
110,19,20,100,2053,1435,3733,747
111,19,12,51,719,63,1308,393
112,19,1,51,986,26,1793,538
113,19,16,46,1047,36,1904,572
114,19,5,40,862,20,1568,628
115,20,1,100,2053,1435,3733,747
116,20,19,65,1601,53,2911,1165
117,20,18,29,1458,36,2651,1326
118,20,11,21,1827,43,3322,1329
119,20,6,48,719,20,1308,654
COMMODITIES,40
0,4,17,71,812,5635,0.514,28
1,19,12,32,452,3594,0.232,13
2,10,4,78,973,5040,0.565,31
3,9,14,40,1075,5465,0.290,16
4,7,5,53,265,5086,0.384,22
5,16,7,80,1402,5856,0.579,32
6,7,12,57,1418,5862,0.413,23
7,4,5,72,871,5995,0.521,29
8,14,7,57,1550,6615,0.413,23
9,4,13,73,566,7777,0.528,30
10,20,1,36,588,5924,0.261,15
11,1,17,22,1229,5519,0.160,10
12,9,1,93,986,6688,0.673,37
13,14,3,95,701,2745,0.688,38
14,20,18,27,541,4470,0.196,12
15,14,20,37,36,4240,0.268,15
16,16,8,33,442,4614,0.239,14
17,20,10,94,0,4525,0.680,38
18,8,13,19,494,5977,0.138,9
19,3,5,59,556,3975,0.427,24
20,17,4,17,831,3004,0.123,8
21,15,7,91,523,6553,0.659,37
22,18,14,53,524,5060,0.384,22
23,15,10,73,315,5361,0.528,30
24,18,4,55,810,3832,0.398,23
25,9,16,71,1169,5194,0.514,28
26,2,9,92,1029,5875,0.666,37
27,12,20,32,995,3234,0.232,13
28,6,14,46,1536,3555,0.333,19
29,16,1,69,1325,4117,0.500,28
30,1,4,27,295,2061,0.196,12
31,9,17,36,542,2497,0.261,15
32,19,1,37,1647,4711,0.268,15
33,11,15,13,785,5157,0.095,6
34,1,16,71,504,5140,0.514,28
35,20,7,15,335,5421,0.109,7
36,8,17,48,828,5718,0.348,20
37,17,8,71,1230,5943,0.514,28
38,13,3,96,1270,6466,0.695,39
39,17,18,30,642,5394,0.217,12
